188.706	1040.67
191.305	1092.44
193.902	1055.11
196.499	966.889
199.096	842.667
201.69	710.222
204.284	600
206.877	523.778
209.47	454
212.062	409.333
214.652	377.111
217.242	345.556
219.83	326.444
222.419	296.667
225.005	281.111
227.592	264.667
230.177	256
232.762	236.222
235.345	229.111
237.928	223.111
240.509	207.111
243.09	201.333
245.671	193.778
248.249	187.778
250.829	188.444
253.405	189.333
255.983	185.556
258.558	178.667
261.132	174.444
263.707	182.444
266.28	180.444
268.852	192.667
271.424	206.889
273.994	230.444
276.564	264.444
279.133	318.222
281.701	354.889
284.268	344.222
286.835	305.333
289.4	252.444
291.964	209.333
294.527	181.333
297.091	166.444
299.653	161.556
302.214	152.222
304.774	146
307.334	139.111
309.892	135.778
312.45	134.889
315.006	132.222
317.562	127.778
320.118	127.778
322.672	129.111
325.225	122.889
327.778	118.222
330.329	119.556
332.88	119.556
335.43	122
337.978	117.333
340.528	117.333
343.075	116.444
345.622	112.444
348.167	116.889
350.712	114.889
353.256	118.222
355.799	117.111
358.341	116.889
360.883	123.111
363.423	123.556
365.963	125.556
368.502	124.222
371.04	136.222
373.577	142.667
376.114	144.667
378.649	146.444
381.184	155.556
383.718	156.222
386.251	163.111
388.783	159.556
391.314	166
393.844	176.889
396.373	186
398.902	200.889
401.43	228.444
403.957	275.556
406.484	342
409.009	430.222
411.534	609.333
414.057	891.778
416.58	986.667
419.102	734.889
421.624	465.556
424.144	298.444
426.663	217.111
429.181	173.778
431.7	150.667
434.217	136.444
436.732	130.444
439.248	126
441.763	120.222
444.277	115.778
446.788	114
449.301	115.556
451.812	110.667
454.322	111.556
456.831	107.333
459.341	107.778
461.847	112
464.355	112.667
466.861	117.333
469.366	114
471.871	114
474.374	101.333
476.877	97.3333
479.378	96.2222
481.88	91.5556
484.381	96.6667
486.879	87.1111
489.379	93.3333
491.876	92
494.373	90.6667
496.869	88
499.365	86.8889
501.858	87.5556
504.353	83.5556
506.845	86.2222
509.338	88.8889
511.828	82.8889
514.319	86.8889
516.808	88.8889
519.296	85.5556
521.785	83.3333
524.272	85.5556
526.759	88.4444
529.244	85.5556
531.728	86
534.212	85.7778
536.695	87.7778
539.178	85.3333
541.659	85.7778
544.139	84.4445
546.619	85.5556
549.098	83.3333
551.575	85.5556
554.052	87.7778
556.529	84
559.005	80.8889
561.479	88.8889
563.953	83.5556
566.427	88.4444
568.899	86.4445
571.37	90.4445
573.84	84.8889
576.311	92.4444
578.78	84
581.248	90.6667
583.715	94.2222
586.181	97.3333
588.647	99.7778
591.113	101.333
593.577	106.444
596.04	121.111
598.503	138
600.964	176.444
603.425	223.556
605.885	253.556
608.344	255.556
610.803	251.333
613.26	270.444
615.718	372.667
618.174	474.444
620.63	404.889
623.084	267.556
625.538	187.333
627.99	152
630.443	138.222
632.894	136.444
635.344	140.889
637.792	136.222
640.241	147.333
642.689	155.333
645.137	173.111
647.583	213.111
650.029	284.222
652.474	407.556
654.918	477.556
657.361	392.444
659.804	273.111
662.246	199.333
664.685	153.333
667.125	142.667
669.565	130.222
672.003	126.667
674.441	123.111
676.877	126
679.313	129.333
681.749	129.333
684.183	132.667
686.617	138.444
689.049	150.444
691.481	172
693.913	224.667
696.342	376.222
698.772	704.667
701.201	907.333
703.63	670.222
706.056	398.444
708.483	252
710.909	191.111
713.333	151.778
715.758	130.889
718.18	122
720.603	114.444
723.025	110.222
725.445	114
727.866	116.889
730.284	118.889
732.703	124.889
735.122	138.444
737.538	138.222
739.955	144
742.369	147.111
744.784	140.889
747.197	132.667
749.611	131.333
752.023	122.222
754.435	115.333
756.845	110.889
759.255	105.111
761.664	100.889
764.071	96.6667
766.48	98.8889
768.886	92.8889
771.292	97.7778
773.697	94
776.102	92.2222
778.505	94
780.907	91.3333
783.31	94.2222
785.711	91.1111
788.111	88.4444
790.511	88.6667
792.91	92
795.308	95.7778
797.706	97.3333
800.102	97.5556
802.497	100.889
804.892	102.667
807.287	106.667
809.68	105.111
812.072	109.111
814.464	103.333
816.855	107.333
819.246	106.222
821.635	100.444
824.024	102.222
826.412	104.667
828.799	102
831.186	103.333
833.572	108.444
835.956	113.111
838.34	116.889
840.723	122.889
843.106	116.444
845.487	117.111
847.868	106.222
850.248	106.222
852.628	105.333
855.006	102.444
857.384	105.333
859.761	107.778
862.138	109.778
864.513	113.778
866.888	118.889
869.262	125.556
871.636	124.222
874.008	128
876.38	148.444
878.751	153.556
881.121	163.111
883.491	172.889
885.86	187.333
888.228	186.222
890.595	185.111
892.962	188.222
895.327	205.556
897.691	217.333
900.055	229.333
902.419	232.444
904.782	240.222
907.144	247.333
909.505	265.556
911.864	283.333
914.224	294.222
916.583	307.556
918.941	319.778
921.298	322.667
923.654	306.889
926.01	290.889
928.366	270
930.719	258.889
933.073	247.556
935.426	251.778
937.777	240
940.129	240
942.479	237.333
944.828	223.556
947.178	219.556
949.526	210.444
951.873	211.556
954.22	205.556
956.565	202
958.911	205.111
961.254	211.778
963.598	210.667
965.942	215.111
968.283	210.444
970.625	220.444
972.965	235.111
975.305	252.444
977.644	319.778
979.983	432.667
982.32	472.667
984.657	515.333
986.993	738.222
989.327	1836.44
991.663	4243.11
993.996	4814.22
996.33	3708.89
998.662	3551.33
1000.99	5387.78
1003.32	5285.11
1005.65	2749.11
1007.98	1006
1010.31	474.889
1012.64	358.889
1014.97	355.556
1017.29	375.111
1019.62	423.778
1021.94	614.889
1024.27	1202
1026.59	1965.11
1028.91	2700.67
1031.24	4375.78
1033.56	4240.67
1035.88	2258.67
1038.2	859.778
1040.51	399.333
1042.83	275.333
1045.15	226
1047.47	205.556
1049.78	189.556
1052.1	197.778
1054.41	189.778
1056.73	181.556
1059.04	174.444
1061.35	183.778
1063.66	194.889
1065.97	224.222
1068.28	265.333
1070.59	298.222
1072.9	282.444
1075.21	256.889
1077.52	227.111
1079.82	219.111
1082.13	228
1084.43	257.556
1086.74	334.222
1089.04	440.222
1091.34	638
1093.65	809.333
1095.95	798.667
1098.25	613.778
1100.55	449.333
1102.85	326.222
1105.14	283.556
1107.44	255.111
1109.74	256.222
1112.03	279.556
1114.33	330
1116.62	415.556
1118.92	526.889
1121.21	555.111
1123.5	456.222
1125.79	330.889
1128.09	237.778
1130.38	193.111
1132.67	176.222
1134.95	170
1137.24	167.111
1139.53	175.556
1141.82	192.222
1144.1	217.778
1146.39	257.556
1148.67	288.667
1150.95	308
1153.24	325.333
1155.52	371.111
1157.8	402
1160.08	390
1162.36	331.333
1164.64	272.667
1166.92	223.333
1169.2	197.333
1171.47	184.889
1173.75	176.222
1176.03	184
1178.3	212
1180.58	251.556
1182.85	289.111
1185.12	277.111
1187.39	238.222
1189.66	190.889
1191.94	165.778
1194.21	152
1196.48	149.556
1198.74	149.333
1201.01	161.333
1203.28	165.556
1205.54	182
1207.81	205.333
1210.07	242.222
1212.34	307.111
1214.6	394.444
1216.86	521.556
1219.13	545.778
1221.39	470.222
1223.65	384.889
1225.91	313.333
1228.17	286.444
1230.43	259.333
1232.68	217.778
1234.94	186.222
1237.2	157.556
1239.45	150
1241.71	139.778
1243.96	132.889
1246.22	122.667
1248.47	128.889
1250.72	119.333
1252.97	118
1255.22	120.667
1257.47	118.667
1259.72	120.889
1261.97	121.333
1264.22	124.444
1266.46	130.444
1268.71	138.444
1270.95	144.444
1273.2	146.889
1275.44	147.778
1277.69	133.111
1279.93	120.889
1282.17	114.667
1284.41	113.778
1286.65	112
1288.89	104.889
1291.13	106.667
1293.37	105.778
1295.61	105.333
1297.85	102
1300.08	108.889
1302.32	104
1304.55	107.778
1306.79	106.444
1309.02	111.111
1311.26	108.667
1313.49	110
1315.72	109.333
1317.95	110.444
1320.18	112.889
1322.41	116.444
1324.64	117.111
1326.86	128
1329.09	133.111
1331.32	142.222
1333.55	137.111
1335.77	131.556
1337.99	119.556
1340.22	110.444
1342.44	109.556
1344.66	110.444
1346.89	105.111
1349.11	109.111
1351.33	113.111
1353.55	114.222
1355.77	116.222
1357.98	119.333
1360.2	117.333
1362.42	114.444
1364.63	111.556
1366.85	112.444
1369.06	111.111
1371.28	112.444
1373.49	116.667
1375.7	120.667
1377.92	120
1380.13	124.889
1382.34	125.333
1384.55	120.889
1386.76	118.889
1388.97	113.556
1391.17	114.889
1393.38	110
1395.59	109.556
1397.79	117.556
1400	111.778
1402.2	111.556
1404.41	115.778
1406.61	113.556
1408.81	116.889
1411.01	113.111
1413.21	112
1415.41	110.444
1417.61	115.778
1419.81	110.667
1422.01	108.667
1424.21	106.889
1426.4	111.333
1428.6	107.556
1430.8	112.667
1432.99	113.333
1435.18	120.222
1437.38	132.222
1439.57	135.111
1441.76	150.889
1443.95	158.667
1446.14	152.222
1448.33	136.444
1450.52	122
1452.71	118.222
1454.9	110
1457.09	115.556
1459.27	110
1461.46	115.111
1463.64	112
1465.83	112.444
1468.01	116.444
1470.2	117.778
1472.38	118.889
1474.56	126.889
1476.74	136.889
1478.92	156.444
1481.1	196.222
1483.28	224.889
1485.46	205.111
1487.64	161.111
1489.81	138.889
1491.99	132.222
1494.16	123.333
1496.34	126.444
1498.51	122.444
1500.69	118.667
1502.86	118.667
1505.03	120.444
1507.21	114.444
1509.38	114.222
1511.55	116.222
1513.72	113.111
1515.89	115.111
1518.05	117.778
1520.22	114.667
1522.39	119.778
1524.55	112.667
1526.72	122.444
1528.88	115.778
1531.05	125.111
1533.21	127.778
1535.37	128.444
1537.54	134.222
1539.7	143.111
1541.86	147.778
1544.02	154.222
1546.18	163.333
1548.34	163.556
1550.5	175.556
1552.65	178
1554.81	194
1556.97	197.556
1559.12	213.556
1561.28	229.333
1563.43	257.333
1565.58	298.444
1567.74	356.667
1569.89	433.333
1572.04	564
1574.19	713.556
1576.34	776.222
1578.49	799.778
1580.64	923.556
1582.79	1141.11
1584.94	1326.44
1587.08	1270.44
1589.23	1029.56
1591.37	781.111
1593.52	588.889
1595.66	500.222
1597.81	466.667
1599.95	422
1602.09	364.667
1604.23	317.556
1606.37	274.889
1608.51	243.778
1610.65	227.778
1612.79	209.778
1614.93	193.111
1617.07	178.667
1619.21	174.444
1621.34	163.556
1623.48	153.778
1625.61	145.333
1627.75	143.778
1629.88	142.222
1632.01	139.778
1634.15	135.778
1636.28	133.111
1638.41	131.778
1640.54	130.444
1642.67	131.556
1644.8	125.111
1646.93	132
1649.05	126.444
1651.18	125.778
1653.31	122.222
1655.43	119.111
1657.56	122.222
1659.68	117.111
1661.81	117.778
1663.93	117.556
1666.05	119.778
1668.17	122.667
1670.3	120.222
1672.42	117.556
1674.54	122
1676.66	115.111
1678.77	118.222
1680.89	118.222
1683.01	112.667
1685.13	114
1687.24	114.444
1689.36	112.667
1691.47	112.222
1693.59	111.778
1695.7	107.333
1697.81	116.444
1699.92	118.444
1702.04	114.667
1704.15	116.222
1706.26	116
1708.37	110.444
1710.47	109.333
1712.58	106.444
1714.69	111.333
1716.8	112.222
1718.9	112.889
1721.01	111.556
1723.11	108
1725.22	106.222
1727.32	107.778
1729.42	111.111
1731.53	114
1733.63	105.556
1735.73	104.667
1737.83	111.333
1739.93	105.778
1742.03	104.667
1744.13	108.889
1746.23	110.222
1748.32	108
1750.42	109.111
1752.52	113.333
1754.61	108.889
1756.71	109.333
1758.8	113.556
1760.89	113.333
1762.99	112.222
1765.08	115.333
1767.17	114
1769.26	110.667
1771.35	110.222
1773.44	116.222
1775.53	113.333
1777.62	118.222
1779.71	116.889
1781.79	116.444
1783.88	114.889
1785.96	115.778
1788.05	113.778
1790.13	114.889
1792.22	118.667
1794.3	119.333
1796.38	112.222
1798.47	115.778
1800.55	112.222
1802.63	114.222
1804.71	120
1806.79	117.333
1808.87	111.111
1810.95	117.333
1813.02	115.556
1815.1	119.778
1817.18	117.778
1819.25	120.222
1821.33	121.778
1823.4	121.111
1825.47	116.444
1827.55	121.333
1829.62	112.222
1831.69	117.333
1833.76	108.889
1835.83	113.333
1837.9	108.444
1839.97	111.556
1842.04	114
1844.11	111.333
1846.18	115.556
1848.24	112.444
1850.31	112.667
1852.38	114.222
1854.44	112.444
1856.51	112.222
1858.57	111.333
1860.63	115.556
1862.69	109.556
1864.76	110.667
1866.82	112.667
1868.88	116.889
1870.94	114.222
1873	116
1875.06	118.889
1877.11	117.333
1879.17	119.111
1881.23	119.556
1883.28	115.556
1885.34	113.778
1887.4	119.778
1889.45	117.111
1891.5	116.667
1893.56	114.222
1895.61	116.667
1897.66	114.444
1899.71	113.556
1901.76	117.111
1903.81	117.333
1905.86	120.444
1907.91	120
1909.96	122.667
1912.01	119.778
1914.05	122.444
1916.1	125.111
1918.15	125.111
1920.19	123.111
1922.23	119.778
1924.28	119.111
1926.32	117.556
1928.36	120.667
1930.41	120.222
1932.45	121.333
1934.49	121.111
1936.53	120.444
1938.57	116.444
1940.61	120.222
1942.64	119.333
1944.68	122.444
1946.72	123.333
1948.76	125.111
1950.79	119.556
1952.83	117.333
1954.86	120
1956.89	125.778
1958.93	124
1960.96	124.444
1962.99	122.444
1965.03	124
1967.06	120.222
1969.09	122.667
1971.12	118.667
1973.14	124
1975.17	117.111
1977.2	117.333
1979.23	120.889
1981.25	118
1983.28	122
1985.31	117.333
1987.33	116.444
1989.36	118.444
1991.38	119.333
1993.4	127.556
1995.42	118.444
1997.45	116.889
1999.47	115.333
2001.49	118.667
2003.51	122.222
2005.53	120.444
2007.55	114.444
2009.56	121.556
2011.58	117.556
2013.6	123.556
2015.61	119.111
2017.63	117.778
2019.65	121.556
2021.66	118.889
2023.67	126.222
2025.69	123.111
2027.7	121.556
2029.71	118.222
2031.72	117.111
2033.73	118.667
2035.74	117.778
2037.75	116.667
2039.76	117.778
2041.77	115.333
2043.78	120
2045.79	118.667
2047.79	118.222
2049.8	121.111
2051.8	118.889
2053.81	118
2055.81	118
2057.82	118.667
2059.82	115.778
2061.82	116.444
2063.82	115.111
2065.83	119.778
2067.83	123.333
2069.83	118
2071.83	124.444
2073.82	119.333
2075.82	120.667
2077.82	117.556
2079.82	120.222
2081.81	116.444
2083.81	116.667
2085.8	117.556
2087.8	117.778
2089.79	123.111
2091.79	119.333
2093.78	120.444
2095.77	117.333
2097.76	117.111
2099.76	118.667
2101.75	115.333
2103.74	121.556
2105.72	118.667
2107.71	118.444
2109.7	122.889
2111.69	118.444
2113.68	122.667
2115.66	117.778
2117.65	121.333
2119.63	122.222
2121.62	126.667
2123.6	124.889
2125.59	119.778
2127.57	120.222
2129.55	122.444
2131.53	120
2133.51	123.111
2135.49	123.778
2137.47	122.222
2139.45	123.333
2141.43	120
2143.41	124.444
2145.39	121.111
2147.36	124.222
2149.34	120.667
2151.32	124.667
2153.29	127.111
2155.27	122.444
2157.24	123.111
2159.21	123.556
2161.19	126
2163.16	118.222
2165.13	122.222
2167.1	122.667
2169.07	126.444
2171.04	125.778
2173.01	128.222
2174.98	128.444
2176.95	130.667
2178.92	132.667
2180.88	129.556
2182.85	128.667
2184.81	134.222
2186.78	130.444
2188.74	131.333
2190.71	133.111
2192.67	131.333
2194.63	128.667
2196.6	133.778
2198.56	132.889
2200.52	134
2202.48	132.444
2204.44	129.111
2206.4	135.111
2208.36	131.778
2210.32	133.778
2212.28	133.556
2214.23	130.444
2216.19	126.889
2218.14	136.444
2220.1	135.556
2222.05	131.556
2224.01	133.333
2225.96	138
2227.91	134.889
2229.87	129.778
2231.82	136.667
2233.77	138
2235.72	132.889
2237.67	132
2239.62	135.333
2241.57	135.778
2243.52	136.667
2245.47	131.778
2247.41	133.556
2249.36	132.889
2251.31	134.222
2253.25	141.556
2255.2	137.778
2257.14	130.667
2259.09	137.333
2261.03	142.667
2262.97	141.778
2264.91	138.222
2266.85	140
2268.8	138
2270.74	140.889
2272.68	135.111
2274.61	144.222
2276.55	145.556
2278.49	144.444
2280.43	152.444
2282.37	148
2284.3	147.778
2286.24	150.889
2288.17	149.111
2290.11	150.222
2292.04	149.556
2293.98	149.111
2295.91	152.444
2297.84	148
2299.77	153.556
2301.7	147.111
2303.64	151.111
2305.56	147.111
2307.49	145.111
2309.42	146.444
2311.35	159.333
2313.28	149.111
2315.21	152.667
2317.13	150.222
2319.06	156.889
2320.99	153.778
2322.91	153.556
2324.84	158.222
2326.76	160.222
2328.68	155.778
2330.6	158
2332.53	158.444
2334.45	159.333
2336.37	153.111
2338.29	155.556
2340.21	156.222
2342.13	155.333
2344.05	157.111
2345.97	158.667
2347.89	156.889
2349.8	155.333
2351.72	161.556
2353.63	158.444
2355.55	159.556
2357.47	158.222
2359.38	170.222
2361.29	165.333
2363.21	169.111
2365.12	172.889
2367.03	175.556
2368.94	175.778
2370.85	179.556
2372.76	193.111
2374.67	194.222
2376.58	196.889
2378.49	194.667
2380.4	188.889
2382.31	188.667
2384.21	182.889
2386.12	179.556
2388.03	178
2389.93	175.556
2391.84	178.889
2393.74	179.111
2395.64	183.333
2397.55	179.111
2399.45	184.667
2401.35	184
2403.25	182.222
2405.15	185.111
2407.05	187.333
2408.95	186.889
2410.85	190.667
2412.75	190.889
2414.65	188.889
2416.55	189.111
2418.45	197.333
2420.34	200.667
2422.24	202.667
2424.13	207.111
2426.03	206.444
2427.92	203.111
2429.82	211.778
2431.71	212.889
2433.6	210
2435.49	204.889
2437.39	211.556
2439.28	211.778
2441.17	211.333
2443.06	217.111
2444.95	214
2446.83	224.889
2448.72	223.111
2450.61	232.222
2452.5	240.444
2454.39	247.556
