188.706	1060.22
191.305	1094.67
193.902	1082.22
196.499	972.222
199.096	845.556
201.69	718.222
204.284	603.556
206.877	518.889
209.47	461.556
212.062	410.222
214.652	382.667
217.242	350
219.83	321.778
222.419	308.889
225.005	292.889
227.592	272
230.177	258.222
232.762	245.778
235.345	228.222
237.928	214.889
240.509	211.333
243.09	208
245.671	200.889
248.249	196.667
250.829	188.889
253.405	184.222
255.983	177.556
258.558	186.667
261.132	183.111
263.707	180.667
266.28	184.444
268.852	197.111
271.424	210.222
273.994	233.556
276.564	270
279.133	330.667
281.701	362.444
284.268	346.444
286.835	307.778
289.4	253.111
291.964	218.667
294.527	196.222
297.091	172.444
299.653	162
302.214	153.778
304.774	141.778
307.334	144.222
309.892	136.444
312.45	132.444
315.006	131.333
317.562	132.444
320.118	132.667
322.672	128.667
325.225	123.556
327.778	122
330.329	121.778
332.88	119.556
335.43	121.333
337.978	117.778
340.528	118.667
343.075	117.111
345.622	117.333
348.167	120.889
350.712	116.222
353.256	116.667
355.799	120.222
358.341	116.889
360.883	120
363.423	121.778
365.963	127.778
368.502	129.556
371.04	132.889
373.577	142.222
376.114	145.333
378.649	153.556
381.184	159.111
383.718	160.889
386.251	162.889
388.783	167.111
391.314	168.667
393.844	175.333
396.373	190.667
398.902	202.889
401.43	228.667
403.957	284.889
406.484	337.333
409.009	439.333
411.534	630.667
414.057	903.333
416.58	999.333
419.102	748.444
421.624	469.333
424.144	300.667
426.663	215.778
429.181	177.333
431.7	160.667
434.217	135.111
436.732	128.667
439.248	124.889
441.763	116.889
444.277	115.111
446.788	114.889
449.301	113.111
451.812	110.667
454.322	108.889
456.831	111.778
459.341	109.333
461.847	113.111
464.355	112.889
466.861	112.667
469.366	114.222
471.871	111.556
474.374	106.222
476.877	104.222
479.378	105.778
481.88	93.7778
484.381	96.2222
486.879	94.8889
489.379	91.7778
491.876	89.5556
494.373	89.1111
496.869	86.8889
499.365	90
501.858	92.8889
504.353	88.4444
506.845	89.5556
509.338	85.1111
511.828	90.2222
514.319	86.8889
516.808	85.1111
519.296	85.7778
521.785	82.8889
524.272	85.3333
526.759	86.8889
529.244	86.2222
531.728	87.1111
534.212	86.2222
536.695	86.4444
539.178	89.1111
541.659	83.1111
544.139	81.7778
546.619	86
549.098	83.5556
551.575	85.7778
554.052	87.1111
556.529	85.1111
559.005	90.8889
561.479	85.5556
563.953	88.8889
566.427	84.2222
568.899	88.6667
571.37	86.4445
573.84	92
576.311	85.1111
578.78	85.5556
581.248	92.4444
583.715	94.2222
586.181	96.4445
588.647	102.222
591.113	101.778
593.577	109.556
596.04	116.667
598.503	134
600.964	174.889
603.425	226
605.885	258.444
608.344	257.333
610.803	256.222
613.26	277.778
615.718	376
618.174	488.444
620.63	412.444
623.084	269.333
625.538	186.667
627.99	162.444
630.443	146.222
632.894	136
635.344	138
637.792	136.222
640.241	146.444
642.689	156.889
645.137	178.889
647.583	218.667
650.029	296.222
652.474	428.222
654.918	481.111
657.361	395.778
659.804	272
662.246	192.222
664.685	156
667.125	139.778
669.565	128.222
672.003	122.667
674.441	121.778
676.877	122.444
679.313	127.111
681.749	132.889
684.183	137.778
686.617	141.111
689.049	151.111
691.481	173.111
693.913	228.222
696.342	375.333
698.772	720
701.201	901.333
703.63	682.222
706.056	394.444
708.483	250.667
710.909	186.222
713.333	151.778
715.758	131.778
718.18	122
720.603	115.333
723.025	115.333
725.445	112.667
727.866	117.333
730.284	119.556
732.703	122
735.122	132.889
737.538	139.333
739.955	143.333
742.369	147.333
744.784	138.667
747.197	131.111
749.611	132.222
752.023	125.556
754.435	116.444
756.845	115.778
759.255	108.889
761.664	104.889
764.071	99.1111
766.48	100
768.886	96.8889
771.292	98
773.697	92.4444
776.102	99.3333
778.505	91.7778
780.907	95.1111
783.31	94
785.711	94.4444
788.111	96.2222
790.511	92.4444
792.91	95.3333
795.308	88.8889
797.706	95.1111
800.102	97.3333
802.497	102.444
804.892	102.889
807.287	108.222
809.68	104
812.072	107.333
814.464	106.667
816.855	109.111
819.246	102.889
821.635	102.889
824.024	102.889
826.412	99.7778
828.799	104.667
831.186	108
833.572	113.778
835.956	113.333
838.34	118.667
840.723	118
843.106	115.778
845.487	110.667
847.868	108.889
850.248	108.444
852.628	110.889
855.006	107.556
857.384	109.111
859.761	110.889
862.138	113.111
864.513	115.333
866.888	120.889
869.262	122.667
871.636	127.111
874.008	129.556
876.38	143.556
878.751	157.111
881.121	165.333
883.491	176.667
885.86	179.778
888.228	184.889
890.595	188.222
892.962	189.111
895.327	204.444
897.691	212
900.055	224.889
902.419	235.333
904.782	242.222
907.144	254
909.505	263.556
911.864	280
914.224	298.222
916.583	314.667
918.941	325.556
921.298	310.444
923.654	311.111
926.01	289.111
928.366	274.444
930.719	259.778
933.073	250.667
935.426	244.667
937.777	249.556
940.129	239.556
942.479	236.889
944.828	230
947.178	219.333
949.526	212
951.873	209.111
954.22	208
956.565	207.778
958.911	206.667
961.254	207.778
963.598	208.889
965.942	215.111
968.283	216
970.625	224.222
972.965	231.111
975.305	259.111
977.644	321.333
979.983	438.222
982.32	483.333
984.657	528.445
986.993	767.333
989.327	1941.78
991.663	4311.11
993.996	4853.56
996.33	3753.33
998.662	3584.22
1000.99	5522.89
1003.32	5313.56
1005.65	2744.44
1007.98	1025.78
1010.31	474.889
1012.64	351.111
1014.97	351.111
1017.29	375.778
1019.62	425.333
1021.94	626.444
1024.27	1261.33
1026.59	1966.89
1028.91	2749.56
1031.24	4466.67
1033.56	4273.11
1035.88	2258.44
1038.2	856.222
1040.51	402.222
1042.83	278
1045.15	238.667
1047.47	207.333
1049.78	193.333
1052.1	191.111
1054.41	190.444
1056.73	179.111
1059.04	180
1061.35	184.222
1063.66	191.556
1065.97	224
1068.28	270
1070.59	292.889
1072.9	281.556
1075.21	254
1077.52	239.778
1079.82	217.778
1082.13	232
1084.43	269.333
1086.74	335.333
1089.04	462
1091.34	635.333
1093.65	819.778
1095.95	796
1098.25	630
1100.55	444.222
1102.85	336.222
1105.14	272
1107.44	258.667
1109.74	264.222
1112.03	279.111
1114.33	336.222
1116.62	422.444
1118.92	528.889
1121.21	562.222
1123.5	470.222
1125.79	338.889
1128.09	245.111
1130.38	197.111
1132.67	176.889
1134.95	168.889
1137.24	171.333
1139.53	172.889
1141.82	189.778
1144.1	227.556
1146.39	257.111
1148.67	292.444
1150.95	308.667
1153.24	323.111
1155.52	370.222
1157.8	415.333
1160.08	391.556
1162.36	341.111
1164.64	268.444
1166.92	222.222
1169.2	196.667
1171.47	180
1173.75	183.111
1176.03	190.667
1178.3	213.111
1180.58	249.111
1182.85	289.333
1185.12	276.889
1187.39	234.222
1189.66	184
1191.94	166
1194.21	155.111
1196.48	151.556
1198.74	151.111
1201.01	159.333
1203.28	174.222
1205.54	193.333
1207.81	212
1210.07	248.667
1212.34	302
1214.6	409.556
1216.86	525.333
1219.13	558
1221.39	484.889
1223.65	386
1225.91	324
1228.17	278.667
1230.43	259.111
1232.68	225.111
1234.94	189.778
1237.2	170.222
1239.45	147.778
1241.71	141.111
1243.96	124.222
1246.22	128.889
1248.47	128
1250.72	119.778
1252.97	121.556
1255.22	121.778
1257.47	116.667
1259.72	118.667
1261.97	123.333
1264.22	124.667
1266.46	129.778
1268.71	141.333
1270.95	146.889
1273.2	148.222
1275.44	143.111
1277.69	132.222
1279.93	117.778
1282.17	113.778
1284.41	114.889
1286.65	106.667
1288.89	112.667
1291.13	113.778
1293.37	111.778
1295.61	107.333
1297.85	110.444
1300.08	110
1302.32	110.667
1304.55	108.667
1306.79	111.556
1309.02	112.444
1311.26	107.333
1313.49	110.889
1315.72	110.667
1317.95	111.111
1320.18	113.111
1322.41	116.222
1324.64	117.111
1326.86	124.889
1329.09	141.556
1331.32	148.667
1333.55	141.556
1335.77	126
1337.99	123.333
1340.22	110
1342.44	112.222
1344.66	110.889
1346.89	106.222
1349.11	108.667
1351.33	112.667
1353.55	114.222
1355.77	118.667
1357.98	115.111
1360.2	119.556
1362.42	114
1364.63	112.444
1366.85	112.889
1369.06	114.667
1371.28	111.778
1373.49	118.444
1375.7	122.444
1377.92	120.444
1380.13	123.333
1382.34	127.111
1384.55	125.556
1386.76	119.556
1388.97	113.778
1391.17	109.778
1393.38	112.222
1395.59	112.889
1397.79	120.444
1400	116.222
1402.2	113.333
1404.41	106.444
1406.61	112.444
1408.81	112.889
1411.01	108.889
1413.21	114
1415.41	108.222
1417.61	113.556
1419.81	111.778
1422.01	112.222
1424.21	108.889
1426.4	112
1428.6	109.556
1430.8	114.444
1432.99	115.333
1435.18	122.444
1437.38	126.667
1439.57	131.556
1441.76	154.444
1443.95	158.667
1446.14	153.556
1448.33	130.444
1450.52	122.444
1452.71	118
1454.9	112.444
1457.09	112.889
1459.27	115.333
1461.46	116
1463.64	114.667
1465.83	114.444
1468.01	115.778
1470.2	119.111
1472.38	122.222
1474.56	128.444
1476.74	131.778
1478.92	153.111
1481.1	198.444
1483.28	224.444
1485.46	206.667
1487.64	161.778
1489.81	140.444
1491.99	131.333
1494.16	131.111
1496.34	126.889
1498.51	119.111
1500.69	123.333
1502.86	119.111
1505.03	124.667
1507.21	114.889
1509.38	113.111
1511.55	118.222
1513.72	114.667
1515.89	114.444
1518.05	114.444
1520.22	117.778
1522.39	118.889
1524.55	121.778
1526.72	121.333
1528.88	122
1531.05	124.444
1533.21	125.556
1535.37	130.667
1537.54	134.444
1539.7	143.556
1541.86	142
1544.02	157.556
1546.18	160.667
1548.34	172.667
1550.5	180
1552.65	188.444
1554.81	201.111
1556.97	201.333
1559.12	212.667
1561.28	227.778
1563.43	253.333
1565.58	290
1567.74	361.556
1569.89	445.333
1572.04	590.222
1574.19	722.222
1576.34	786.667
1578.49	809.778
1580.64	938.222
1582.79	1179.33
1584.94	1353.56
1587.08	1290
1589.23	1023.56
1591.37	771.778
1593.52	595.556
1595.66	509.556
1597.81	470
1599.95	426.222
1602.09	364.667
1604.23	319.556
1606.37	280.444
1608.51	250
1610.65	235.556
1612.79	214.222
1614.93	192.667
1617.07	181.333
1619.21	172
1621.34	161.778
1623.48	151.333
1625.61	146.889
1627.75	143.778
1629.88	137.556
1632.01	140
1634.15	138
1636.28	136.444
1638.41	132.889
1640.54	131.556
1642.67	128
1644.8	134.667
1646.93	124.222
1649.05	128.667
1651.18	125.333
1653.31	122
1655.43	120.222
1657.56	117.556
1659.68	115.556
1661.81	120
1663.93	120.222
1666.05	119.111
1668.17	119.111
1670.3	116.889
1672.42	123.333
1674.54	116.667
1676.66	119.778
1678.77	115.556
1680.89	116.222
1683.01	117.778
1685.13	113.111
1687.24	116.889
1689.36	115.333
1691.47	114.444
1693.59	113.333
1695.7	113.111
1697.81	114.444
1699.92	112.444
1702.04	116.222
1704.15	113.778
1706.26	111.556
1708.37	110.444
1710.47	112.222
1712.58	108.444
1714.69	109.778
1716.8	110.444
1718.9	110.667
1721.01	112.444
1723.11	106.222
1725.22	111.556
1727.32	113.111
1729.42	112.667
1731.53	110
1733.63	107.333
1735.73	107.778
1737.83	112.667
1739.93	110
1742.03	110.444
1744.13	108.667
1746.23	108.667
1748.32	109.556
1750.42	113.556
1752.52	108.222
1754.61	107.333
1756.71	113.111
1758.8	113.556
1760.89	115.778
1762.99	116.444
1765.08	110.444
1767.17	109.778
1769.26	113.333
1771.35	114.444
1773.44	114.444
1775.53	116.667
1777.62	112.444
1779.71	122
1781.79	120.444
1783.88	120.667
1785.96	123.556
1788.05	122.444
1790.13	122.667
1792.22	122.667
1794.3	116.444
1796.38	118.667
1798.47	118.444
1800.55	115.778
1802.63	114.889
1804.71	114
1806.79	118.667
1808.87	110.889
1810.95	115.778
1813.02	119.111
1815.1	115.111
1817.18	119.333
1819.25	121.333
1821.33	120.889
1823.4	124
1825.47	120
1827.55	114.889
1829.62	118.222
1831.69	116.889
1833.76	115.778
1835.83	115.778
1837.9	114.667
1839.97	114.222
1842.04	114.667
1844.11	115.333
1846.18	111.111
1848.24	112.667
1850.31	114.444
1852.38	114.667
1854.44	110.889
1856.51	117.556
1858.57	112.444
1860.63	112.444
1862.69	113.333
1864.76	112
1866.82	117.111
1868.88	114
1870.94	116.444
1873	115.778
1875.06	119.333
1877.11	117.556
1879.17	114.889
1881.23	119.556
1883.28	124.222
1885.34	118
1887.4	115.111
1889.45	114.667
1891.5	119.778
1893.56	112.889
1895.61	117.111
1897.66	111.333
1899.71	118.889
1901.76	116.889
1903.81	115.333
1905.86	122.667
1907.91	121.778
1909.96	119.111
1912.01	121.778
1914.05	121.556
1916.1	122.889
1918.15	121.556
1920.19	124.667
1922.23	123.333
1924.28	122
1926.32	127.778
1928.36	122.889
1930.41	122
1932.45	120.444
1934.49	120.222
1936.53	121.778
1938.57	122
1940.61	119.778
1942.64	120.889
1944.68	125.333
1946.72	123.556
1948.76	123.111
1950.79	121.556
1952.83	124.444
1954.86	120.444
1956.89	120.889
1958.93	119.111
1960.96	123.333
1962.99	124
1965.03	121.111
1967.06	120
1969.09	124.889
1971.12	122.667
1973.14	120.667
1975.17	123.333
1977.2	122.222
1979.23	120
1981.25	117.111
1983.28	116.889
1985.31	122.444
1987.33	122
1989.36	125.778
1991.38	118.667
1993.4	122.667
1995.42	128
1997.45	119.333
1999.47	120.667
2001.49	119.333
2003.51	118.444
2005.53	119.556
2007.55	122.889
2009.56	114.667
2011.58	117.778
2013.6	122.889
2015.61	116.222
2017.63	116.667
2019.65	121.111
2021.66	122.444
2023.67	121.778
2025.69	125.111
2027.7	121.333
2029.71	116.889
2031.72	122
2033.73	122.667
2035.74	118.889
2037.75	115.111
2039.76	120.889
2041.77	125.556
2043.78	121.333
2045.79	122.444
2047.79	121.778
2049.8	120.667
2051.8	114.889
2053.81	122.667
2055.81	123.333
2057.82	126
2059.82	118.444
2061.82	120.889
2063.82	120.444
2065.83	120.889
2067.83	121.111
2069.83	126.667
2071.83	120.667
2073.82	116.667
2075.82	124.222
2077.82	123.111
2079.82	124.444
2081.81	118.222
2083.81	118.889
2085.8	119.778
2087.8	117.333
2089.79	120.667
2091.79	118.667
2093.78	125.556
2095.77	120.667
2097.76	122.889
2099.76	122.444
2101.75	123.111
2103.74	121.556
2105.72	122
2107.71	120.667
2109.7	122.444
2111.69	122
2113.68	121.111
2115.66	118.222
2117.65	123.778
2119.63	121.778
2121.62	121.556
2123.6	120.667
2125.59	122.222
2127.57	123.556
2129.55	122.444
2131.53	122.222
2133.51	124.444
2135.49	122.889
2137.47	127.333
2139.45	123.556
2141.43	123.111
2143.41	118.444
2145.39	125.778
2147.36	124.222
2149.34	126.222
2151.32	122
2153.29	124.667
2155.27	121.556
2157.24	122.889
2159.21	120.222
2161.19	120.444
2163.16	122
2165.13	127.556
2167.1	126.889
2169.07	127.111
2171.04	127.111
2173.01	127.556
2174.98	131.556
2176.95	132.444
2178.92	131.333
2180.88	136.444
2182.85	130.444
2184.81	125.556
2186.78	131.778
2188.74	132.667
2190.71	133.556
2192.67	133.556
2194.63	131.556
2196.6	126.222
2198.56	130.667
2200.52	135.111
2202.48	127.333
2204.44	134.222
2206.4	141.333
2208.36	130.667
2210.32	139.778
2212.28	132
2214.23	133.333
2216.19	131.556
2218.14	130.889
2220.1	134.444
2222.05	137.556
2224.01	135.778
2225.96	136.889
2227.91	140.222
2229.87	132.444
2231.82	130.667
2233.77	139.556
2235.72	130
2237.67	141.333
2239.62	138.889
2241.57	137.778
2243.52	134.889
2245.47	135.778
2247.41	137.333
2249.36	134.444
2251.31	133.556
2253.25	135.333
2255.2	134.222
2257.14	135.333
2259.09	136.667
2261.03	141.556
2262.97	137.111
2264.91	140.889
2266.85	141.556
2268.8	142.444
2270.74	138.667
2272.68	142.667
2274.61	141.333
2276.55	142.667
2278.49	143.333
2280.43	144.444
2282.37	151.778
2284.3	152.222
2286.24	148.444
2288.17	145.778
2290.11	151.556
2292.04	149.778
2293.98	150.667
2295.91	155.556
2297.84	150
2299.77	149.556
2301.7	151.778
2303.64	147.778
2305.56	149.778
2307.49	149.556
2309.42	153.333
2311.35	153.333
2313.28	150.889
2315.21	157.556
2317.13	159.111
2319.06	157.111
2320.99	152.889
2322.91	154.444
2324.84	154.444
2326.76	153.333
2328.68	152.222
2330.6	159.556
2332.53	155.556
2334.45	155.111
2336.37	155.333
2338.29	158
2340.21	156.667
2342.13	163.556
2344.05	163.111
2345.97	164
2347.89	160.444
2349.8	164.667
2351.72	169.778
2353.63	164.444
2355.55	167.556
2357.47	164
2359.38	168.222
2361.29	166.222
2363.21	170.889
2365.12	170.222
2367.03	179.333
2368.94	185.333
2370.85	189.333
2372.76	194.222
2374.67	199.333
2376.58	193.778
2378.49	198
2380.4	194
2382.31	189.333
2384.21	181.778
2386.12	180.667
2388.03	180
2389.93	183.333
2391.84	178.889
2393.74	177.556
2395.64	183.778
2397.55	177.333
2399.45	179.111
2401.35	182.222
2403.25	180.222
2405.15	185.111
2407.05	184.889
2408.95	186.222
2410.85	184.667
2412.75	191.778
2414.65	190.889
2416.55	192.222
2418.45	193.556
2420.34	194.667
2422.24	196.889
2424.13	210.444
2426.03	203.333
2427.92	214.222
2429.82	213.111
2431.71	214.667
2433.6	212.444
2435.49	209.111
2437.39	217.778
2439.28	213.778
2441.17	213.333
2443.06	215.778
2444.95	225.333
2446.83	224.444
2448.72	224.444
2450.61	243.778
2452.5	241.333
2454.39	242.667
