188.706	221.556
191.305	211.778
193.902	201.778
196.499	192.222
199.096	190.444
201.69	178
204.284	168.444
206.877	164
209.47	158.889
212.062	156.222
214.652	148
217.242	145.333
219.83	142.667
222.419	137.556
225.005	135.556
227.592	132.889
230.177	131.333
232.762	130.889
235.345	127.333
237.928	126.889
240.509	124.667
243.09	122.667
245.671	121.778
248.249	115.333
250.829	114.667
253.405	117.556
255.983	114
258.558	117.333
261.132	112.444
263.707	113.333
266.28	114.222
268.852	111.556
271.424	111.333
273.994	107.333
276.564	114.667
279.133	111.333
281.701	110.889
284.268	108.222
286.835	104.444
289.4	106.667
291.964	106.889
294.527	103.778
297.091	104.222
299.653	104.222
302.214	104
304.774	103.333
307.334	104.222
309.892	102.222
312.45	100
315.006	106.667
317.562	100.222
320.118	97.7778
322.672	100
325.225	101.333
327.778	102.222
330.329	97.7778
332.88	94.8889
335.43	95.1111
337.978	97.5555
340.528	100.222
343.075	98.2222
345.622	96.8889
348.167	101.778
350.712	97.7778
353.256	101.333
355.799	102.444
358.341	99.3333
360.883	101.111
363.423	101.333
365.963	106.222
368.502	99.5556
371.04	103.333
373.577	100.667
376.114	101.111
378.649	103.333
381.184	104.222
383.718	105.333
386.251	98.8889
388.783	107.556
391.314	105.333
393.844	112
396.373	113.556
398.902	110.444
401.43	120.222
403.957	122
406.484	122.444
409.009	116.444
411.534	121.333
414.057	121.333
416.58	122.444
419.102	127.111
421.624	133.556
424.144	138.667
426.663	150
429.181	155.333
431.7	161.778
434.217	165.333
436.732	152.889
439.248	155.778
441.763	150.889
444.277	140.667
446.788	140.222
449.301	135.333
451.812	125.111
454.322	120.444
456.831	118.667
459.341	118.667
461.847	115.778
464.355	113.111
466.861	108
469.366	109.556
471.871	102.667
474.374	102.444
476.877	100.889
479.378	104.667
481.88	102.889
484.381	103.111
486.879	101.556
489.379	97.3333
491.876	98
494.373	105.556
496.869	102
499.365	95.3333
501.858	99.1111
504.353	96.6667
506.845	100.444
509.338	102.222
511.828	100.444
514.319	98
516.808	98.6667
519.296	101.556
521.785	97.5556
524.272	95.3333
526.759	96.8889
529.244	99.5556
531.728	97.5556
534.212	98.8889
536.695	100
539.178	103.111
541.659	94.6667
544.139	98.6667
546.619	97.1111
549.098	97.3333
551.575	104.444
554.052	102.222
556.529	99.5556
559.005	100.889
561.479	101.111
563.953	104.222
566.427	104.444
568.899	104
571.37	105.333
573.84	104.889
576.311	108.444
578.78	114.444
581.248	112.222
583.715	113.556
586.181	120
588.647	121.333
591.113	132.444
593.577	139.556
596.04	154.222
598.503	182.444
600.964	225.778
603.425	294.889
605.885	426
608.344	534.889
610.803	501.556
613.26	393.333
615.718	272.222
618.174	213.556
620.63	170.889
623.084	152.444
625.538	138
627.99	125.111
630.443	126.889
632.894	119.556
635.344	118
637.792	114.444
640.241	109.778
642.689	105.111
645.137	109.333
647.583	107.111
650.029	105.778
652.474	103.333
654.918	104.667
657.361	101.556
659.804	102.444
662.246	105.778
664.685	99.5556
667.125	102
669.565	106.222
672.003	104.889
674.441	104.222
676.877	106.444
679.313	105.111
681.749	106.222
684.183	111.111
686.617	104.222
689.049	105.778
691.481	102.444
693.913	104.222
696.342	104.222
698.772	106.444
701.201	101.778
703.63	104
706.056	103.111
708.483	99.1111
710.909	100
713.333	101.778
715.758	101.778
718.18	99.7778
720.603	99.1111
723.025	98.2222
725.445	100.889
727.866	100.222
730.284	96
732.703	99.3333
735.122	97.5556
737.538	96.4444
739.955	98
742.369	95.1111
744.784	98.4444
747.197	96.8889
749.611	101.111
752.023	97.1111
754.435	100
756.845	97.5556
759.255	96.6667
761.664	92.2222
764.071	94.8889
766.48	94.4444
768.886	98.4444
771.292	96.8889
773.697	98.4444
776.102	98.2222
778.505	94.6667
780.907	101.778
783.31	100.889
785.711	103.333
788.111	108.444
790.511	107.556
792.91	108.889
795.308	110
797.706	113.556
800.102	130.667
802.497	129.778
804.892	132.222
807.287	130.222
809.68	126.667
812.072	115.556
814.464	115.778
816.855	114.222
819.246	112.444
821.635	114
824.024	106.889
826.412	113.333
828.799	112.667
831.186	118.889
833.572	117.556
835.956	125.556
838.34	124.889
840.723	132.222
843.106	133.111
845.487	150
847.868	157.556
850.248	170.444
852.628	172.889
855.006	174.889
857.384	160
859.761	148.667
862.138	149.333
864.513	157.778
866.888	160.444
869.262	181.111
871.636	199.111
874.008	237.778
876.38	307.556
878.751	414.444
881.121	530.444
883.491	620
885.86	608
888.228	536
890.595	422.444
892.962	310
895.327	243.556
897.691	193.778
900.055	166
902.419	150.667
904.782	140.444
907.144	132.667
909.505	127.333
911.864	125.333
914.224	115.333
916.583	121.333
918.941	115.333
921.298	117.111
923.654	106.667
926.01	110.444
928.366	103.556
930.719	107.778
933.073	115.111
935.426	107.556
937.777	108
940.129	108
942.479	108.889
944.828	111.556
947.178	115.111
949.526	115.111
951.873	114.222
954.22	114.667
956.565	120.444
958.911	120.889
961.254	128.667
963.598	132.444
965.942	137.778
968.283	148.889
970.625	164.667
972.965	185.778
975.305	228
977.644	318
979.983	476.222
982.32	705.333
984.657	989.556
986.993	1035.11
989.327	1776.89
991.663	5952.89
993.996	9287.56
996.33	6213.56
998.662	2654.67
1000.99	1174.44
1003.32	642
1005.65	393.111
1007.98	314.222
1010.31	248.889
1012.64	194.444
1014.97	174.667
1017.29	162.889
1019.62	154.444
1021.94	156.444
1024.27	152.667
1026.59	157.111
1028.91	158.889
1031.24	160.222
1033.56	162.667
1035.88	177.333
1038.2	176.444
1040.51	196.444
1042.83	205.333
1045.15	224.889
1047.47	240.444
1049.78	262.667
1052.1	268.889
1054.41	273.333
1056.73	257.111
1059.04	234.444
1061.35	213.333
1063.66	196.444
1065.97	182.667
1068.28	179.333
1070.59	173.778
1072.9	176
1075.21	177.778
1077.52	176.889
1079.82	180.222
1082.13	194.667
1084.43	196
1086.74	207.556
1089.04	214.889
1091.34	231.111
1093.65	236.889
1095.95	256
1098.25	257.333
1100.55	244
1102.85	232
1105.14	208.667
1107.44	194.444
1109.74	179.556
1112.03	176.667
1114.33	162.444
1116.62	164.667
1118.92	160.222
1121.21	160.444
1123.5	158
1125.79	155.333
1128.09	149.556
1130.38	157.111
1132.67	148.222
1134.95	145.556
1137.24	148.667
1139.53	142.667
1141.82	143.333
1144.1	148.222
1146.39	146.444
1148.67	147.333
1150.95	156.444
1153.24	159.778
1155.52	156.444
1157.8	162.222
1160.08	169.556
1162.36	185.111
1164.64	204.222
1166.92	222.667
1169.2	257.556
1171.47	319.111
1173.75	401.333
1176.03	478.444
1178.3	543.111
1180.58	521.556
1182.85	455.778
1185.12	374.444
1187.39	298.444
1189.66	243.778
1191.94	210.222
1194.21	186.889
1196.48	169.333
1198.74	158.667
1201.01	147.111
1203.28	137.778
1205.54	133.556
1207.81	134.667
1210.07	127.556
1212.34	127.111
1214.6	129.778
1216.86	122.444
1219.13	129.333
1221.39	125.556
1223.65	121.778
1225.91	121.778
1228.17	116.444
1230.43	116.444
1232.68	119.778
1234.94	117.556
1237.2	117.556
1239.45	119.778
1241.71	115.333
1243.96	119.111
1246.22	120.667
1248.47	120.889
1250.72	120.667
1252.97	122.667
1255.22	123.111
1257.47	130.444
1259.72	129.556
1261.97	132.222
1264.22	145.333
1266.46	145.111
1268.71	152.667
1270.95	159.111
1273.2	169.556
1275.44	182.444
1277.69	180.444
1279.93	172.667
1282.17	162.889
1284.41	154.222
1286.65	145.111
1288.89	139.778
1291.13	137.333
1293.37	124.889
1295.61	126.222
1297.85	126
1300.08	125.556
1302.32	125.333
1304.55	122.889
1306.79	120.889
1309.02	122.667
1311.26	121.333
1313.49	122.889
1315.72	118
1317.95	117.556
1320.18	124
1322.41	120.667
1324.64	120.222
1326.86	119.111
1329.09	109.333
1331.32	120
1333.55	119.111
1335.77	116.889
1337.99	118.667
1340.22	116.444
1342.44	119.556
1344.66	118.444
1346.89	120.889
1349.11	122.444
1351.33	125.333
1353.55	124.889
1355.77	129.333
1357.98	121.778
1360.2	130
1362.42	127.778
1364.63	126.667
1366.85	129.111
1369.06	128.889
1371.28	137.111
1373.49	139.111
1375.7	133.111
1377.92	133.556
1380.13	140.889
1382.34	133.111
1384.55	133.556
1386.76	132.222
1388.97	135.111
1391.17	136.889
1393.38	138.889
1395.59	137.556
1397.79	142.889
1400	152.444
1402.2	149.556
1404.41	162.222
1406.61	171.556
1408.81	172
1411.01	164.444
1413.21	160
1415.41	161.556
1417.61	159.333
1419.81	166.222
1422.01	162
1424.21	161.778
1426.4	174.222
1428.6	168.667
1430.8	183.778
1432.99	187.111
1435.18	195.111
1437.38	198.222
1439.57	216
1441.76	226.889
1443.95	257.778
1446.14	270.444
1448.33	290
1450.52	312.222
1452.71	330.222
1454.9	327.333
1457.09	317.778
1459.27	301.778
1461.46	273.111
1463.64	251.778
1465.83	230
1468.01	217.778
1470.2	203.333
1472.38	202.667
1474.56	195.111
1476.74	198.444
1478.92	205.111
1481.1	204.889
1483.28	198.444
1485.46	198.222
1487.64	198
1489.81	188.222
1491.99	166.889
1494.16	168.444
1496.34	157.111
1498.51	155.333
1500.69	143.333
1502.86	143.778
1505.03	144
1507.21	136
1509.38	134.889
1511.55	130.667
1513.72	134.222
1515.89	132.222
1518.05	130.444
1520.22	126.667
1522.39	130.222
1524.55	125.556
1526.72	128.222
1528.88	127.778
1531.05	130
1533.21	128
1535.37	123.556
1537.54	130.222
1539.7	122.667
1541.86	130.667
1544.02	129.556
1546.18	124.889
1548.34	126.889
1550.5	131.778
1552.65	136
1554.81	134.444
1556.97	139.556
1559.12	145.778
1561.28	152.889
1563.43	150.667
1565.58	159.556
1567.74	164.222
1569.89	171.778
1572.04	188.222
1574.19	204.667
1576.34	228
1578.49	256
1580.64	292.222
1582.79	329.111
1584.94	381.778
1587.08	432.222
1589.23	434.444
1591.37	388.667
1593.52	334.222
1595.66	301.778
1597.81	274.667
1599.95	268.222
1602.09	284.444
1604.23	316
1606.37	355.111
1608.51	355.333
1610.65	329.333
1612.79	283.556
1614.93	244.889
1617.07	226.444
1619.21	202.889
1621.34	182
1623.48	166.889
1625.61	158.667
1627.75	158.444
1629.88	145.778
1632.01	144.222
1634.15	138.889
1636.28	135.778
1638.41	131.333
1640.54	124.889
1642.67	125.556
1644.8	124.889
1646.93	120.889
1649.05	120
1651.18	118.444
1653.31	117.333
1655.43	114.444
1657.56	114.667
1659.68	110.667
1661.81	110.444
1663.93	115.556
1666.05	108.444
1668.17	111.333
1670.3	112.444
1672.42	109.111
1674.54	109.778
1676.66	110
1678.77	110.667
1680.89	111.333
1683.01	109.556
1685.13	110.667
1687.24	107.111
1689.36	112.444
1691.47	108.667
1693.59	114.222
1695.7	113.556
1697.81	116.889
1699.92	117.778
1702.04	116.889
1704.15	115.111
1706.26	115.111
1708.37	116
1710.47	118
1712.58	110.667
1714.69	114.222
1716.8	110.667
1718.9	109.556
1721.01	108.667
1723.11	107.778
1725.22	108.444
1727.32	107.778
1729.42	109.111
1731.53	110.444
1733.63	108.889
1735.73	108.889
1737.83	102.667
1739.93	106.667
1742.03	106.222
1744.13	109.111
1746.23	108.222
1748.32	104.222
1750.42	111.111
1752.52	106
1754.61	108.667
1756.71	107.111
1758.8	107.333
1760.89	102.667
1762.99	106
1765.08	105.333
1767.17	109.778
1769.26	111.556
1771.35	107.778
1773.44	109.778
1775.53	105.778
1777.62	105.556
1779.71	107.111
1781.79	108.667
1783.88	104.889
1785.96	111.556
1788.05	102.889
1790.13	104
1792.22	102.667
1794.3	107.111
1796.38	103.111
1798.47	99.5556
1800.55	109.333
1802.63	106.889
1804.71	106.889
1806.79	104.889
1808.87	108.222
1810.95	107.778
1813.02	104.444
1815.1	106.444
1817.18	110.222
1819.25	104.889
1821.33	104.667
1823.4	109.556
1825.47	110.444
1827.55	102.667
1829.62	102.889
1831.69	109.333
1833.76	108
1835.83	106.667
1837.9	109.556
1839.97	105.556
1842.04	106.667
1844.11	105.333
1846.18	109.778
1848.24	107.333
1850.31	108.222
1852.38	103.333
1854.44	106
1856.51	104
1858.57	107.778
1860.63	106
1862.69	108.667
1864.76	106
1866.82	105.556
1868.88	108
1870.94	110.889
1873	113.111
1875.06	108.667
1877.11	107.556
1879.17	105.111
1881.23	109.333
1883.28	107.333
1885.34	107.778
1887.4	104
1889.45	107.778
1891.5	113.556
1893.56	106.444
1895.61	107.333
1897.66	109.778
1899.71	111.333
1901.76	108
1903.81	105.778
1905.86	111.333
1907.91	114.889
1909.96	113.333
1912.01	112.222
1914.05	112.444
1916.1	111.778
1918.15	109.556
1920.19	108.667
1922.23	107.556
1924.28	106
1926.32	116
1928.36	113.556
1930.41	114
1932.45	115.778
1934.49	113.333
1936.53	114.889
1938.57	109.333
1940.61	114.889
1942.64	113.778
1944.68	113.333
1946.72	113.333
1948.76	110
1950.79	104.444
1952.83	110.444
1954.86	115.778
1956.89	111.111
1958.93	110.222
1960.96	111.556
1962.99	110.889
1965.03	111.556
1967.06	108
1969.09	107.556
1971.12	109.778
1973.14	108.444
1975.17	110
1977.2	108.444
1979.23	108.667
1981.25	111.778
1983.28	112.444
1985.31	109.111
1987.33	112.444
1989.36	108.444
1991.38	109.556
1993.4	108.222
1995.42	112.444
1997.45	109.333
1999.47	106.667
2001.49	105.556
2003.51	112.667
2005.53	110
2007.55	110.889
2009.56	110.889
2011.58	107.333
2013.6	106.444
2015.61	115.333
2017.63	114
2019.65	110.667
2021.66	111.556
2023.67	111.778
2025.69	109.778
2027.7	111.778
2029.71	109.111
2031.72	108
2033.73	110.222
2035.74	113.778
2037.75	112
2039.76	113.111
2041.77	109.556
2043.78	111.333
2045.79	112.444
2047.79	111.778
2049.8	113.556
2051.8	111.333
2053.81	113.333
2055.81	108.444
2057.82	113.333
2059.82	113.111
2061.82	110
2063.82	108
2065.83	112.889
2067.83	110.222
2069.83	116.667
2071.83	108.222
2073.82	109.556
2075.82	114.667
2077.82	111.333
2079.82	113.778
2081.81	113.111
2083.81	113.333
2085.8	112.889
2087.8	112
2089.79	113.778
2091.79	112
2093.78	113.333
2095.77	113.111
2097.76	110.889
2099.76	110.222
2101.75	113.333
2103.74	112.889
2105.72	111.333
2107.71	109.111
2109.7	116.444
2111.69	111.778
2113.68	112.667
2115.66	111.556
2117.65	112.444
2119.63	110.444
2121.62	112.222
2123.6	109.778
2125.59	114
2127.57	111.111
2129.55	107.111
2131.53	112.222
2133.51	116
2135.49	115.333
2137.47	113.111
2139.45	107.111
2141.43	110.667
2143.41	113.111
2145.39	110.222
2147.36	111.556
2149.34	113.778
2151.32	110.444
2153.29	114.889
2155.27	110
2157.24	114.444
2159.21	112.889
2161.19	109.333
2163.16	110.222
2165.13	112.222
2167.1	108.667
2169.07	116
2171.04	116.222
2173.01	113.778
2174.98	109.333
2176.95	114.889
2178.92	112.667
2180.88	115.778
2182.85	117.778
2184.81	117.111
2186.78	114.444
2188.74	118.667
2190.71	119.556
2192.67	119.556
2194.63	118.667
2196.6	117.111
2198.56	116.889
2200.52	114.889
2202.48	114
2204.44	110.667
2206.4	112.444
2208.36	114
2210.32	118.667
2212.28	111.333
2214.23	115.333
2216.19	116.667
2218.14	119.778
2220.1	118.222
2222.05	113.778
2224.01	116.222
2225.96	116
2227.91	115.333
2229.87	114
2231.82	114.667
2233.77	116
2235.72	112.222
2237.67	111.333
2239.62	116.444
2241.57	117.111
2243.52	116.222
2245.47	118.889
2247.41	114.667
2249.36	116.222
2251.31	119.111
2253.25	115.111
2255.2	118.667
2257.14	111.111
2259.09	116
2261.03	114
2262.97	118.444
2264.91	121.333
2266.85	115.333
2268.8	117.333
2270.74	116.444
2272.68	121.556
2274.61	117.111
2276.55	120.889
2278.49	112
2280.43	121.111
2282.37	121.333
2284.3	114
2286.24	116
2288.17	118.444
2290.11	121.333
2292.04	124.222
2293.98	120.222
2295.91	125.111
2297.84	124.222
2299.77	124.222
2301.7	122.222
2303.64	115.778
2305.56	110.222
2307.49	117.556
2309.42	115.556
2311.35	117.556
2313.28	110.222
2315.21	117.111
2317.13	111.556
2319.06	113.333
2320.99	114.889
2322.91	115.778
2324.84	114
2326.76	119.111
2328.68	118.889
2330.6	115.778
2332.53	118
2334.45	114.667
2336.37	115.778
2338.29	117.556
2340.21	115.778
2342.13	119.111
2344.05	115.333
2345.97	111.778
2347.89	114.889
2349.8	119.778
2351.72	118.667
2353.63	115.556
2355.55	120
2357.47	117.111
2359.38	116.222
2361.29	117.778
2363.21	115.778
2365.12	117.778
2367.03	116.889
2368.94	113.778
2370.85	114.667
2372.76	115.333
2374.67	115.333
2376.58	116.889
2378.49	114
2380.4	121.778
2382.31	116.667
2384.21	118
2386.12	117.111
2388.03	114.667
2389.93	118.667
2391.84	118
2393.74	116.889
2395.64	112.444
2397.55	112.889
2399.45	113.333
2401.35	113.556
2403.25	119.111
2405.15	115.778
2407.05	111.556
2408.95	115.778
2410.85	116.222
2412.75	115.111
2414.65	115.778
2416.55	113.111
2418.45	115.111
2420.34	117.778
2422.24	118.444
2424.13	114.222
2426.03	116.444
2427.92	118
2429.82	117.778
2431.71	117.333
2433.6	118.889
2435.49	116
2437.39	112.222
2439.28	118.444
2441.17	120.667
2443.06	119.778
2444.95	123.778
2446.83	122.222
2448.72	122.222
2450.61	120.667
2452.5	125.333
2454.39	126.889
