186.85	593.111
189.449	588.444
192.047	593.111
194.645	580.667
197.241	601.111
199.837	599.111
202.431	592.889
205.025	600
207.619	597.778
210.21	603.111
212.802	608.889
215.392	607.111
217.982	590.889
220.57	595.333
223.158	603.778
225.744	595.778
228.331	612.889
230.915	617.333
233.5	620.889
236.083	616.444
238.666	624.889
241.247	644
243.827	622.889
246.408	625.333
248.986	627.778
251.565	634.667
254.142	627.333
256.719	625.556
259.294	616.889
261.868	624
264.443	622.667
267.015	627.556
269.587	623.556
272.159	626.222
274.729	622.222
277.298	617.556
279.867	618.222
282.435	618.222
285.001	624
287.568	623.111
290.133	621.778
292.697	628.222
295.26	610
297.824	620.889
300.385	613.333
302.945	630.889
305.505	607.333
308.064	626.444
310.623	609.111
313.18	619.333
315.737	624.222
318.292	615.556
320.847	634.222
323.402	638.222
325.955	650
328.507	643.556
331.058	642.889
333.609	646.667
336.158	645.778
338.707	637.778
341.255	646.444
343.802	649.555
346.349	666
348.895	655.556
351.439	656.222
353.983	657.333
356.526	667.333
359.068	650.667
361.609	653.778
364.149	650
366.689	654
369.227	657.111
371.765	646.889
374.302	658
376.838	676
379.374	687.555
381.908	692.889
384.442	691.333
386.973	656.889
389.505	647.333
392.036	640.222
394.567	630.222
397.096	637.556
399.625	628
402.153	647.111
404.68	638.667
407.206	636.889
409.73	645.333
412.254	644.667
414.778	649.778
417.301	654.667
419.823	645.556
422.343	650.667
424.863	659.778
427.383	652.222
429.901	656.667
432.418	667.556
434.935	678.444
437.451	676
439.966	671.556
442.48	660.445
444.993	658.889
447.506	666.889
450.019	659.333
452.528	660.222
455.039	658.889
457.549	657.333
460.056	669.556
462.564	664.444
465.07	653.333
467.576	659.111
470.082	654.222
472.585	658.222
475.089	640.222
477.591	657.111
480.093	651.333
482.595	659.333
485.094	666.889
487.594	672.222
490.091	668
492.59	672.444
495.086	672.222
497.582	655.333
500.076	666.667
502.571	674.444
505.064	678.222
507.558	699.333
510.049	689.333
512.54	700
515.03	696.667
517.518	710.222
520.008	704.444
522.495	713.333
524.983	707.111
527.468	711.556
529.954	701.111
532.438	701.111
534.921	713.778
537.404	697.333
539.886	682.444
542.366	686
544.848	684
547.327	680
549.805	683.556
552.284	676.889
554.76	664.667
557.236	671.778
559.711	671.556
562.186	672.667
564.66	660.889
567.132	656.222
569.604	658
572.076	654.667
574.547	660.889
577.016	667.778
579.484	670.667
581.952	658
584.419	658.889
586.887	660
589.352	644.889
591.816	663.111
594.28	654
596.743	653.778
599.205	652.444
601.667	647.556
604.127	654.667
606.588	657.778
609.047	658
611.505	652.222
613.963	654.444
616.419	664.444
618.875	659.556
621.33	655.556
623.784	664.667
626.238	658.444
628.69	665.111
631.142	669.556
633.593	662.667
636.043	665.778
638.493	663.556
640.941	665.333
643.389	660
645.835	656.889
648.281	656
650.727	662.444
653.171	657.556
655.615	659.778
658.058	657.333
660.501	659.333
662.942	648.222
665.382	658.889
667.822	665.556
670.261	660
672.699	662.889
675.137	653.556
677.574	648.222
680.008	649.111
682.443	656.222
684.878	668.667
687.312	668.444
689.743	666.222
692.175	673.556
694.607	689.333
697.037	701.111
699.466	690.222
701.895	683.778
704.323	667.778
706.749	664
709.175	672.889
711.601	662.667
714.025	667.778
716.449	656.667
718.871	663.778
721.294	658.889
723.716	663.333
726.136	652
728.556	660.889
730.975	661.333
733.394	645.556
735.812	650
738.228	649.333
740.644	656.222
743.058	646.667
745.473	646.222
747.886	640.222
750.3	647.778
752.711	652
755.123	657.778
757.533	642.889
759.942	638.444
762.351	645.778
764.759	653.555
767.167	650.445
769.573	638.667
771.979	643.111
774.383	656.889
776.787	648
779.191	651.111
781.593	662.222
783.994	648
786.396	664.889
788.796	661.556
791.195	660.222
793.595	676.889
795.992	680.889
798.389	694.222
800.786	709.556
803.181	710.222
805.576	711.111
807.969	697.555
810.363	682
812.755	667.778
815.147	664.667
817.537	657.778
819.927	650.667
822.318	643.778
824.706	638
827.093	660
829.48	642.222
831.866	649.111
834.251	646
836.636	648.444
839.021	647.556
841.404	648.667
843.786	644.444
846.167	648.889
848.548	649.778
850.928	643.556
853.307	650.222
855.685	644.222
858.063	639.333
860.44	644.222
862.816	640.445
865.192	642.889
867.566	653.111
869.94	634.667
872.313	650.222
874.685	634.444
877.057	646.222
879.428	650.667
881.798	642.889
884.167	638.222
886.536	644
888.902	633.111
891.269	646
893.636	660.889
896.001	649.778
898.366	646
900.73	652.222
903.094	646.445
905.455	644.667
907.817	651.778
910.178	642.667
912.538	638.444
914.898	642
917.255	640.889
919.613	628.889
921.971	624.222
924.327	638.889
926.682	624.889
929.037	635.111
931.391	638.889
933.744	618.889
936.096	636.222
938.449	630.444
940.799	640.444
943.149	635.556
945.499	647.333
947.847	626
950.195	635.111
952.542	627.556
954.889	629.556
957.235	636.889
959.579	630.889
961.924	640.444
964.266	640
966.609	651.556
968.951	634
971.292	648.444
973.632	647.556
975.972	643.111
978.31	634
980.649	627.111
982.986	647.111
985.323	640.889
987.659	635.556
989.994	644
992.328	653.111
994.662	644
996.995	652.889
999.326	652.667
1001.66	653.555
1003.99	650.222
1006.32	635.333
1008.65	640
1010.98	632.889
1013.3	646.444
1015.63	646.444
1017.96	646.889
1020.28	640.667
1022.61	648.889
1024.93	655.556
1027.25	653.556
1029.58	651.333
1031.9	645.111
1034.22	665.111
1036.54	656.889
1038.86	669.778
1041.18	661.333
1043.49	654.222
1045.81	650.222
1048.13	664.889
1050.44	672.889
1052.76	676.667
1055.07	682.222
1057.39	701.778
1059.7	696.667
1062.01	721.333
1064.32	717.333
1066.63	742.889
1068.94	793.333
1071.25	844.889
1073.56	910.667
1075.87	1002.44
1078.17	1086.44
1080.48	1144.22
1082.79	1164.44
1085.09	1117.11
1087.39	1049.11
1089.7	943.333
1092	874.444
1094.3	831.556
1096.6	802.444
1098.9	787.556
1101.2	747.778
1103.5	718.444
1105.8	696.667
1108.1	684.667
1110.39	691.111
1112.69	698.889
1114.98	694
1117.28	711.778
1119.57	707.333
1121.86	695.778
1124.16	694.222
1126.45	708.889
1128.74	691.778
1131.03	697.778
1133.32	688.667
1135.61	673.333
1137.89	670.444
1140.18	669.556
1142.47	656.222
1144.75	663.778
1147.04	648.667
1149.32	664.667
1151.61	660
1153.89	662
1156.17	661.555
1158.45	652
1160.73	645.333
1163.01	633.333
1165.29	644.222
1167.57	643.556
1169.85	649.555
1172.12	632.667
1174.4	644
1176.68	652.667
1178.95	666.889
1181.22	685.111
1183.5	699.778
1185.77	698
1188.04	697.778
1190.31	662.667
1192.58	638.889
1194.85	620.889
1197.12	619.333
1199.39	627.333
1201.66	615.778
1203.92	622.889
1206.19	616
1208.45	618.444
1210.72	617.111
1212.98	623.333
1215.25	617.778
1217.51	625.333
1219.77	611.333
1222.03	614.222
1224.29	618.444
1226.55	619.556
1228.81	624.667
1231.07	620.444
1233.33	619.333
1235.58	612.444
1237.84	620.222
1240.09	623.556
1242.35	631.778
1244.6	633.111
1246.86	632
1249.11	631.778
1251.36	632.889
1253.61	636.667
1255.86	625.556
1258.11	630.222
1260.36	634
1262.61	642
1264.86	648
1267.1	640.889
1269.35	639.111
1271.6	647.111
1273.84	657.778
1276.08	649.778
1278.33	660
1280.57	664.222
1282.81	662.667
1285.05	659.556
1287.29	666.889
1289.53	664.667
1291.77	680.222
1294.01	677.111
1296.25	671.333
1298.48	656.444
1300.72	666.889
1302.96	654.222
1305.19	656
1307.42	657.111
1309.66	668
1311.89	668.444
1314.12	662.222
1316.35	660.889
1318.58	664.222
1320.81	670.444
1323.04	660
1325.27	657.111
1327.5	659.778
1329.73	651.111
1331.95	645.556
1334.18	653.556
1336.4	652
1338.63	639.333
1340.85	656
1343.08	646.889
1345.3	642.444
1347.52	641.555
1349.74	633.556
1351.96	640
1354.18	635.111
1356.4	628.889
1358.61	641.778
1360.83	634.889
1363.05	631.556
1365.27	639.778
1367.48	637.778
1369.69	641.111
1371.91	658
1374.12	646.222
1376.33	657.778
1378.55	664.889
1380.76	661.111
1382.97	669.333
1385.18	653.778
1387.39	637.556
1389.59	649.556
1391.8	647.778
1394.01	635.333
1396.21	630.444
1398.42	639.556
1400.63	626.222
1402.83	630.445
1405.03	636.889
1407.24	626.667
1409.44	615.778
1411.64	622.667
1413.84	618
1416.04	626
1418.24	620.444
1420.44	621.111
1422.64	614.667
1424.83	621.778
1427.03	612.444
1429.23	620.667
1431.42	623.778
1433.62	611.556
1435.81	611.111
1438	610.889
1440.19	613.111
1442.39	601.333
1444.58	607.111
1446.77	615.556
1448.96	608.667
1451.15	607.333
1453.34	594.444
1455.52	607.333
1457.71	599.111
1459.9	592.222
1462.08	600.889
1464.27	604
1466.45	596.667
1468.64	600.667
1470.82	610.889
1473	609.556
1475.18	616.222
1477.36	620.889
1479.54	633.556
1481.72	640.222
1483.9	628.222
1486.08	611.333
1488.26	619.778
1490.43	599.778
1492.61	594.222
1494.78	584
1496.96	589.111
1499.13	575.111
1501.31	586.667
1503.48	591.778
1505.65	581.111
1507.82	575.333
1509.99	585.333
1512.16	580.889
1514.33	572
1516.5	580.667
1518.67	580
1520.84	582.222
1523	589.333
1525.17	576.222
1527.34	578.222
1529.5	588
1531.66	596.889
1533.83	584
1535.99	586.667
1538.15	578.667
1540.31	583.778
1542.47	592.889
1544.63	583.111
1546.79	580.445
1548.95	590.222
1551.11	594.222
1553.27	598
1555.42	594.889
1557.58	594
1559.73	599.333
1561.89	598.444
1564.04	600.889
1566.2	612.444
1568.35	612.444
1570.5	631.111
1572.65	651.333
1574.8	664.222
1576.95	708.444
1579.1	761.556
1581.25	852.222
1583.4	957.556
1585.55	1072.67
1587.69	1235.11
1589.84	1421.11
1591.99	1510.44
1594.13	1457.56
1596.27	1257.11
1598.42	1048.89
1600.56	920.667
1602.7	832.222
1604.84	780.889
1606.98	762.222
1609.12	739.778
1611.26	718.667
1613.4	710.444
1615.54	691.778
1617.68	695.778
1619.81	694.889
1621.95	671.778
1624.08	680.222
1626.22	668.667
1628.35	670.667
1630.49	681.556
1632.62	681.555
1634.75	675.333
1636.88	683.778
1639.01	689.111
1641.14	701.333
1643.27	687.778
1645.4	700.444
1647.53	686.889
1649.66	698
1651.79	709.333
1653.91	714.222
1656.04	703.556
1658.16	709.778
1660.29	688.444
1662.41	683.556
1664.53	669.333
1666.66	669.556
1668.78	668.889
1670.9	660.667
1673.02	644.667
1675.14	648.222
1677.26	632
1679.38	628.667
1681.49	616.222
1683.61	623.111
1685.73	613.333
1687.84	615.111
1689.96	618.667
1692.07	608.889
1694.19	623.111
1696.3	615.333
1698.41	599.333
1700.52	606.667
1702.64	604.444
1704.75	598.222
1706.86	603.556
1708.97	606.222
1711.07	595.555
1713.18	589.333
1715.29	581.333
1717.4	604
1719.5	596.222
1721.61	585.556
1723.71	580.667
1725.82	569.333
1727.92	568.889
1730.02	575.333
1732.12	562.444
1734.23	559.333
1736.33	558
1738.43	557.778
1740.53	551.111
1742.63	553.111
1744.72	542.445
1746.82	537.111
1748.92	530
1751.02	540.667
1753.11	528.222
1755.21	535.333
1757.3	531.556
1759.4	545.111
1761.49	522.667
1763.58	527.111
1765.67	533.556
1767.76	532
1769.86	534.667
1771.95	522.667
1774.03	522.667
1776.12	523.111
1778.21	526.444
1780.3	516.889
1782.39	529.556
1784.47	525.778
1786.56	529.333
1788.64	514.667
1790.73	534.444
1792.81	513.778
1794.89	518
1796.98	518.667
1799.06	520.222
1801.14	529.556
1803.22	522
1805.3	523.556
1807.38	517.556
1809.46	524
1811.54	520.222
1813.61	525.778
1815.69	510.667
1817.77	511.333
1819.84	527.111
1821.92	512
1823.99	522.444
1826.06	518.667
1828.14	507.111
1830.21	509.556
1832.28	521.778
1834.35	516.222
1836.42	516
1838.49	508.444
1840.56	512.444
1842.63	501.333
1844.7	507.111
1846.77	499.556
1848.83	506.444
1850.9	500.222
1852.96	502
1855.03	506.667
1857.09	505.778
1859.15	502.889
1861.22	507.111
1863.28	498.222
1865.34	509.333
1867.4	498.889
1869.46	503.333
1871.52	504.667
1873.58	504.889
1875.64	493.333
1877.7	497.556
1879.76	509.778
1881.81	505.778
1883.87	491.111
1885.92	502.444
1887.98	491.333
1890.03	492.222
1892.09	490
1894.14	492.667
1896.19	496
1898.24	492.444
1900.29	494.222
1902.34	507.333
1904.4	493.778
1906.44	496.222
1908.49	492.444
1910.54	504.222
1912.59	494.444
1914.63	489.778
1916.68	498.889
1918.73	493.556
1920.77	488.444
1922.81	490.667
1924.86	493.778
1926.9	493.556
1928.94	490
1930.99	489.778
1933.03	490.667
1935.07	484.444
1937.11	494.222
1939.15	487.333
1941.19	492
1943.22	480.444
1945.26	478.667
1947.3	491.556
1949.33	476
1951.37	474.222
1953.4	479.111
1955.44	479.778
1957.47	475.556
1959.51	481.111
1961.54	468.889
1963.57	472
1965.6	480.444
1967.63	480
1969.66	473.111
1971.69	474.444
1973.72	478.444
1975.75	454.889
1977.78	476
1979.8	462.222
1981.83	469.556
1983.86	466.667
1985.88	464.222
1987.91	469.111
1989.93	471.778
1991.95	472.889
1993.98	461.333
1996	456.444
1998.02	461.111
2000.04	463.111
2002.06	468
2004.08	457.111
2006.1	463.111
2008.12	472.444
2010.14	451.778
2012.15	463.333
2014.17	464
2016.19	456.667
2018.2	466
2020.22	460
2022.23	458
2024.25	458.667
2026.26	459.333
2028.27	464.444
2030.28	467.778
2032.29	453.778
2034.3	451.111
2036.32	450.889
2038.32	449.111
2040.33	457.778
2042.34	463.333
2044.35	454.667
2046.36	452.222
2048.36	455.333
2050.37	460.222
2052.37	453.778
2054.38	449.778
2056.38	452.222
2058.39	448.222
2060.39	459.111
2062.39	456
2064.39	444.444
2066.39	452.667
2068.39	458.444
2070.39	456.667
2072.39	447.111
2074.39	454
2076.39	445.556
2078.39	444.667
2080.39	447.111
2082.38	447.556
2084.38	442.889
2086.37	451.556
2088.37	442.222
2090.36	445.556
2092.35	434.889
2094.35	440.889
2096.34	435.556
2098.33	442.222
2100.32	438
2102.31	441.333
2104.3	432.667
2106.29	438.444
2108.28	442.667
2110.27	444.444
2112.25	432
2114.24	436.222
2116.23	438.667
2118.21	431.778
2120.2	433.333
2122.18	428.667
2124.17	442
2126.15	428.667
2128.13	429.333
2130.11	431.778
2132.09	429.556
2134.08	422.667
2136.06	429.556
2138.04	440.889
2140.02	429.111
2141.99	428.667
2143.97	424.667
2145.95	430.889
2147.93	429.778
2149.9	427.778
2151.88	422.222
2153.85	429.778
2155.83	416.667
2157.8	415.111
2159.77	420
2161.75	430.444
2163.72	425.333
2165.69	417.556
2167.66	420
2169.63	416.222
2171.6	418.222
2173.57	412
2175.54	423.556
2177.51	417.333
2179.47	406.667
2181.44	414.667
2183.41	406.222
2185.37	420
2187.34	410.222
2189.3	412.667
2191.27	414
2193.23	397.556
2195.19	408.222
2197.15	405.556
2199.11	396.889
2201.08	402.222
2203.04	406
2205	410.444
2206.96	412
2208.91	410.444
2210.87	403.778
2212.83	404
2214.79	410.222
2216.74	399.556
2218.7	399.778
2220.65	401.111
2222.61	398.444
2224.56	401.778
2226.52	402.444
2228.47	402.667
2230.42	401.333
2232.37	396.444
2234.32	394.444
2236.27	392
2238.22	398.444
2240.17	399.556
2242.12	395.111
2244.07	385.778
2246.02	396
2247.97	389.556
2249.91	397.556
2251.86	397.556
2253.8	396
2255.75	398.667
2257.69	388.889
2259.64	384.444
2261.58	400.222
2263.52	392.889
2265.46	392
2267.4	389.556
2269.35	396.667
2271.29	387.778
2273.23	390.667
2275.16	384.222
2277.1	382.444
2279.04	392
2280.98	388.889
2282.92	389.333
2284.85	382.222
2286.79	387.111
2288.72	382.667
2290.66	380
2292.59	379.333
2294.52	372.222
2296.46	382.667
2298.39	374.222
2300.32	378.222
2302.25	376.444
2304.18	375.333
2306.11	384.667
2308.04	377.111
2309.97	373.778
2311.9	372.222
2313.83	380.222
2315.75	371.111
2317.68	360.444
2319.61	374.889
2321.53	374
2323.46	370.889
2325.38	377.556
2327.3	374.444
2329.23	374.889
2331.15	370
2333.07	375.556
2334.99	364
2336.91	369.333
2338.83	366
2340.75	362.667
2342.67	367.111
2344.59	364.889
2346.51	370
2348.43	372
2350.35	369.556
2352.26	366.444
2354.18	362.889
2356.09	359.111
2358.01	365.333
2359.92	373.556
2361.83	358.889
2363.75	360.222
2365.66	361.778
2367.57	356.222
2369.48	357.778
2371.39	348.667
2373.31	356
2375.21	363.556
2377.12	349.778
2379.03	359.111
2380.94	361.556
2382.85	355.333
2384.76	361.333
2386.66	356
2388.57	347.556
2390.47	355.111
2392.38	354.222
2394.28	349.333
2396.18	346.444
2398.09	351.778
2399.99	349.333
2401.89	344.889
2403.79	345.556
2405.69	352
2407.59	347.333
2409.49	348.889
2411.39	355.333
2413.29	346.444
2415.19	348.889
2417.09	345.111
2418.98	341.556
2420.88	344.667
2422.78	339.556
2424.67	339.778
2426.57	336.444
2428.46	348.444
2430.35	346
2432.25	342
2434.14	332.222
2436.03	341.333
2437.92	342
2439.81	340.444
2441.7	336.667
2443.59	344.667
2445.48	329.778
2447.37	339.778
2449.26	338.444
2451.15	340.889
2453.03	344.889
