204.377	634
206.045	630
207.713	634
209.38	650
211.048	632
212.715	654
214.381	668
216.047	682
217.712	670
219.377	680
221.042	692
222.706	686
224.369	662
226.032	658
227.695	662
229.357	668
231.019	690
232.68	660
234.341	660
236.001	648
237.661	648
239.321	600
240.98	566
242.639	534
244.297	456
245.955	432
247.612	408
249.268	364
250.924	336
252.58	306
254.236	288
255.891	256
257.546	242
259.2	244
260.854	232
262.507	222
264.16	226
265.812	210
267.463	216
269.115	196
270.766	196
272.417	198
274.067	192
275.717	188
277.365	194
279.014	178
280.663	186
282.311	188
283.958	204
285.605	198
287.252	196
288.898	194
290.543	206
292.188	224
293.833	218
295.477	240
297.121	220
298.765	224
300.407	216
302.05	208
303.693	172
305.334	178
306.975	166
308.615	178
310.256	174
311.896	164
313.535	172
315.175	168
316.813	176
318.451	174
320.089	178
321.726	172
323.362	174
324.999	170
326.635	166
328.271	176
329.905	170
331.54	164
333.174	154
334.807	150
336.441	168
338.074	164
339.707	156
341.338	168
342.969	168
344.601	154
346.231	164
347.861	156
349.491	132
351.12	142
352.749	148
354.378	146
356.006	148
357.633	122
359.261	128
360.887	130
362.513	140
364.139	124
365.764	136
367.39	130
369.014	118
370.638	130
372.261	124
373.884	130
375.508	134
377.13	122
378.752	128
380.373	126
381.994	130
383.615	136
385.235	146
386.854	142
388.473	144
390.092	128
391.711	138
393.328	142
394.947	146
396.564	158
398.181	142
399.797	156
401.412	158
403.027	148
404.642	168
406.257	168
407.871	172
409.484	168
411.098	146
412.711	158
414.323	158
415.935	138
417.547	134
419.158	120
420.768	132
422.378	124
423.988	128
425.597	114
427.206	122
428.814	124
430.422	108
432.03	108
433.637	88
435.243	100
436.85	92
438.456	104
440.062	86
441.666	94
443.271	86
444.876	76
446.479	92
448.082	84
449.685	76
451.287	86
452.89	86
454.492	84
456.092	78
457.693	78
459.293	84
460.893	78
462.492	76
464.092	82
465.691	86
467.288	80
468.887	90
470.483	100
472.081	100
473.677	106
475.273	112
476.869	118
478.463	110
480.059	106
481.653	118
483.247	122
484.84	114
486.433	110
488.026	116
489.618	96
491.21	102
492.801	106
494.392	102
495.983	88
497.573	80
499.162	82
500.752	80
502.341	76
503.929	76
505.517	88
507.105	84
508.692	84
510.279	98
511.865	108
513.45	118
515.037	110
516.621	104
518.206	100
519.79	100
521.374	96
522.957	100
524.54	110
526.123	114
527.705	128
529.287	132
530.868	134
532.448	156
534.029	162
535.609	168
537.188	184
538.768	192
540.346	210
541.925	198
543.502	212
545.08	186
546.657	174
548.234	164
549.81	140
551.386	146
552.961	146
554.536	128
556.11	116
557.684	152
559.258	156
560.832	188
562.405	222
563.977	292
565.55	378
567.12	474
568.692	598
570.263	650
571.833	674
573.403	600
574.973	474
576.542	362
578.111	278
579.679	212
581.247	176
582.815	166
584.382	164
585.948	160
587.514	136
589.081	146
590.645	146
592.211	124
593.775	118
595.339	116
596.904	124
598.466	112
600.03	102
601.592	100
603.154	100
604.715	92
606.277	88
607.838	94
609.398	108
610.958	94
612.518	112
614.077	124
615.636	158
617.194	206
618.753	350
620.31	488
621.867	430
623.424	282
624.98	198
626.537	142
628.092	128
629.647	112
631.202	102
632.756	100
634.31	94
635.864	92
637.417	86
638.969	80
640.521	82
642.074	76
643.625	72
645.176	78
646.726	68
648.276	76
649.827	68
651.376	68
652.925	60
654.473	60
656.021	58
657.569	56
659.117	56
660.664	50
662.21	54
663.757	54
665.302	54
666.847	48
668.392	54
669.937	56
671.481	52
673.025	48
674.568	48
676.111	52
677.653	54
679.195	44
680.737	46
682.279	52
683.82	52
685.36	50
686.9	50
688.44	54
689.979	52
691.517	52
693.056	68
694.594	54
696.132	58
697.669	62
699.206	64
700.742	68
702.278	62
703.814	70
705.35	70
706.884	70
708.419	64
709.953	70
711.487	70
713.019	68
714.552	66
716.085	66
717.617	76
719.148	76
720.68	84
722.21	94
723.741	106
725.271	108
726.8	106
728.33	88
729.858	86
731.387	94
732.915	88
734.443	108
735.97	110
737.497	110
739.023	126
740.549	130
742.075	134
743.6	134
745.125	126
746.65	138
748.173	146
749.697	140
751.22	150
752.743	168
754.266	162
755.788	176
757.309	170
758.831	166
760.351	160
761.871	146
763.392	156
764.912	142
766.431	138
767.95	140
769.468	136
770.986	130
772.504	132
774.022	134
775.538	134
777.055	116
778.571	140
780.086	150
781.602	156
783.117	160
784.632	182
786.146	192
787.659	194
789.173	204
790.685	198
792.198	214
793.71	208
795.222	210
796.733	216
798.244	202
799.755	196
801.265	184
802.775	150
804.284	136
805.793	138
807.302	124
808.81	112
810.318	114
811.826	116
813.333	110
814.84	100
816.346	98
817.851	88
819.357	92
820.862	84
822.367	90
823.871	90
825.376	86
826.878	112
828.382	120
829.885	148
831.387	208
832.889	244
834.391	228
835.892	194
837.392	144
838.893	104
840.393	126
841.893	118
843.392	122
844.891	116
846.389	100
847.888	96
849.386	94
850.882	100
852.38	86
853.876	84
855.372	86
856.868	84
858.363	90
859.858	94
861.353	84
862.847	86
864.341	86
865.834	84
867.328	88
868.82	78
870.313	86
871.805	94
873.296	80
874.787	88
876.278	76
877.769	86
879.258	78
880.748	86
882.237	80
883.726	80
885.214	74
886.702	78
888.19	72
889.677	74
891.164	74
892.651	78
894.137	78
895.623	80
897.108	72
898.593	84
900.077	80
901.562	86
903.046	96
904.529	96
906.012	88
907.495	86
908.977	88
910.459	82
911.941	84
913.422	72
914.903	80
916.383	68
917.863	68
919.343	72
920.822	64
922.301	66
923.779	66
925.257	68
926.735	62
928.213	70
929.69	64
931.166	68
932.643	64
934.119	72
935.594	72
937.069	68
938.543	72
940.018	70
941.492	76
942.966	80
944.439	80
945.911	76
947.384	90
948.856	88
950.328	96
951.799	106
953.27	120
954.741	134
956.21	150
957.68	152
959.15	164
960.619	164
962.088	148
963.556	144
965.023	132
966.491	140
967.958	126
969.425	128
970.891	112
972.357	104
973.824	106
975.288	108
976.754	110
978.218	112
979.682	124
981.146	114
982.609	142
984.072	150
985.534	164
986.997	198
988.459	228
989.92	286
991.382	350
992.842	338
994.302	382
995.763	510
997.222	772
998.681	1270
1000.14	1854
1001.6	2148
1003.06	1786
1004.52	1146
1005.97	654
1007.43	380
1008.89	254
1010.34	196
1011.8	138
1013.25	138
1014.71	132
1016.16	126
1017.62	118
1019.07	130
1020.53	142
1021.98	152
1023.43	208
1024.89	258
1026.34	330
1027.79	420
1029.24	536
1030.69	584
1032.14	552
1033.59	522
1035.04	414
1036.49	326
1037.94	254
1039.39	214
1040.84	154
1042.29	150
1043.73	132
1045.18	134
1046.63	108
1048.08	104
1049.52	108
1050.97	100
1052.41	104
1053.86	92
1055.3	94
1056.75	98
1058.19	106
1059.64	104
1061.08	104
1062.52	104
1063.96	104
1065.41	108
1066.85	106
1068.29	116
1069.73	104
1071.17	110
1072.61	104
1074.05	112
1075.49	106
1076.93	100
1078.37	108
1079.81	108
1081.25	102
1082.68	94
1084.12	110
1085.56	110
1087	110
1088.43	106
1089.87	108
1091.3	96
1092.74	104
1094.17	102
1095.61	104
1097.04	102
1098.48	110
1099.91	114
1101.34	106
1102.78	102
1104.21	102
1105.64	112
1107.07	106
1108.5	112
1109.93	148
1111.36	150
1112.8	162
1114.22	150
1115.65	128
1117.08	98
1118.51	102
1119.94	80
1121.37	84
1122.8	70
1124.22	78
1125.65	78
1127.08	68
1128.5	66
1129.93	70
1131.35	64
1132.78	76
1134.2	70
1135.63	68
1137.05	72
1138.48	72
1139.9	76
1141.32	74
1142.75	86
1144.17	90
1145.59	94
1147.01	104
1148.43	116
1149.85	130
1151.27	170
1152.69	200
1154.11	246
1155.53	252
1156.95	238
1158.37	192
1159.79	170
1161.21	156
1162.62	140
1164.04	124
1165.46	120
1166.87	122
1168.29	120
1169.71	130
1171.12	132
1172.54	136
1173.95	152
1175.37	172
1176.78	212
1178.19	254
1179.61	296
1181.02	330
1182.43	314
1183.84	310
1185.26	308
1186.67	294
1188.08	304
1189.49	298
1190.9	314
1192.31	312
1193.72	310
1195.13	296
1196.54	316
1197.95	310
1199.36	272
1200.76	306
1202.17	274
1203.58	276
1204.99	262
1206.39	226
1207.8	216
1209.2	182
1210.61	164
1212.01	164
1213.42	144
1214.82	142
1216.23	118
1217.63	120
1219.03	124
1220.44	124
1221.84	116
1223.24	116
1224.64	122
1226.05	112
1227.45	118
1228.85	116
1230.25	118
1231.65	112
1233.05	96
1234.45	106
1235.85	90
1237.25	94
1238.64	96
1240.04	88
1241.44	86
1242.84	86
1244.23	94
1245.63	90
1247.03	92
1248.42	100
1249.82	86
1251.21	78
1252.61	86
1254	82
1255.4	86
1256.79	94
1258.19	86
1259.58	82
1260.97	86
1262.36	88
1263.76	80
1265.15	90
1266.54	80
1267.93	92
1269.32	82
1270.71	82
1272.1	82
1273.49	86
1274.88	90
1276.27	92
1277.66	82
1279.05	96
1280.43	92
1281.82	94
1283.21	100
1284.6	104
1285.98	104
1287.37	98
1288.75	104
1290.14	120
1291.53	118
1292.91	132
1294.29	138
1295.68	146
1297.06	160
1298.45	184
1299.83	198
1301.21	234
1302.59	268
1303.98	292
1305.36	296
1306.74	280
1308.12	254
1309.5	204
1310.88	180
1312.26	168
1313.64	160
1315.02	148
1316.4	142
1317.78	140
1319.16	148
1320.53	140
1321.91	154
1323.29	154
1324.67	148
1326.04	140
1327.42	136
1328.79	144
1330.17	150
1331.54	140
1332.92	136
1334.29	130
1335.67	132
1337.04	116
1338.42	118
1339.79	118
1341.16	102
1342.53	106
1343.91	120
1345.28	100
1346.65	102
1348.02	102
1349.39	106
1350.76	110
1352.13	108
1353.5	108
1354.87	106
1356.24	100
1357.61	98
1358.98	106
1360.34	100
1361.71	100
1363.08	90
1364.45	96
1365.81	102
1367.18	102
1368.54	100
1369.91	124
1371.28	114
1372.64	114
1374.01	136
1375.37	154
1376.73	178
1378.1	188
1379.46	202
1380.82	192
1382.19	178
1383.55	160
1384.91	128
1386.27	110
1387.63	98
1388.99	78
1390.35	74
1391.71	74
1393.07	78
1394.43	76
1395.79	68
1397.15	74
1398.51	68
1399.87	70
1401.23	74
1402.58	76
1403.94	70
1405.3	66
1406.65	72
1408.01	76
1409.37	74
1410.72	74
1412.08	66
1413.43	70
1414.79	74
1416.14	74
1417.49	70
1418.85	70
1420.2	72
1421.55	86
1422.91	78
1424.26	88
1425.61	86
1426.96	94
1428.31	90
1429.66	86
1431.01	96
1432.36	94
1433.71	108
1435.06	108
1436.41	120
1437.76	120
1439.11	136
1440.46	130
1441.81	140
1443.15	142
1444.5	148
1445.85	154
1447.19	172
1448.54	158
1449.89	162
1451.23	168
1452.58	156
1453.92	146
1455.27	138
1456.61	124
1457.95	102
1459.3	100
1460.64	86
1461.98	80
1463.33	80
1464.67	74
1466.01	86
1467.35	76
1468.69	72
1470.03	76
1471.37	76
1472.71	74
1474.05	70
1475.39	66
1476.73	68
1478.07	74
1479.41	72
1480.75	70
1482.09	64
1483.42	68
1484.76	72
1486.1	70
1487.43	66
1488.77	68
1490.11	62
1491.44	66
1492.78	70
1494.11	74
1495.45	62
1496.78	70
1498.12	66
1499.45	68
1500.78	64
1502.11	72
1503.45	62
1504.78	54
1506.11	64
1507.44	62
1508.77	58
1510.11	66
1511.44	62
1512.77	56
1514.1	62
1515.43	60
1516.76	64
1518.08	66
1519.41	66
1520.74	64
1522.07	68
1523.4	64
1524.72	58
1526.05	68
1527.38	58
1528.7	60
1530.03	50
1531.36	58
1532.68	62
1534.01	62
1535.33	58
1536.66	64
1537.98	54
1539.3	60
1540.63	60
1541.95	64
1543.27	62
1544.6	66
1545.92	62
1547.24	68
1548.56	62
1549.88	68
1551.2	64
1552.52	66
1553.84	52
1555.17	60
1556.48	70
1557.8	76
1559.12	64
1560.44	62
1561.76	62
1563.08	64
1564.4	68
1565.71	76
1567.03	70
1568.35	72
1569.66	70
1570.98	78
1572.29	78
1573.61	84
1574.93	106
1576.24	116
1577.55	120
1578.87	148
1580.18	176
1581.5	230
1582.81	232
1584.12	240
1585.43	214
1586.75	186
1588.06	152
1589.37	158
1590.68	166
1591.99	190
1593.3	206
1594.61	224
1595.92	266
1597.23	308
1598.54	384
1599.85	456
1601.16	506
1602.47	474
1603.78	450
1605.08	402
1606.39	350
1607.7	286
1609	238
1610.31	208
1611.62	168
1612.92	150
1614.23	138
1615.53	142
1616.84	126
1618.14	104
1619.45	100
1620.75	98
1622.06	88
1623.36	72
1624.66	80
1625.96	72
1627.27	80
1628.57	72
1629.87	64
1631.17	64
1632.47	64
1633.77	64
1635.07	54
1636.37	62
1637.67	66
1638.97	68
1640.27	62
1641.57	66
1642.87	66
1644.17	62
1645.47	66
1646.76	64
1648.06	60
1649.36	68
1650.66	64
1651.95	58
1653.25	56
1654.54	46
1655.84	52
1657.13	48
1658.43	54
1659.72	52
1661.02	52
1662.31	52
1663.6	50
1664.9	52
1666.19	48
1667.48	50
1668.78	54
1670.07	48
1671.36	56
1672.65	52
1673.94	52
1675.23	50
1676.52	52
1677.81	50
1679.1	56
1680.39	50
1681.68	54
1682.97	58
1684.26	42
1685.55	54
1686.83	48
1688.12	52
1689.41	52
1690.7	48
1691.98	54
1693.27	46
1694.55	50
1695.84	48
1697.13	50
1698.41	52
1699.69	48
1700.98	50
1702.26	48
