204.377	604
206.045	624
207.713	620
209.38	642
211.048	652
212.715	680
214.381	660
216.047	650
217.712	656
219.377	672
221.042	656
222.706	678
224.369	674
226.032	658
227.695	692
229.357	656
231.019	666
232.68	678
234.341	634
236.001	656
237.661	624
239.321	610
240.98	546
242.639	502
244.297	498
245.955	422
247.612	386
249.268	360
250.924	340
252.58	310
254.236	300
255.891	260
257.546	258
259.2	230
260.854	222
262.507	204
264.16	214
265.812	198
267.463	200
269.115	200
270.766	202
272.417	200
274.067	182
275.717	192
277.365	176
279.014	190
280.663	180
282.311	188
283.958	170
285.605	182
287.252	196
288.898	192
290.543	200
292.188	198
293.833	218
295.477	222
297.121	212
298.765	222
300.407	206
302.05	196
303.693	162
305.334	168
306.975	174
308.615	172
310.256	180
311.896	162
313.535	160
315.175	164
316.813	162
318.451	178
320.089	176
321.726	176
323.362	176
324.999	162
326.635	170
328.271	176
329.905	160
331.54	170
333.174	170
334.807	158
336.441	170
338.074	162
339.707	160
341.338	158
342.969	162
344.601	150
346.231	154
347.861	150
349.491	144
351.12	146
352.749	144
354.378	142
356.006	144
357.633	144
359.261	126
360.887	140
362.513	130
364.139	130
365.764	126
367.39	130
369.014	118
370.638	114
372.261	120
373.884	122
375.508	128
377.13	130
378.752	130
380.373	118
381.994	134
383.615	138
385.235	138
386.854	128
388.473	142
390.092	128
391.711	134
393.328	142
394.947	130
396.564	146
398.181	138
399.797	150
401.412	162
403.027	144
404.642	168
406.257	170
407.871	168
409.484	156
411.098	152
412.711	148
414.323	144
415.935	140
417.547	140
419.158	124
420.768	128
422.378	122
423.988	116
425.597	122
427.206	124
428.814	106
430.422	102
432.03	100
433.637	102
435.243	96
436.85	96
438.456	88
440.062	96
441.666	80
443.271	86
444.876	88
446.479	88
448.082	84
449.685	74
451.287	80
452.89	80
454.492	74
456.092	78
457.693	76
459.293	72
460.893	72
462.492	70
464.092	78
465.691	86
467.288	90
468.887	90
470.483	90
472.081	102
473.677	102
475.273	112
476.869	114
478.463	118
480.059	122
481.653	106
483.247	114
484.84	108
486.433	108
488.026	102
489.618	104
491.21	104
492.801	104
494.392	98
495.983	84
497.573	80
499.162	76
500.752	76
502.341	86
503.929	76
505.517	82
507.105	80
508.692	84
510.279	102
511.865	104
513.45	108
515.037	132
516.621	106
518.206	94
519.79	104
521.374	96
522.957	100
524.54	92
526.123	104
527.705	126
529.287	146
530.868	134
532.448	148
534.029	152
535.609	180
537.188	182
538.768	196
540.346	206
541.925	202
543.502	210
545.08	190
546.657	178
548.234	158
549.81	128
551.386	126
552.961	132
554.536	136
556.11	128
557.684	140
559.258	162
560.832	194
562.405	230
563.977	308
565.55	382
567.12	474
568.692	596
570.263	674
571.833	662
573.403	610
574.973	462
576.542	372
578.111	278
579.679	216
581.247	182
582.815	170
584.382	158
585.948	160
587.514	154
589.081	148
590.645	142
592.211	134
593.775	130
595.339	130
596.904	112
598.466	104
600.03	102
601.592	92
603.154	94
604.715	92
606.277	90
607.838	94
609.398	82
610.958	104
612.518	108
614.077	124
615.636	150
617.194	216
618.753	340
620.31	482
621.867	456
623.424	284
624.98	188
626.537	144
628.092	126
629.647	106
631.202	104
632.756	90
634.31	90
635.864	80
637.417	70
638.969	84
640.521	76
642.074	78
643.625	72
645.176	78
646.726	58
648.276	56
649.827	70
651.376	60
652.925	54
654.473	60
656.021	62
657.569	56
659.117	54
660.664	52
662.21	56
663.757	50
665.302	52
666.847	54
668.392	50
669.937	50
671.481	54
673.025	50
674.568	54
676.111	48
677.653	52
679.195	52
680.737	54
682.279	48
683.82	50
685.36	54
686.9	48
688.44	52
689.979	46
691.517	46
693.056	50
694.594	52
696.132	54
697.669	66
699.206	66
700.742	64
702.278	64
703.814	64
705.35	58
706.884	66
708.419	68
709.953	56
711.487	68
713.019	68
714.552	74
716.085	64
717.617	68
719.148	70
720.68	94
722.21	94
723.741	94
725.271	100
726.8	102
728.33	92
729.858	90
731.387	90
732.915	94
734.443	88
735.97	102
737.497	116
739.023	112
740.549	130
742.075	128
743.6	144
745.125	138
746.65	144
748.173	144
749.697	156
751.22	148
752.743	144
754.266	164
755.788	168
757.309	168
758.831	158
760.351	168
761.871	148
763.392	158
764.912	142
766.431	138
767.95	142
769.468	142
770.986	130
772.504	142
774.022	128
775.538	132
777.055	134
778.571	150
780.086	134
781.602	142
783.117	168
784.632	154
786.146	178
787.659	178
789.173	210
790.685	208
792.198	216
793.71	210
795.222	218
796.733	214
798.244	186
799.755	164
801.265	178
802.775	158
804.284	134
805.793	124
807.302	120
808.81	114
810.318	112
811.826	98
813.333	108
814.84	96
816.346	98
817.851	86
819.357	88
820.862	82
822.367	88
823.871	90
825.376	88
826.878	102
828.382	126
829.885	156
831.387	204
832.889	236
834.391	230
835.892	194
837.392	152
838.893	136
840.393	116
841.893	114
843.392	108
844.891	110
846.389	110
847.888	98
849.386	100
850.882	96
852.38	82
853.876	86
855.372	96
856.868	88
858.363	84
859.858	90
861.353	90
862.847	84
864.341	78
865.834	90
867.328	86
868.82	86
870.313	92
871.805	86
873.296	82
874.787	74
876.278	72
877.769	76
879.258	82
880.748	78
882.237	68
883.726	70
885.214	80
886.702	68
888.19	78
889.677	72
891.164	80
892.651	68
894.137	76
895.623	78
897.108	82
898.593	82
900.077	84
901.562	96
903.046	100
904.529	96
906.012	98
907.495	92
908.977	94
910.459	86
911.941	86
913.422	78
914.903	74
916.383	80
917.863	66
919.343	66
920.822	68
922.301	72
923.779	66
925.257	62
926.735	60
928.213	68
929.69	66
931.166	72
932.643	66
934.119	70
935.594	62
937.069	70
938.543	66
940.018	72
941.492	76
942.966	72
944.439	82
945.911	74
947.384	82
948.856	94
950.328	82
951.799	106
953.27	116
954.741	126
956.21	144
957.68	146
959.15	170
960.619	156
962.088	158
963.556	164
965.023	142
966.491	134
967.958	134
969.425	122
970.891	120
972.357	110
973.824	108
975.288	110
976.754	106
978.218	116
979.682	120
981.146	134
982.609	144
984.072	144
985.534	174
986.997	186
988.459	254
989.92	286
991.382	344
992.842	362
994.302	396
995.763	478
997.222	766
998.681	1266
1000.14	1918
1001.6	2148
1003.06	1828
1004.52	1174
1005.97	642
1007.43	392
1008.89	254
1010.34	186
1011.8	156
1013.25	140
1014.71	124
1016.16	126
1017.62	118
1019.07	134
1020.53	154
1021.98	170
1023.43	216
1024.89	256
1026.34	334
1027.79	412
1029.24	516
1030.69	562
1032.14	570
1033.59	488
1035.04	420
1036.49	342
1037.94	244
1039.39	204
1040.84	172
1042.29	148
1043.73	136
1045.18	132
1046.63	116
1048.08	108
1049.52	100
1050.97	104
1052.41	100
1053.86	102
1055.3	98
1056.75	92
1058.19	100
1059.64	102
1061.08	92
1062.52	102
1063.96	102
1065.41	110
1066.85	110
1068.29	110
1069.73	112
1071.17	114
1072.61	108
1074.05	114
1075.49	100
1076.93	100
1078.37	106
1079.81	104
1081.25	110
1082.68	108
1084.12	104
1085.56	110
1087	110
1088.43	108
1089.87	96
1091.3	104
1092.74	104
1094.17	108
1095.61	116
1097.04	102
1098.48	106
1099.91	110
1101.34	96
1102.78	104
1104.21	114
1105.64	100
1107.07	110
1108.5	120
1109.93	140
1111.36	158
1112.8	160
1114.22	148
1115.65	126
1117.08	108
1118.51	92
1119.94	86
1121.37	82
1122.8	70
1124.22	80
1125.65	62
1127.08	62
1128.5	56
1129.93	72
1131.35	66
1132.78	68
1134.2	76
1135.63	70
1137.05	74
1138.48	76
1139.9	74
1141.32	76
1142.75	76
1144.17	84
1145.59	90
1147.01	96
1148.43	108
1149.85	128
1151.27	170
1152.69	222
1154.11	248
1155.53	260
1156.95	230
1158.37	210
1159.79	162
1161.21	152
1162.62	136
1164.04	114
1165.46	120
1166.87	120
1168.29	138
1169.71	126
1171.12	132
1172.54	146
1173.95	152
1175.37	182
1176.78	218
1178.19	260
1179.61	290
1181.02	330
1182.43	332
1183.84	322
1185.26	322
1186.67	300
1188.08	306
1189.49	296
1190.9	308
1192.31	312
1193.72	332
1195.13	310
1196.54	330
1197.95	342
1199.36	300
1200.76	282
1202.17	296
1203.58	272
1204.99	254
1206.39	236
1207.8	208
1209.2	194
1210.61	166
1212.01	156
1213.42	138
1214.82	136
1216.23	130
1217.63	122
1219.03	116
1220.44	110
1221.84	120
1223.24	118
1224.64	112
1226.05	106
1227.45	110
1228.85	112
1230.25	116
1231.65	112
1233.05	108
1234.45	102
1235.85	98
1237.25	94
1238.64	96
1240.04	80
1241.44	88
1242.84	88
1244.23	84
1245.63	82
1247.03	96
1248.42	80
1249.82	86
1251.21	86
1252.61	90
1254	82
1255.4	90
1256.79	88
1258.19	88
1259.58	90
1260.97	80
1262.36	76
1263.76	86
1265.15	80
1266.54	80
1267.93	88
1269.32	84
1270.71	88
1272.1	84
1273.49	88
1274.88	78
1276.27	84
1277.66	88
1279.05	84
1280.43	94
1281.82	86
1283.21	104
1284.6	100
1285.98	104
1287.37	108
1288.75	118
1290.14	98
1291.53	120
1292.91	126
1294.29	128
1295.68	144
1297.06	146
1298.45	172
1299.83	210
1301.21	230
1302.59	278
1303.98	302
1305.36	308
1306.74	282
1308.12	238
1309.5	226
1310.88	186
1312.26	180
1313.64	162
1315.02	154
1316.4	164
1317.78	148
1319.16	140
1320.53	144
1321.91	156
1323.29	140
1324.67	142
1326.04	146
1327.42	158
1328.79	148
1330.17	142
1331.54	148
1332.92	132
1334.29	134
1335.67	120
1337.04	116
1338.42	114
1339.79	116
1341.16	118
1342.53	112
1343.91	104
1345.28	104
1346.65	106
1348.02	112
1349.39	106
1350.76	112
1352.13	96
1353.5	96
1354.87	106
1356.24	102
1357.61	100
1358.98	106
1360.34	102
1361.71	92
1363.08	96
1364.45	104
1365.81	108
1367.18	104
1368.54	110
1369.91	106
1371.28	110
1372.64	122
1374.01	136
1375.37	148
1376.73	182
1378.1	190
1379.46	200
1380.82	200
1382.19	184
1383.55	158
1384.91	130
1386.27	104
1387.63	86
1388.99	86
1390.35	76
1391.71	82
1393.07	80
1394.43	72
1395.79	68
1397.15	72
1398.51	64
1399.87	72
1401.23	72
1402.58	62
1403.94	70
1405.3	68
1406.65	74
1408.01	72
1409.37	70
1410.72	68
1412.08	76
1413.43	68
1414.79	80
1416.14	78
1417.49	78
1418.85	74
1420.2	84
1421.55	88
1422.91	84
1424.26	92
1425.61	84
1426.96	88
1428.31	86
1429.66	82
1431.01	98
1432.36	100
1433.71	106
1435.06	106
1436.41	130
1437.76	134
1439.11	128
1440.46	144
1441.81	138
1443.15	146
1444.5	148
1445.85	158
1447.19	168
1448.54	162
1449.89	158
1451.23	162
1452.58	152
1453.92	148
1455.27	136
1456.61	128
1457.95	120
1459.3	98
1460.64	106
1461.98	96
1463.33	92
1464.67	82
1466.01	82
1467.35	74
1468.69	82
1470.03	76
1471.37	74
1472.71	82
1474.05	78
1475.39	76
1476.73	74
1478.07	72
1479.41	70
1480.75	62
1482.09	68
1483.42	64
1484.76	72
1486.1	66
1487.43	64
1488.77	68
1490.11	72
1491.44	66
1492.78	76
1494.11	68
1495.45	62
1496.78	68
1498.12	66
1499.45	70
1500.78	62
1502.11	66
1503.45	62
1504.78	56
1506.11	60
1507.44	64
1508.77	64
1510.11	64
1511.44	62
1512.77	60
1514.1	68
1515.43	62
1516.76	60
1518.08	62
1519.41	62
1520.74	66
1522.07	64
1523.4	64
1524.72	60
1526.05	68
1527.38	60
1528.7	58
1530.03	62
1531.36	62
1532.68	68
1534.01	54
1535.33	68
1536.66	60
1537.98	64
1539.3	64
1540.63	66
1541.95	62
1543.27	68
1544.6	64
1545.92	64
1547.24	62
1548.56	62
1549.88	70
1551.2	68
1552.52	66
1553.84	52
1555.17	62
1556.48	58
1557.8	68
1559.12	72
1560.44	66
1561.76	64
1563.08	68
1564.4	64
1565.71	70
1567.03	78
1568.35	74
1569.66	74
1570.98	76
1572.29	76
1573.61	94
1574.93	104
1576.24	112
1577.55	128
1578.87	130
1580.18	180
1581.5	220
1582.81	234
1584.12	232
1585.43	202
1586.75	178
1588.06	152
1589.37	164
1590.68	158
1591.99	176
1593.3	212
1594.61	228
1595.92	268
1597.23	314
1598.54	376
1599.85	452
1601.16	490
1602.47	488
1603.78	452
1605.08	412
1606.39	338
1607.7	298
1609	242
1610.31	192
1611.62	176
1612.92	160
1614.23	156
1615.53	126
1616.84	118
1618.14	112
1619.45	106
1620.75	92
1622.06	96
1623.36	82
1624.66	80
1625.96	80
1627.27	66
1628.57	72
1629.87	74
1631.17	62
1632.47	64
1633.77	68
1635.07	64
1636.37	54
1637.67	62
1638.97	66
1640.27	64
1641.57	64
1642.87	64
1644.17	60
1645.47	72
1646.76	58
1648.06	62
1649.36	64
1650.66	56
1651.95	62
1653.25	54
1654.54	62
1655.84	58
1657.13	56
1658.43	56
1659.72	50
1661.02	56
1662.31	44
1663.6	56
1664.9	50
1666.19	52
1667.48	50
1668.78	52
1670.07	54
1671.36	56
1672.65	52
1673.94	54
1675.23	52
1676.52	50
1677.81	52
1679.1	48
1680.39	56
1681.68	54
1682.97	54
1684.26	50
1685.55	48
1686.83	48
1688.12	44
1689.41	52
1690.7	52
1691.98	52
1693.27	50
1694.55	52
1695.84	50
1697.13	52
1698.41	50
1699.69	44
1700.98	48
1702.26	52
