365.286	827.483
368.238	813.14
371.189	826.185
374.139	821.278
377.087	867.567
380.034	857.759
382.979	834.402
385.923	840.436
388.866	819.366
391.806	817.12
394.745	796.204
397.684	809.568
400.62	810.932
403.555	816.436
406.49	815.658
409.421	800.963
412.353	805.673
415.282	780.104
418.209	794.834
421.137	796.052
424.062	793.844
426.985	776.344
429.908	787.366
432.829	800.552
435.748	783.305
438.666	797.392
441.583	791.963
444.498	786.6
447.412	763.256
450.324	782.614
453.235	778.467
456.145	768.281
459.052	760.281
461.959	738.805
464.865	729.104
467.769	714.26
470.671	705.63
473.572	704.286
476.471	719.011
479.37	692.371
482.266	718.66
485.162	715.226
488.056	702.261
490.948	704.685
493.839	712.172
496.73	693.619
499.618	723.797
502.505	702.508
505.39	689.089
508.275	698.374
511.157	719.599
514.039	684.963
516.919	682.071
519.798	696.482
522.674	664.877
525.55	667.655
528.425	641.575
531.297	642.988
534.169	640.219
537.039	643.593
539.908	631.02
542.775	628.433
545.642	630.266
548.506	633.382
551.369	616.215
554.231	607.186
557.092	620.711
559.951	609.616
562.808	618.718
565.664	625.686
568.519	617.727
571.373	643.598
574.225	652.091
577.076	647.718
579.925	665.607
582.773	666.417
585.62	658.71
588.466	634.005
591.309	618.887
594.152	609.829
596.993	611.452
599.832	603.534
602.671	613.215
605.508	608.141
608.343	597.826
611.178	590.518
614.011	592.477
616.842	597.956
619.672	596.346
622.501	590.577
625.329	609.625
628.155	605.169
630.98	623.572
633.802	618.513
636.624	624.605
639.445	624.11
642.264	621.241
645.082	609.666
647.898	614.655
650.714	621.723
653.527	596.186
656.34	608.837
659.151	595.596
661.961	588.473
664.769	604.877
667.576	588.294
670.382	586.862
673.186	595.137
675.989	605.727
678.791	589.905
681.591	596.704
684.39	598.352
687.187	608.033
689.983	609.802
692.779	610.852
695.572	603.218
698.363	617.345
701.155	626.418
703.944	615.737
706.733	618.404
709.519	616.585
712.305	624.79
715.089	617.806
717.871	615.707
720.653	613.497
723.433	606.175
726.212	604.99
728.989	598.598
731.765	596.174
734.54	592.574
737.313	595.988
740.085	593.738
742.856	586.236
745.625	583.105
748.394	577.698
751.16	577.865
753.926	570.948
756.689	573.012
759.452	575.071
762.214	584.761
764.974	569.65
767.733	566.438
770.49	559.265
773.246	565.555
776.001	563.313
778.755	579.752
781.507	567.44
784.258	572.408
787.007	573.957
789.756	572.337
792.502	578.627
795.247	585.841
797.992	586.463
800.735	579.13
803.477	580.442
806.217	584.394
808.956	589.172
811.694	605.949
814.43	608.112
817.165	602.663
819.899	591.443
822.631	611.229
825.362	588.007
828.092	585.79
830.82	606.431
833.548	595.707
836.274	596.273
838.998	589.475
841.721	588.857
844.444	595.119
847.165	589.653
849.884	596.947
852.601	585.741
855.318	588.593
858.034	587.119
860.749	585.424
863.461	583.588
866.173	603.249
868.883	585.833
871.592	606.03
874.3	571.286
877.006	587.981
879.712	583.511
882.415	571.174
885.118	564.376
887.819	570.544
890.519	568.594
893.218	553.938
895.914	555.029
898.611	565.79
901.306	560.301
903.999	556.756
906.692	552.282
909.382	556.068
912.072	540.734
914.761	554.291
917.447	554.597
920.133	551.941
922.818	555.672
925.501	556.482
928.183	545.172
930.864	547.495
933.543	548.931
936.221	549.942
938.898	540.511
941.574	539.325
944.248	533.122
946.921	530.242
949.593	529.215
952.263	511.588
954.932	514.426
957.6	514.193
960.267	506.468
962.932	493.859
965.597	497.932
968.26	489.255
970.922	504.557
973.581	493.122
976.241	500.184
978.898	491.839
981.555	483.191
984.21	500.607
986.864	503.041
989.517	513.141
992.169	511.784
994.819	525.992
997.468	540.15
1000.12	527.704
1002.76	516.96
1005.41	512.041
1008.05	525.961
1010.69	513.355
1013.34	497.062
1015.98	504.759
1018.61	494.548
1021.25	495.658
1023.89	508.172
1026.52	498.798
1029.16	505.229
1031.79	506.548
1034.42	488.654
1037.05	493.952
1039.68	485.618
1042.31	493.283
1044.93	496.129
1047.56	493.859
1050.18	501.679
1052.81	534.307
1055.43	524.671
1058.05	517.485
1060.67	539.14
1063.28	545.188
1065.9	599.219
1068.52	621.842
1071.13	663.889
1073.74	666.351
1076.35	658.57
1078.96	632.87
1081.57	632.141
1084.18	617.022
1086.79	601.138
1089.39	632.133
1092	658.184
1094.6	656.567
1097.2	672.629
1099.8	655.976
1102.4	621.979
1105	635.614
1107.6	614.212
1110.19	632.53
1112.79	626.022
1115.38	640.437
1117.97	643.022
1120.56	642.888
1123.15	648.345
1125.74	648.677
1128.33	629.473
1130.91	631.466
1133.5	613.244
1136.08	616.311
1138.66	615.498
1141.24	599.881
1143.82	592.162
1146.4	590.303
1148.98	600.475
1151.55	606.604
1154.13	601.049
1156.7	604.087
1159.27	609.485
1161.85	612.717
1164.42	609.118
1166.98	608.633
1169.55	616.663
1172.12	619.601
1174.68	622.178
1177.25	612.865
1179.81	601.766
1182.37	602.033
1184.93	593.12
1187.49	592.999
1190.05	598.33
1192.6	595.81
1195.16	595.051
1197.71	614.316
1200.27	613.544
1202.82	621.76
1205.37	611.443
1207.92	613.218
1210.47	622.584
1213.01	620.817
1215.56	623.447
1218.1	627.821
1220.65	644.832
1223.19	649.891
1225.73	665.463
1228.27	647.196
1230.81	656.943
1233.35	669.963
1235.88	670.336
1238.42	671.052
1240.95	678.728
1243.48	678.741
1246.02	668.099
1248.55	677.707
1251.07	665.572
1253.6	674.771
1256.13	670.154
1258.66	685.366
1261.18	684.807
1263.7	679.34
1266.22	669.598
1268.75	670.976
1271.27	668.086
1273.78	662.167
1276.3	677.197
1278.82	659.983
1281.33	666.707
1283.85	659.614
1286.36	652.26
1288.87	661.932
1291.38	644.515
1293.89	648.154
1296.4	642.436
1298.9	639.88
1301.41	627.214
1303.91	626.609
1306.41	616.482
1308.92	603.787
1311.42	616.11
1313.92	617.465
1316.42	603.172
1318.91	602.688
1321.41	604.635
1323.9	613.523
1326.4	602.497
1328.89	595.404
1331.38	617.057
1333.87	604.027
1336.36	590.549
1338.85	590.26
1341.34	603.624
1343.82	569.382
1346.31	570.24
1348.79	571.367
1351.27	566.215
1353.75	566.154
1356.23	559.097
1358.71	547.955
1361.19	547.921
1363.66	557.887
1366.14	551.986
1368.61	551.718
1371.09	558.113
1373.56	554.376
1376.03	556.376
1378.5	552.397
1380.96	541.644
1383.43	557.154
1385.9	546.908
1388.36	521.992
1390.83	518.2
1393.29	531.616
1395.75	537.112
1398.21	524.676
1400.67	518.077
1403.13	523.069
1405.58	521.744
1408.04	504.586
1410.49	509.386
1412.95	524.983
1415.4	522.015
1417.85	522.671
1420.3	518.231
1422.75	520.245
1425.2	533.015
1427.64	527.503
1430.09	526.182
1432.53	525.427
1434.97	521.967
1437.42	521.94
1439.86	540.366
1442.3	522.477
1444.73	526.922
1447.17	531.72
1449.61	526.573
1452.04	542.097
1454.48	535.485
1456.91	542.943
1459.34	550.787
1461.77	533.963
1464.2	543.953
1466.63	545.73
1469.06	533.443
1471.48	539.568
1473.91	538.573
1476.33	530.832
1478.75	519.554
1481.17	525.577
1483.6	524.443
1486.01	528.829
1488.43	515.265
1490.85	526.887
1493.27	510.588
1495.68	524.699
1498.09	519.337
1500.51	519.81
1502.92	525.64
1505.33	521.79
1507.74	536.584
1510.14	538.254
1512.55	542.921
1514.96	546.254
1517.36	563.374
1519.77	557.477
1522.17	546.921
1524.57	552.608
1526.97	549.707
1529.37	556.152
1531.77	556.704
1534.16	568.208
1536.56	548.475
1538.95	548.776
1541.35	550.746
1543.74	536.041
1546.13	546.215
1548.52	560.89
1550.91	559.113
1553.3	556.804
1555.68	559.891
1558.07	574.826
1560.45	582.76
1562.84	572.64
1565.22	579.76
1567.6	602.937
1569.98	588.487
1572.36	588.149
1574.74	621.5
1577.12	611.968
1579.49	626.993
1581.87	635.536
1584.24	639.143
1586.61	626.418
1588.98	611.389
1591.35	592.964
1593.72	606.661
1596.09	596.851
1598.46	579.461
1600.82	561.037
1603.19	548.94
1605.55	546.699
1607.92	526.193
1610.28	514.768
1612.64	499.385
1615	469.957
1617.36	468.216
1619.71	446.815
1622.07	432.617
1624.42	421.912
1626.78	415.779
1629.13	400.283
1631.48	397.079
1633.83	385.017
1636.18	376.917
1638.53	363.373
1640.88	355.284
1643.22	346.642
1645.57	335.972
1647.91	330.795
1650.26	323.713
1652.6	318.912
1654.94	318.22
1657.28	314.507
1659.62	306.791
1661.96	302.976
1664.29	287.325
1666.63	284.937
1668.96	286.625
1671.3	276.662
1673.63	269.63
1675.96	257.32
1678.29	262.995
1680.62	252.994
1682.95	256.841
1685.27	240.147
1687.6	251.158
1689.92	239.662
1692.25	243.794
1694.57	231.447
1696.89	244.29
1699.21	237.075
1701.53	236.692
1703.85	231.136
1706.17	240.012
1708.48	236.327
1710.8	235.336
1713.11	227.602
1715.43	225.705
1717.74	224.44
1720.05	217.532
1722.36	221.517
1724.67	212.841
1726.97	218.967
1729.28	212.565
1731.59	209.458
1733.89	222.612
1736.19	205.78
1738.5	210.571
1740.8	209.44
1743.1	210.224
1745.4	205.457
1747.7	206.162
1749.99	205.369
1752.29	203.983
1754.58	192.932
1756.88	193.436
1759.17	201.305
1761.46	202.351
1763.75	190.255
1766.04	195.265
1768.33	194.84
1770.62	196.638
1772.91	190.108
1775.19	191.456
1777.48	193.395
1779.76	184.731
1782.04	188.649
1784.32	183.791
1786.6	179.193
1788.88	181.95
1791.16	176.858
1793.44	177.084
1795.71	175.504
1797.99	176.532
1800.26	176.073
1802.54	180.868
1804.81	173.158
1807.08	179.006
1809.35	171.876
1811.62	171.176
1813.88	174.783
1816.15	171.188
1818.42	166.973
1820.68	165.682
1822.95	167.661
1825.21	164.569
1827.47	161.78
1829.73	160.144
1831.99	169.581
1834.25	167.44
1836.51	154.558
1838.76	171.976
1841.02	161.937
1843.27	159.773
1845.52	158.964
1847.78	157.462
1850.03	151.891
1852.28	159.609
1854.53	160.483
1856.78	148.317
1859.02	157.428
1861.27	153.662
1863.51	148.45
1865.76	144.225
1868	156.438
1870.24	152.329
1872.48	151.017
1874.72	149.92
1876.96	155.803
1879.2	155.588
1881.44	143.981
1883.67	151.075
1885.91	150.765
1888.14	147.428
1890.37	144.793
1892.61	149.348
1894.84	150.418
1897.07	146.488
1899.29	145.823
1901.52	138.426
1903.75	150.083
1905.97	145.339
1908.2	144.4
1910.42	144.638
1912.64	142.692
1914.87	148.359
1917.09	141.537
1919.31	139.398
1921.52	144.362
1923.74	134.65
1925.96	138.561
1928.17	135.188
1930.39	142.406
1932.6	139.232
1934.81	134.975
1937.03	133.329
1939.24	142.176
1941.45	134.599
1943.65	136.058
1945.86	138.529
1948.07	138.248
1950.27	131.204
1952.48	136.901
1954.68	135.891
1956.88	136.713
1959.08	128.416
1961.29	129.65
1963.48	129.658
1965.68	132.884
1967.88	132.206
1970.08	135.465
1972.27	130.65
1974.47	133.061
1976.66	129.654
1978.85	127.248
1981.04	130.218
1983.23	129.519
1985.42	125.769
1987.61	127.506
1989.8	123.928
1991.99	129.925
1994.17	129.235
1996.36	118.413
1998.54	132.32
2000.72	122.808
2002.9	125.082
2005.08	124.855
2007.26	122.618
2009.44	122.692
2011.62	118.96
2013.8	123.981
2015.97	124.561
2018.15	117.951
2020.32	123.026
2022.49	127.637
2024.66	125.103
2026.83	121.488
2029	124.172
2031.17	120.662
2033.34	122.225
2035.51	128.026
2037.67	115.873
2039.84	114.662
2042	118.698
2044.16	118.517
2046.32	119.891
2048.48	120.459
2050.64	116.854
2052.8	115.622
2054.96	116.284
2057.12	114.267
2059.27	120.622
2061.43	117.47
2063.58	118.066
2065.73	113.551
2067.89	116.796
2070.04	111.297
2072.19	117.006
2074.34	115.862
2076.48	111.84
2078.63	116.237
2080.78	109.569
2082.92	110.491
2085.07	116.237
2087.21	109.173
2089.35	113.981
2091.49	108.561
2093.63	112.551
2095.77	117.38
2097.91	111.218
2100.05	106.551
2102.19	108.359
2104.32	113.329
2106.45	112.48
2108.59	105.731
2110.72	115.584
2112.85	111.551
2114.98	114.697
2117.11	123.717
2119.24	118.662
2121.37	120.406
2123.5	120.491
2125.62	123.204
2127.75	118.006
2129.87	121.95
2131.99	117.936
2134.11	122.64
2136.24	123.63
2138.36	123.47
2140.47	116.237
2142.59	126.539
2144.71	116.106
2146.83	113.106
2148.94	118.351
2151.06	115.507
2153.17	115.729
2155.28	118.616
2157.39	117.507
2159.5	114.065
2161.61	111.133
2163.72	113.325
2165.83	117.262
2167.94	110.225
2170.04	108.894
2172.15	113.48
2174.25	110.026
2176.35	114.662
2178.45	109.548
2180.56	107.204
2182.66	111.026
2184.75	108.581
2186.85	111.047
2188.95	105.966
2191.05	104.546
2193.14	107.995
2195.24	106.713
2197.33	104.105
2199.42	102.914
2201.51	107.581
2203.6	105.49
2205.69	102.904
2207.78	109.551
2209.87	98.4398
2211.96	101.92
2214.04	105.359
2216.13	108.44
2218.21	110.162
2220.29	108.433
2222.38	106.354
2224.46	110.436
2226.54	104.962
2228.62	106.773
2230.69	105.026
2232.77	103.662
2234.85	102.81
2236.92	102.639
2239	95.5812
2241.07	94.1367
2243.15	94.992
2245.22	90.1469
2247.29	96.1666
2249.36	97.4493
2251.43	96.3172
2253.49	93.3396
2255.56	86.6816
2257.63	88.8029
2259.69	93.2869
2261.76	86.5091
2263.82	91.7616
2265.88	89.5812
2267.95	90.0949
2270.01	89.1758
2272.07	93.8062
2274.12	85.3172
2276.18	86.7731
2278.24	84.8391
2280.3	89.8912
2282.35	87.5509
2284.41	83.9953
2286.46	81.8842
2288.51	86.8595
2290.56	83.2478
2292.61	79.3147
2294.66	84.3287
2296.71	81.8944
2298.76	83.015
2300.8	83.3483
2302.85	82.6387
2304.9	79.5705
2306.94	79.7287
2308.98	83.5509
2311.03	85.4701
2313.07	76.0256
2315.11	82.7731
2317.15	81.2176
2319.19	81.4701
2321.22	76.648
2323.26	79.4258
2325.3	83.5107
2327.33	81.7616
2329.36	78.7358
2331.4	84.987
2333.43	79.7616
2335.46	81.7928
2337.49	78.5611
2339.52	83.1261
2341.55	79.2478
2343.58	79.8805
2345.6	76.9953
2347.63	87.8842
2349.65	75.3287
2351.68	74.4398
2353.7	76.5173
2355.72	78.9145
2357.74	75.1064
2359.76	75.8702
2361.78	80.6008
2363.8	79.7287
2365.82	75.2372
2367.84	75.5091
2369.85	76.015
2371.87	72.7173
2373.88	75.7498
2375.9	75.2549
2377.91	74.4364
2379.92	72.662
2381.93	73.325
2383.94	75.1618
2385.95	72.4314
2387.96	74.0949
2389.96	77.1064
2391.97	72.0723
2393.97	71.1921
2395.98	75.7395
2397.98	69.6783
2399.98	67.3287
2401.98	71.4594
2403.99	67.4701
2405.99	75.2176
2407.98	72.4398
2409.98	72.2036
2411.98	73.3996
2413.98	71.8727
2415.97	69.9953
2417.96	71.4398
2419.96	70.9953
2421.95	69.1261
2423.94	70.3589
2425.93	69.1261
2427.92	68.7313
2429.91	69.5705
2431.9	68.662
2433.89	66.6505
2435.87	67.015
2437.86	65.3287
2439.84	66.9039
2441.83	62.5812
2443.81	63.5509
2445.79	60.8842
2447.77	66.1774
2449.75	65.4647
2451.73	63.3483
2453.71	64.9732
2455.69	64.1064
2457.67	63.5107
2459.64	66.8809
2461.62	64.3589
2463.59	64.015
2465.56	65.1261
2467.54	66.0256
2469.51	61.8842
2471.48	64.4701
2473.45	65.5812
2475.42	66.6278
2477.38	60.1261
2479.35	63.662
2481.32	58.662
2483.28	61.0663
2485.25	61.3389
2487.21	62.1732
2489.17	59.6923
2491.13	57.5509
2493.09	60.1064
2495.05	59.3287
2497.01	59.9039
2498.97	60.0256
2500.93	54.0949
2502.89	58.1261
2504.84	59.2176
2506.8	55.2478
2508.75	59.648
2510.7	58.9953
2512.65	56.0284
2514.61	55.2176
2516.56	59.8034
2518.51	62.3287
2520.45	56.8424
2522.4	60.8034
2524.35	57.9536
2526.29	59.4398
2528.24	53.7928
2530.18	55.3589
2532.13	53.9145
2534.07	54.2176
2536.01	53.7981
2537.95	55.9145
2539.89	51.7133
2541.83	48.1064
2543.77	56.9953
2545.71	56.9396
2547.64	54.1064
2549.58	51.4398
2551.51	54.6923
2553.45	56.0949
2555.38	58.5173
2557.31	52.8258
2559.25	53.0843
2561.18	50.2176
2563.11	52.1261
2565.03	52.7287
2566.96	48.1774
2568.89	51.2372
2570.82	53.1758
2572.74	47.5509
2574.67	50.4803
2576.59	47.295
2578.51	50.0924
2580.43	50.2176
2582.36	54.0452
2584.28	48.2036
2586.2	53.2478
2588.11	47.1227
2590.03	47.295
2591.95	47.8506
2593.86	49.6923
2595.78	50.0621
2597.69	46.9953
2599.61	47.8842
2601.52	46.1064
2603.43	49.6284
2605.34	49.992
2607.25	49.2036
2609.16	47.8034
2611.07	41.8034
2612.98	44.1618
2614.89	46.951
2616.79	44.2278
2618.7	50.9039
2620.6	46.6202
2622.5	48.1367
2624.41	49.7181
2626.31	45.1064
2628.21	43.8842
2630.11	50.1367
2632.01	45.4398
2633.91	46.2478
2635.8	45.5509
2637.7	47.3483
2639.6	44.2372
2641.49	44.662
2643.39	46.4283
2645.28	48.1064
2647.17	58.1093
2649.06	57.3287
2650.95	52.2478
2652.84	50.2689
2654.73	48.648
2656.62	48.7464
2658.51	50.4258
2660.4	51.2478
2662.28	45.9813
2664.17	48.2507
2666.05	47.8424
2667.93	52.8034
2669.82	59.0256
2671.7	73.3389
2673.58	86.2729
2675.46	104.954
2677.34	89.6923
2679.21	74.648
2681.09	70.9039
2682.97	69.1758
2684.84	66.3253
2686.72	62.1694
2688.59	69.0647
2690.47	81.4398
2692.34	119.909
2694.21	214.18
2696.08	322.18
2697.95	287.524
2699.82	158.509
2701.69	93.1732
2703.56	69.7395
2705.42	65.8387
2707.29	53.9199
2709.15	49.9145
2711.02	48.0621
2712.88	41.4398
2714.75	43.8842
2716.61	40.8842
2718.47	44.5475
2720.33	37.1367
2722.19	44.0256
2724.05	41.7928
2725.9	42.648
2727.76	44.9953
2729.62	41.1839
2731.47	44.7731
2733.33	38.7313
2735.18	40.7731
2737.03	44.8842
2738.88	43.9039
2740.73	40.7395
2742.59	41.1367
2744.43	40.9145
2746.28	43.8424
2748.13	41.4398
2749.98	44.1758
2751.82	41.1367
2753.67	36.6169
2755.51	41.8398
2757.36	40.5705
2759.2	40.0647
2761.04	38.6399
2762.88	38.1064
