365.286	251.211
368.238	247.181
371.189	251.472
374.139	261.324
377.087	271.447
380.034	276.21
382.979	258.951
385.923	235.265
388.866	232.868
391.806	225.435
394.745	224.517
397.684	222.086
400.62	225.061
403.555	229.966
406.49	221.881
409.421	225.795
412.353	229.109
415.282	230.698
418.209	225.781
421.137	221.706
424.062	222.11
426.985	231.503
429.908	238.2
432.829	249.35
435.748	249.266
438.666	250.855
441.583	254.003
444.498	246.394
447.412	246.701
450.324	242.641
453.235	247.099
456.145	240.906
459.052	234.98
461.959	235.198
464.865	219.829
467.769	206.875
470.671	212.865
473.572	209.317
476.471	204.745
479.37	214.088
482.266	208.458
485.162	213.172
488.056	217.867
490.948	225.172
493.839	216.598
496.73	214.838
499.618	211.479
502.505	216.463
505.39	211.729
508.275	217.559
511.157	221.285
514.039	225.31
516.919	225.126
519.798	224.395
522.674	221.21
525.55	212.708
528.425	204.179
531.297	194.928
534.169	197.867
537.039	190.033
539.908	196.162
542.775	205.31
545.642	202.506
548.506	196.739
551.369	199.019
554.231	195.506
557.092	192.343
559.951	193.252
562.808	185.616
565.664	190.263
568.519	199.142
571.373	207.114
574.225	224.145
577.076	247.076
579.925	270.614
582.773	275.393
585.62	283.734
588.466	241.54
591.309	235.683
594.152	201.392
596.993	192.383
599.832	185.136
602.671	179.43
605.508	177.112
608.343	175.184
611.178	179.085
614.011	179.627
616.842	171.633
619.672	169.647
622.501	175.289
625.329	177.863
628.155	176.918
630.98	184.778
633.802	185.764
636.624	184.559
639.445	189.577
642.264	190.096
645.082	186.252
647.898	181.282
650.714	178.071
653.527	171.674
656.34	170.311
659.151	159.438
661.961	159.118
664.769	163.67
667.576	166.93
670.382	161.157
673.186	166.337
675.989	162.535
678.791	171.411
681.591	169.841
684.39	156.548
687.187	161.448
689.983	172.672
692.779	164.92
695.572	168.34
698.363	166.075
701.155	177.114
703.944	172.382
706.733	169.345
709.519	172.411
712.305	168.321
715.089	165.877
717.871	161.574
720.653	173.423
723.433	161.746
726.212	161.505
728.989	163.476
731.765	167.185
734.54	171.682
737.313	167.226
740.085	163.909
742.856	171.479
745.625	163.606
748.394	160.628
751.16	157.265
753.926	156.737
756.689	162.564
759.452	160.559
762.214	160.505
764.974	163.742
767.733	169.611
770.49	170.746
773.246	174.557
776.001	194.285
778.755	196.639
781.507	191.213
784.258	179.477
787.007	173.269
789.756	170.256
792.502	163.985
795.247	162.878
797.992	160.338
800.735	159.179
803.477	155.105
806.217	155.819
808.956	159.088
811.694	157.977
814.43	151.308
817.165	149.585
819.899	159.283
822.631	159.721
825.362	158.865
828.092	156.775
830.82	162.263
833.548	165.198
836.274	153.503
838.998	153.881
841.721	151.602
844.444	155.439
847.165	149.865
849.884	158.99
852.601	151.194
855.318	148.653
858.034	150.907
860.749	146.115
863.461	150.311
866.173	150.134
868.883	149.771
871.592	147.31
874.3	143.284
877.006	145.042
879.712	152.248
882.415	149.73
885.118	150.868
887.819	151.82
890.519	152.949
893.218	153.616
895.914	158.574
898.611	157.506
901.306	153.758
903.999	150.2
906.692	150.544
909.382	152.284
912.072	154.704
914.761	145.252
917.447	150.701
920.133	149.726
922.818	148.936
925.501	149.175
928.183	149.382
930.864	151.464
933.543	141.618
936.221	143.119
938.898	146.367
941.574	141.02
944.248	144.255
946.921	144.102
949.593	146.056
952.263	135.365
954.932	152.424
957.6	143.043
960.267	143.433
962.932	145.78
965.597	147.192
968.26	150.478
970.922	149.232
973.581	149.376
976.241	148.421
978.898	151.041
981.555	155.605
984.21	148.864
986.864	155.507
989.517	159.324
992.169	159.924
994.819	161.118
997.468	159.03
1000.12	158.959
1002.76	152.342
1005.41	154.772
1008.05	149.959
1010.69	151.002
1013.34	153.019
1015.98	147.376
1018.61	151.954
1021.25	159.304
1023.89	154.976
1026.52	158.46
1029.16	156.488
1031.79	164.535
1034.42	160.075
1037.05	163.661
1039.68	161.901
1042.31	161.739
1044.93	165.922
1047.56	185.35
1050.18	186.162
1052.81	197.696
1055.43	203.166
1058.05	199.464
1060.67	219.382
1063.28	233.888
1065.9	275.057
1068.52	322.97
1071.13	387.766
1073.74	458.017
1076.35	524.236
1078.96	575.727
1081.57	585.457
1084.18	554.88
1086.79	498.908
1089.39	434.984
1092	371.169
1094.6	337.1
1097.2	298.299
1099.8	277.764
1102.4	248.909
1105	231.892
1107.6	227.126
1110.19	212.479
1112.79	214.406
1115.38	211.416
1117.97	212.002
1120.56	213.494
1123.15	211.433
1125.74	200.699
1128.33	186.889
1130.91	185.145
1133.5	174.649
1136.08	168.057
1138.66	161.961
1141.24	160.772
1143.82	162.334
1146.4	166.089
1148.98	163.601
1151.55	170.891
1154.13	178.16
1156.7	169.532
1159.27	168.435
1161.85	166.172
1164.42	166.208
1166.98	179.814
1169.55	191.733
1172.12	223.21
1174.68	269.544
1177.25	295.131
1179.81	308.713
1182.37	297.39
1184.93	271.357
1187.49	231.039
1190.05	202.096
1192.6	188.086
1195.16	185.244
1197.71	187.962
1200.27	188.891
1202.82	189.711
1205.37	177.819
1207.92	169.573
1210.47	151.308
1213.01	143.145
1215.56	145.346
1218.1	138.065
1220.65	138.27
1223.19	140.285
1225.73	134.568
1228.27	137.495
1230.81	136.476
1233.35	146.365
1235.88	144.717
1238.42	145.192
1240.95	134.882
1243.48	135.161
1246.02	143.618
1248.55	140.432
1251.07	140.57
1253.6	142.782
1256.13	141.727
1258.66	141.529
1261.18	142.988
1263.7	141.642
1266.22	135.949
1268.75	137.985
1271.27	141.41
1273.78	141.302
1276.3	144.152
1278.82	132.374
1281.33	140.16
1283.85	137.144
1286.36	140.331
1288.87	146.425
1291.38	146.153
1293.89	141.097
1296.4	143.321
1298.9	136.655
1301.41	141.034
1303.91	143.043
1306.41	139.986
1308.92	140.352
1311.42	137.962
1313.92	144.923
1316.42	138.088
1318.91	145.643
1321.41	144.044
1323.9	146.948
1326.4	146.157
1328.89	150.244
1331.38	147.752
1333.87	153.814
1336.36	150.825
1338.85	156.579
1341.34	145.16
1343.82	144.653
1346.31	143.435
1348.79	146.187
1351.27	147.904
1353.75	143.351
1356.23	141.532
1358.71	139.863
1361.19	144.994
1363.66	143.563
1366.14	154.257
1368.61	156.559
1371.09	156.374
1373.56	159.991
1376.03	164.573
1378.5	163.319
1380.96	165.902
1383.43	161.822
1385.9	158.198
1388.36	152.113
1390.83	151.009
1393.29	144.466
1395.75	144.735
1398.21	152.429
1400.67	147.593
1403.13	149.563
1405.58	145.474
1408.04	150.834
1410.49	151.836
1412.95	147.81
1415.4	141.779
1417.85	138.262
1420.3	138.263
1422.75	135.96
1425.2	141.199
1427.64	132.283
1430.09	122.133
1432.53	125.116
1434.97	127.796
1437.42	123.696
1439.86	119.674
1442.3	120.309
1444.73	123.551
1447.17	123.145
1449.61	125.978
1452.04	122.349
1454.48	128.114
1456.91	122.2
1459.34	117.36
1461.77	126.117
1464.2	126.239
1466.63	130.115
1469.06	128.948
1471.48	130.628
1473.91	132.001
1476.33	129.616
1478.75	133.813
1481.17	130.991
1483.6	119.369
1486.01	117.503
1488.43	119.853
1490.85	117.667
1493.27	113.946
1495.68	111.527
1498.09	113.015
1500.51	115.096
1502.92	118.443
1505.33	116.098
1507.74	114.899
1510.14	114.089
1512.55	118.022
1514.96	106.701
1517.36	115.382
1519.77	111.925
1522.17	108.237
1524.57	112.96
1526.97	114.668
1529.37	113.154
1531.77	115.091
1534.16	111.018
1536.56	107.932
1538.95	113.706
1541.35	119.785
1543.74	116.209
1546.13	109.866
1548.52	115.391
1550.91	119.77
1553.3	113.525
1555.68	117.007
1558.07	120.559
1560.45	119.637
1562.84	127.447
1565.22	130.089
1567.6	146.198
1569.98	153.305
1572.36	165.974
1574.74	190.025
1577.12	221.815
1579.49	258.401
1581.87	310.545
1584.24	374.593
1586.61	435.98
1588.98	462.32
1591.35	432.178
1593.72	369.346
1596.09	299.612
1598.46	251.413
1600.82	208.049
1603.19	170.344
1605.55	156.396
1607.92	132.248
1610.28	123.346
1612.64	113.606
1615	113.68
1617.36	109.323
1619.71	106.63
1622.07	102.1
1624.42	103.649
1626.78	96.5677
1629.13	96.8844
1631.48	89.2419
1633.83	96.4914
1636.18	93.2654
1638.53	89.6005
1640.88	95.9897
1643.22	93.9926
1645.57	94.0205
1647.91	88.9683
1650.26	89.0187
1652.6	94.3404
1654.94	92.5511
1657.28	92.3098
1659.62	90.2409
1661.96	92.4642
1664.29	88.073
1666.63	87.9617
1668.96	88.8652
1671.3	84.6431
1673.63	84.3306
1675.96	82.4244
1678.29	86.5183
1680.62	83.062
1682.95	81.9861
1685.27	81.4923
1687.6	79.3278
1689.92	79.7387
1692.25	80.1724
1694.57	83.3695
1696.89	82.1724
1699.21	76.9338
1701.53	78.0795
1703.85	79.6252
1706.17	74.3901
1708.48	76.8103
1710.8	78.2727
1713.11	77.5643
1715.43	72.5589
1717.74	76.2458
1720.05	77.6305
1722.36	76.0583
1724.67	79.1879
1726.97	72.3195
1729.28	76.5949
1731.59	77.2472
1733.89	73.1424
1736.19	74.3356
1738.5	75.8798
1740.8	71.2121
1743.1	71.0525
1745.4	71.9006
1747.7	72.2943
1749.99	75.4199
1752.29	71.866
1754.58	72.9494
1756.88	68.5771
1759.17	71.8216
1761.46	64.411
1763.75	69.6159
1766.04	64.41
1768.33	72.9657
1770.62	73.4072
1772.91	69.7866
1775.19	72.7154
1777.48	68.0768
1779.76	71.9185
1782.04	71.3503
1784.32	69.6169
1786.6	71.4856
1788.88	67.3745
1791.16	70.532
1793.44	66.9249
1795.71	68.1995
1797.99	62.1084
1800.26	71.4199
1802.54	66.9076
1804.81	66.7849
1807.08	67.9529
1809.35	64.3676
1811.62	63.5528
1813.88	64.1829
1816.15	65.1616
1818.42	66.9862
1820.68	63.7657
1822.95	65.9104
1825.21	63.8768
1827.47	66.2737
1829.73	63.44
1831.99	65.8227
1834.25	64.5037
1836.51	63.104
1838.76	64.8905
1841.02	66.1138
1843.27	66.6043
1845.52	67.5987
1847.78	64.981
1850.03	67.2818
1852.28	63.6178
1854.53	65.5094
1856.78	66.1505
1859.02	66.1625
1861.27	62.3114
1863.51	66.2339
1865.76	64.411
1868	55.7542
1870.24	59.9555
1872.48	64.5889
1874.72	63.9338
1876.96	60.3792
1879.2	62.6546
1881.44	62.8074
1883.67	62.3937
1885.91	60.7424
1888.14	60.5068
1890.37	64.6223
1892.61	62.9784
1894.84	57.7976
1897.07	59.2727
1899.29	61.3676
1901.52	60.9763
1903.75	65.268
1905.97	55.4787
1908.2	62.867
1910.42	63.6691
1912.64	59.7444
1914.87	56.4582
1917.09	62.7751
1919.31	59.12
1921.52	60.102
1923.74	54.6081
1925.96	55.664
1928.17	58.7154
1930.39	57.242
1932.6	56.8943
1934.81	57.2021
1937.03	61.7192
1939.24	55.4949
1941.45	60.5212
1943.65	55.468
1945.86	55.4209
1948.07	59.6151
1950.27	56.297
1952.48	58.7804
1954.68	59.553
1956.88	54.2102
1959.08	58.4218
1961.29	54.9269
1963.48	55.6622
1965.68	58.5664
1967.88	54.0215
1970.08	59.4902
1972.27	56.7975
1974.47	54.1134
1976.66	53.6142
1978.85	55.5653
1981.04	56.1084
1983.23	53.0411
1985.42	53.4515
1987.61	54.0697
1989.8	50.5627
1991.99	53.6819
1994.17	51.0197
1996.36	52.5012
1998.54	51.3271
2000.72	54.6451
2002.9	54.0054
2005.08	54.8977
2007.26	51.589
2009.44	53.6691
2011.62	54.6542
2013.8	54.0216
2015.97	51.0024
2018.15	51.242
2020.32	53.1812
2022.49	51.8447
2024.66	50.2952
2026.83	51.174
2029	54.9365
2031.17	49.093
2033.34	49.8526
2035.51	51.9701
2037.67	54.1046
2039.84	53.6794
2042	53.0034
2044.16	49.6536
2046.32	49.3278
2048.48	48.6755
2050.64	54.3677
2052.8	50.4102
2054.96	47.9239
2057.12	51.3666
2059.27	49.4686
2061.43	48.5327
2063.58	51.2999
2065.73	48.1209
2067.89	47.7272
2070.04	49.7533
2072.19	49.6332
2074.34	53.2402
2076.48	50.3711
2078.63	51.7192
2080.78	48.7695
2082.92	52.1437
2085.07	49.0429
2087.21	49.0207
2089.35	48.0594
2091.49	44.5221
2093.63	48.9239
2095.77	46.3772
2097.91	45.2485
2100.05	48.6738
2102.19	47.202
2104.32	46.6853
2106.45	48.3484
2108.59	45.8653
2110.72	46.8256
2112.85	47.4383
2114.98	48.1118
2117.11	46.9078
2119.24	47.0909
2121.37	44.9763
2123.5	47.2747
2125.62	46.2458
2127.75	46.6265
2129.87	43.1165
2131.99	42.7866
2134.11	44.3034
2136.24	50.5455
2138.36	45.3668
2140.47	44.3695
2142.59	47.4741
2144.71	48.3289
2146.83	43.0037
2148.94	44.6902
2151.06	46.7181
2153.17	45.0567
2155.28	46.3433
2157.39	43.8121
2159.5	45.9376
2161.61	45.5435
2163.72	42.5626
2165.83	48.242
2167.94	39.3421
2170.04	44.4255
2172.15	41.2041
2174.25	43.0088
2176.35	50.0983
2178.45	48.2331
2180.56	44.6557
2182.66	48.9494
2184.75	41.8292
2186.85	42.6564
2188.95	45.7751
2191.05	41.4417
2193.14	44.2835
2195.24	41.104
2197.33	45.2102
2199.42	41.6546
2201.51	47.8544
2203.6	42.9666
2205.69	44.7533
2207.78	45.0613
2209.87	48.2681
2211.96	52.2709
2214.04	51.1714
2216.13	56.5753
2218.21	64.3531
2220.29	81.5763
2222.38	99.5163
2224.46	112.114
2226.54	126.012
2228.62	134.001
2230.69	141.733
2232.77	134.283
2234.85	116.299
2236.92	105.764
2239	89.3088
2241.07	77.2701
2243.15	68.0054
2245.22	56.3369
2247.29	51.5048
2249.36	46.4613
2251.43	48.5519
2253.49	43.6819
2255.56	43.7976
2257.63	41.804
2259.69	45.8112
2261.76	42.3858
2263.82	38.289
2265.88	36.0525
2267.95	42.2167
2270.01	39.5048
2272.07	39.6691
2274.12	38.8933
2276.18	40.1199
2278.24	39.0795
2280.3	39.3531
2282.35	38.8573
2284.41	37.8824
2286.46	35.6622
2288.51	34.8862
2290.56	36.6738
2292.61	33.3388
2294.66	37.1744
2296.71	35.0514
2298.76	31.3822
2300.8	38.8653
2302.85	37.2999
2304.9	38.4188
2306.94	34.9973
2308.98	36.7398
2311.03	39.6847
2313.07	38.1995
2315.11	35.6576
2317.15	37.6738
2319.19	34.9956
2321.22	34.2835
2323.26	34.4631
2325.3	35.606
2327.33	32.3018
2329.36	36.2195
2331.4	35.9367
2333.43	33.4516
2335.46	33.3548
2337.49	34.8844
2339.52	33.3858
2341.55	33.231
2343.58	35.2293
2345.6	35.5645
2347.63	42.6864
2349.65	37.0991
2351.68	29.9513
2353.7	28.7751
2355.72	35.4472
2357.74	35.8303
2359.76	36.2458
2361.78	29.4516
2363.8	33.44
2365.82	37.1491
2367.84	31.7445
2369.85	34.9935
2371.87	34.4613
2373.88	33.1337
2375.9	34.7296
2377.91	35.0567
2379.92	33.7017
2381.93	35.7334
2383.94	31.1347
2385.95	33.8402
2387.96	31.3114
2389.96	29.6431
2391.97	31.4255
2393.97	34.2006
2395.98	33.1581
2397.98	33.6836
2399.98	32.2535
2401.98	33.0876
2403.99	31.1343
2405.99	28.9124
2407.98	33.4102
2409.98	29.6929
2411.98	29.635
2413.98	28.2458
2415.97	31.271
2417.96	34.9151
2419.96	29.2485
2421.95	33.0071
2423.94	29.4516
2425.93	29.1374
2427.92	28.3279
2429.91	32.0361
2431.9	31.9666
2433.89	32.0613
2435.87	30.6159
2437.86	29.231
2439.84	29.2846
2441.83	29.9076
2443.81	25.8836
2445.79	27.6738
2447.77	31.5605
2449.75	29.5444
2451.73	29.2195
2453.71	30.976
2455.69	34.3431
2457.67	28.7733
2459.64	28.2195
2461.62	28.3132
2463.59	27.8534
2465.56	29.018
2467.54	26.2437
2469.51	26.0667
2471.48	29.0071
2473.45	28.9393
2475.42	31.363
2477.38	30.7751
2479.35	26.7752
2481.32	27.8128
2483.28	29.2195
2485.25	28.3954
2487.21	27.9151
2489.17	29.1165
2491.13	27.607
2493.09	24.3676
2495.05	27.4244
2497.01	25.3117
2498.97	29.3596
2500.93	25.3684
2502.89	27.1587
2504.84	26.0991
2506.8	28.2747
2508.75	28.3306
2510.7	30.1183
2512.65	25.8555
2514.61	28.8128
2516.56	26.6431
2518.51	27.9124
2520.45	28.1309
2522.4	28.0876
2524.35	27.9347
2526.29	24.7325
2528.24	26.9414
2530.18	26.1616
2532.13	26.4209
2534.07	28.3821
2536.01	28.7006
2537.95	27.9773
2539.89	28.1058
2541.83	26.0218
2543.77	26.9684
2545.71	25.3405
2547.64	25.9973
2549.58	27.3983
2551.51	28.3937
2553.45	24.4516
2555.38	27.5917
2557.31	25.0777
2559.25	28.1298
2561.18	23.2737
2563.11	26.5501
2565.03	25.728
2566.96	26.6609
2568.89	27.3838
2570.82	28.0235
2572.74	26.9556
2574.67	24.0072
2576.59	25.6179
2578.51	26.7181
2580.43	26.4604
2582.36	25.9492
2584.28	21.411
2586.2	26.1183
2588.11	24.2131
2590.03	26.606
2591.95	24.0263
2593.86	24.9232
2595.78	28.2518
2597.69	22.5967
2599.61	24.6159
2601.52	26.2294
2603.43	25.6421
2605.34	27.3135
2607.25	25.9151
2609.16	23.8815
2611.07	23.8402
2612.98	27.561
2614.89	24.6043
2616.79	22.2728
2618.7	26.5204
2620.6	24.6441
2622.5	24.5967
2624.41	25.1165
2626.31	23.4516
2628.21	23.6711
2630.11	24.9366
2632.01	23.8862
2633.91	23.606
2635.8	23.7291
2637.7	27.4341
2639.6	25.9963
2641.49	24.5048
2643.39	25.1735
2645.28	25.988
2647.17	29.0739
2649.06	28.9393
2650.95	26.8768
2652.84	21.1084
2654.73	28.3596
2656.62	27.4353
2658.51	30.727
2660.4	24.9973
2662.28	25.0343
2664.17	25.728
2666.05	26.1309
2667.93	25.4128
2669.82	28.9973
2671.7	36.3117
2673.58	41.8862
2675.46	53.0487
2677.34	57.2826
2679.21	56.1084
2681.09	54.4063
2682.97	41.5174
2684.84	39.5316
2686.72	33.1751
2688.59	39.2178
2690.47	53.8817
2692.34	79.0669
2694.21	113.464
2696.08	194.855
2697.95	261.992
2699.82	241.442
2701.69	162.17
2703.56	93.5329
2705.42	71.1173
2707.29	52.5673
2709.15	40.4516
2711.02	35.1781
2712.88	27.7192
2714.75	26.6738
2716.61	28.5074
2718.47	27.1616
2720.33	23.7542
2722.19	21.1987
2724.05	24.6081
2725.9	24.3474
2727.76	23.8933
2729.62	24.8555
2731.47	25.3559
2733.33	23.2167
2735.18	17.925
2737.03	25.1326
2738.88	23.0586
2740.73	20.8391
2742.59	21.6403
2744.43	21.3405
2746.28	22.1084
2748.13	20.9765
2749.98	21.0088
2751.82	23.5212
2753.67	22.4834
2755.51	21.8381
2757.36	18.9656
2759.2	21.4379
2761.04	19.6902
2762.88	19.3668
