365.286	162.199
368.238	168.445
371.189	159.638
374.139	171.813
377.087	187.507
380.034	191.088
382.979	178.156
385.923	165.519
388.866	152.06
391.806	146.561
394.745	148.985
397.684	143.726
400.62	149.353
403.555	153.104
406.49	150.469
409.421	147.923
412.353	147.703
415.282	145.871
418.209	143.522
421.137	144.948
424.062	152.205
426.985	150.007
429.908	158.724
432.829	171.205
435.748	171.309
438.666	178.704
441.583	160.896
444.498	167.668
447.412	161.715
450.324	163.28
453.235	165.363
456.145	157.392
459.052	161.451
461.959	158.963
464.865	144.779
467.769	150.822
470.671	144.997
473.572	134.083
476.471	139.919
479.37	132.339
482.266	143.252
485.162	138.71
488.056	143.567
490.948	140.382
493.839	144.995
496.73	146.419
499.618	143.634
502.505	143.599
505.39	145.729
508.275	143.363
511.157	145.043
514.039	144.986
516.919	153.54
519.798	153.194
522.674	142.658
525.55	138.706
528.425	131.615
531.297	136.478
534.169	133.638
537.039	129.426
539.908	137.585
542.775	130.857
545.642	133.049
548.506	137.007
551.369	130.648
554.231	130.943
557.092	135.41
559.951	128.658
562.808	135.697
565.664	128.402
568.519	137.814
571.373	149.308
574.225	166.523
577.076	177.593
579.925	180.387
582.773	188.358
585.62	173.99
588.466	159.181
591.309	146.576
594.152	133.537
596.993	128.153
599.832	127.415
602.671	118.925
605.508	118.895
608.343	119.461
611.178	122.509
614.011	123.064
616.842	117.868
619.672	118.335
622.501	125.025
625.329	118.012
628.155	125.039
630.98	127.451
633.802	124.312
636.624	122.875
639.445	133.127
642.264	132.64
645.082	128.422
647.898	124.797
650.714	123.523
653.527	125.136
656.34	118.518
659.151	116.469
661.961	116.647
664.769	116.442
667.576	113.5
670.382	114.296
673.186	115.595
675.989	117.687
678.791	117.299
681.591	116.586
684.39	111.73
687.187	116.794
689.983	117.378
692.779	117.542
695.572	110.947
698.363	111.262
701.155	112.456
703.944	115.253
706.733	114.959
709.519	117.193
712.305	114.045
715.089	120.537
717.871	116.712
720.653	117.281
723.433	117.119
726.212	115.16
728.989	114.824
731.765	120.886
734.54	116.127
737.313	114.287
740.085	111.896
742.856	111.452
745.625	108.055
748.394	114.49
751.16	108.379
753.926	110.253
756.689	116.132
759.452	113.962
762.214	109.137
764.974	116.326
767.733	110.199
770.49	121.275
773.246	118.029
776.001	121.761
778.755	124.47
781.507	119.813
784.258	110.058
787.007	112.223
789.756	107.006
792.502	108.685
795.247	109.343
797.992	107.762
800.735	107.939
803.477	106.647
806.217	103.904
808.956	106.513
811.694	108.059
814.43	106.748
817.165	99.9554
819.899	106.976
822.631	106.033
825.362	104.407
828.092	106.118
830.82	104.31
833.548	109.367
836.274	104.695
838.998	106.542
841.721	101.542
844.444	103.487
847.165	100.304
849.884	100.256
852.601	96.7845
855.318	98.7963
858.034	96.7996
860.749	97.6368
863.461	96.3003
866.173	95.8195
868.883	94.4499
871.592	99.8467
874.3	101.751
877.006	102.941
879.712	99.9097
882.415	103.334
885.118	104.958
887.819	107.281
890.519	106.392
893.218	107.768
895.914	109.317
898.611	105.944
901.306	106.516
903.999	105.661
906.692	103.534
909.382	109.117
912.072	101.055
914.761	102.27
917.447	104.567
920.133	104.924
922.818	99.9923
925.501	105.014
928.183	103.748
930.864	100.435
933.543	101.618
936.221	102.147
938.898	102.538
941.574	99.1057
944.248	97.065
946.921	98.8632
949.593	102.094
952.263	95.5951
954.932	100.586
957.6	103.298
960.267	101.526
962.932	101.406
965.597	100.774
968.26	98.7892
970.922	104.145
973.581	98.1616
976.241	100.932
978.898	100.894
981.555	102.76
984.21	101.372
986.864	104.988
989.517	109.253
992.169	105.922
994.819	107.57
997.468	104.373
1000.12	104.355
1002.76	100.896
1005.41	100.205
1008.05	100.513
1010.69	103.751
1013.34	100.904
1015.98	109.768
1018.61	108.363
1021.25	98.2085
1023.89	103.417
1026.52	105.801
1029.16	100.097
1031.79	107.383
1034.42	110.831
1037.05	115.584
1039.68	107.928
1042.31	118.029
1044.93	121.817
1047.56	119.414
1050.18	125.803
1052.81	126.353
1055.43	128.59
1058.05	135.856
1060.67	137.002
1063.28	148.77
1065.9	180.725
1068.52	206.905
1071.13	234.821
1073.74	256.884
1076.35	284.238
1078.96	285.526
1081.57	278.686
1084.18	257.361
1086.79	245.253
1089.39	222.943
1092	215.907
1094.6	194.002
1097.2	190.562
1099.8	181.871
1102.4	164.315
1105	152.164
1107.6	146.122
1110.19	144.055
1112.79	144.672
1115.38	144.707
1117.97	143.614
1120.56	149.308
1123.15	142.141
1125.74	138.594
1128.33	131.812
1130.91	126.121
1133.5	122.845
1136.08	118.678
1138.66	107.339
1141.24	114.156
1143.82	111.61
1146.4	112.631
1148.98	114.944
1151.55	115.285
1154.13	111.259
1156.7	106.831
1159.27	108.197
1161.85	110.067
1164.42	104.159
1166.98	110.712
1169.55	125.677
1172.12	134.248
1174.68	149.164
1177.25	163.634
1179.81	169.057
1182.37	158.257
1184.93	139.584
1187.49	128.374
1190.05	120.768
1192.6	111.979
1195.16	106.37
1197.71	109.468
1200.27	111.749
1202.82	110.913
1205.37	105.039
1207.92	97.7402
1210.47	90.6138
1213.01	96.7993
1215.56	94.059
1218.1	88.145
1220.65	93.15
1223.19	91.1653
1225.73	91.3714
1228.27	91.4926
1230.81	94.4146
1233.35	90.7207
1235.88	94.3962
1238.42	92.5136
1240.95	99.0929
1243.48	96.3161
1246.02	92.6107
1248.55	92.1892
1251.07	90.943
1253.6	92.8327
1256.13	96.9123
1258.66	94.3838
1261.18	94.5921
1263.7	96.9549
1266.22	93.3249
1268.75	92.1924
1271.27	94.8355
1273.78	98.7241
1276.3	93.1469
1278.82	92.5594
1281.33	94.5958
1283.85	92.2227
1286.36	91.927
1288.87	89.9827
1291.38	95.6076
1293.89	96.0093
1296.4	93.5383
1298.9	95.4372
1301.41	92.02
1303.91	88.4599
1306.41	90.5796
1308.92	92.3998
1311.42	92.523
1313.92	98.5944
1316.42	93.7963
1318.91	91.1025
1321.41	93.4864
1323.9	99.9674
1326.4	97.8451
1328.89	103.947
1331.38	98.7633
1333.87	99.4833
1336.36	104.045
1338.85	102.451
1341.34	98.3924
1343.82	102.581
1346.31	91.9043
1348.79	96.3227
1351.27	98.0882
1353.75	96.0394
1356.23	91.2813
1358.71	93.7257
1361.19	92.2137
1363.66	105.021
1366.14	98.9375
1368.61	101.773
1371.09	105.45
1373.56	99.4201
1376.03	109.551
1378.5	107.944
1380.96	106.671
1383.43	105.748
1385.9	102.16
1388.36	98.4499
1390.83	100.163
1393.29	91.1413
1395.75	92.7971
1398.21	90.7305
1400.67	93.8166
1403.13	89.4162
1405.58	92.0883
1408.04	89.8567
1410.49	86.7871
1412.95	88.8956
1415.4	88.0133
1417.85	90.1709
1420.3	87.0047
1422.75	82.4846
1425.2	85.0685
1427.64	80.7208
1430.09	76.836
1432.53	81.8084
1434.97	80.3063
1437.42	80.7388
1439.86	79.3966
1442.3	77.593
1444.73	79.977
1447.17	71.9339
1449.61	81.3244
1452.04	78.546
1454.48	77.977
1456.91	77.2501
1459.34	80.3614
1461.77	79.0583
1464.2	79.7193
1466.63	80.9256
1469.06	77.8064
1471.48	81.593
1473.91	80.627
1476.33	78.5982
1478.75	80.059
1481.17	77.7724
1483.6	73.9187
1486.01	76.8469
1488.43	69.4661
1490.85	72.2005
1493.27	69.0401
1495.68	71.4018
1498.09	71.7014
1500.51	74.5885
1502.92	68.6285
1505.33	71.929
1507.74	68.1113
1510.14	68.8858
1512.55	63.6368
1514.96	70.5654
1517.36	69.0339
1519.77	71.0541
1522.17	71.0078
1524.57	68.5673
1526.97	71.5137
1529.37	72.0077
1531.77	72.8646
1534.16	71.2074
1536.56	67.5267
1538.95	71.439
1541.35	67.7499
1543.74	69.8447
1546.13	73.1735
1548.52	75.1057
1550.91	68.9558
1553.3	65.8883
1555.68	72.9702
1558.07	72.7257
1560.45	70.8172
1562.84	72.6828
1565.22	77.9814
1567.6	79.7584
1569.98	84.8695
1572.36	89.9355
1574.74	99.0722
1577.12	118.339
1579.49	129.436
1581.87	148.26
1584.24	175.991
1586.61	185.214
1588.98	186.722
1591.35	181.237
1593.72	158.609
1596.09	138.377
1598.46	118.556
1600.82	100.749
1603.19	90.059
1605.55	83.4372
1607.92	76.2492
1610.28	70.4935
1612.64	73.3916
1615	67.4589
1617.36	63.9865
1619.71	65.7039
1622.07	61.7877
1624.42	62.4078
1626.78	65.7055
1629.13	63.4251
1631.48	61.4875
1633.83	59.9222
1636.18	57.2339
1638.53	56.4258
1640.88	58.043
1643.22	62.1353
1645.57	58.0633
1647.91	59.8006
1650.26	55.2405
1652.6	58.9187
1654.94	56.7641
1657.28	54.3126
1659.62	64.9858
1661.96	61.2224
1664.29	54.6852
1666.63	58.4846
1668.96	56.8775
1671.3	59.4724
1673.63	57.0868
1675.96	58.0817
1678.29	57.1454
1680.62	55.7017
1682.95	51.6409
1685.27	53.9189
1687.6	54.564
1689.92	53.8116
1692.25	52.9074
1694.57	52.927
1696.89	55.2747
1699.21	52.8889
1701.53	54.8891
1703.85	51.1531
1706.17	52.4783
1708.48	54.1541
1710.8	54.3238
1713.11	50.1398
1715.43	49.2611
1717.74	53.1693
1720.05	48.8752
1722.36	51.9071
1724.67	51.1199
1726.97	50.4359
1729.28	51.7584
1731.59	54.0896
1733.89	50.2077
1736.19	47.9339
1738.5	51.0769
1740.8	49.2095
1743.1	48.0917
1745.4	51.5073
1747.7	50.5625
1749.99	49.627
1752.29	46.3199
1754.58	45.0401
1756.88	46.7926
1759.17	46.4179
1761.46	46.6437
1763.75	47.87
1766.04	46.0778
1768.33	47.7148
1770.62	50.561
1772.91	47.9645
1775.19	49.2979
1777.48	45.6825
1779.76	49.139
1782.04	46.5741
1784.32	46.0148
1786.6	48.2642
1788.88	49.9806
1791.16	45.7135
1793.44	45.0778
1795.71	48.9472
1797.99	47.9379
1800.26	49.6328
1802.54	46.5178
1804.81	46.2813
1807.08	47.2893
1809.35	48.0489
1811.62	42.3575
1813.88	47.8534
1816.15	45.1888
1818.42	48.3191
1820.68	45.7692
1822.95	44.5601
1825.21	47.653
1827.47	47.0162
1829.73	45.6995
1831.99	46.943
1834.25	44.3727
1836.51	44.841
1838.76	44.0512
1841.02	42.0909
1843.27	45.028
1845.52	49.0809
1847.78	45.3379
1850.03	45.1533
1852.28	41.9858
1854.53	44.2463
1856.78	43.5704
1859.02	42.6088
1861.27	41.7576
1863.51	40.4056
1865.76	40.3238
1868	39.8747
1870.24	41.7117
1872.48	43.215
1874.72	42.202
1876.96	42.6581
1879.2	42.9767
1881.44	41.1018
1883.67	42.4057
1885.91	41.468
1888.14	40.1108
1890.37	41.1067
1892.61	39.6857
1894.84	39.5957
1897.07	41.8258
1899.29	43.2719
1901.52	40.5944
1903.75	44.0301
1905.97	41.1228
1908.2	40.2255
1910.42	40.9171
1912.64	40.8391
1914.87	41.2805
1917.09	39.043
1919.31	37.6828
1921.52	40.0001
1923.74	42.4482
1925.96	38.3574
1928.17	39.8682
1930.39	38.4003
1932.6	38.2015
1934.81	42.0756
1937.03	42.1968
1939.24	40.2192
1941.45	39.997
1943.65	43.5625
1945.86	38.7542
1948.07	33.8702
1950.27	39.3451
1952.48	40.895
1954.68	41.4533
1956.88	40.5442
1959.08	38.5791
1961.29	42.8774
1963.48	37.5556
1965.68	37.3714
1967.88	39.2805
1970.08	35.555
1972.27	35.7535
1974.47	36.8451
1976.66	38.9858
1978.85	37.8889
1981.04	34.1297
1983.23	39.5975
1985.42	35.7724
1987.61	40.0443
1989.8	37.1541
1991.99	34.4299
1994.17	35.3279
1996.36	37.1795
1998.54	36.2855
2000.72	36.7429
2002.9	36.1108
2005.08	35.5104
2007.26	36.7963
2009.44	32.1541
2011.62	38.4026
2013.8	39.4562
2015.97	35.9319
2018.15	38.3958
2020.32	36.8609
2022.49	34.5975
2024.66	34.5449
2026.83	33.8057
2029	34.491
2031.17	36.9123
2033.34	34.2855
2035.51	34.2319
2037.67	34.57
2039.84	36.8659
2042	35.7995
2044.16	35.1724
2046.32	29.463
2048.48	35.7867
2050.64	32.7452
2052.8	34.3139
2054.96	32.1662
2057.12	33.2376
2059.27	32.6465
2061.43	31.2339
2063.58	35.564
2065.73	31.3289
2067.89	31.9666
2070.04	29.4583
2072.19	33.0077
2074.34	36.1637
2076.48	32.3079
2078.63	32.0808
2080.78	30.4382
2082.92	31.6661
2085.07	30.7823
2087.21	33.2449
2089.35	33.6902
2091.49	31.5201
2093.63	30.3962
2095.77	29.0004
2097.91	32.0144
2100.05	30.9521
2102.19	28.8734
2104.32	32.6581
2106.45	30.8839
2108.59	31.6552
2110.72	28.9006
2112.85	31.7932
2114.98	31.1724
2117.11	30.1749
2119.24	31.1736
2121.37	29.4766
2123.5	31.4243
2125.62	32.0042
2127.75	31.5978
2129.87	27.2616
2131.99	33.55
2134.11	28.3902
2136.24	31.5021
2138.36	29.2734
2140.47	31.0778
2142.59	29.8867
2144.71	27.9419
2146.83	30.1855
2148.94	31.2361
2151.06	32.1017
2153.17	25.8159
2155.28	31.9793
2157.39	31.0069
2159.5	30.7971
2161.61	29.7671
2163.72	29.8689
2165.83	29.7926
2167.94	29.951
2170.04	27.7096
2172.15	29.423
2174.25	29.0813
2176.35	26.564
2178.45	28.9956
2180.56	28.6188
2182.66	29.5696
2184.75	29.7135
2186.85	25.7249
2188.95	29.0669
2191.05	27.805
2193.14	29.3864
2195.24	27.4919
2197.33	26.7344
2199.42	28.9743
2201.51	27.9033
2203.6	27.2292
2205.69	27.7727
2207.78	32.6312
2209.87	30.6472
2211.96	31.1348
2214.04	32.6921
2216.13	34.3635
2218.21	39.7729
2220.29	43.3515
2222.38	48.6452
2224.46	56.5201
2226.54	59.3519
2228.62	61.0282
2230.69	62.4743
2232.77	59.0097
2234.85	54.6313
2236.92	44.3366
2239	41.5174
2241.07	37.9401
2243.15	35.5068
2245.22	29.2319
2247.29	31.3516
2249.36	26.7715
2251.43	30.8934
2253.49	28.4838
2255.56	28.9885
2257.63	29.5985
2259.69	26.7733
2261.76	28.1213
2263.82	26.1432
2265.88	25.6465
2267.95	27.1989
2270.01	26.4086
2272.07	25.5737
2274.12	27.4562
2276.18	27.8166
2278.24	21.7747
2280.3	24.3542
2282.35	28.1776
2284.41	25.9746
2286.46	23.4599
2288.51	23.913
2290.56	28.5493
2292.61	25.5421
2294.66	23.6325
2296.71	25.1016
2298.76	24.8966
2300.8	25.997
2302.85	23.8035
2304.9	24.4919
2306.94	25.6117
2308.98	27.2319
2311.03	24.9978
2313.07	26.5027
2315.11	23.8383
2317.15	27.7445
2319.19	20.7715
2321.22	23.6596
2323.26	24.4329
2325.3	22.9645
2327.33	25.7055
2329.36	26.3126
2331.4	22.8438
2333.43	21.8159
2335.46	24.9929
2337.49	23.3139
2339.52	23.6523
2341.55	24.2784
2343.58	25.5271
2345.6	22.9806
2347.63	39.8493
2349.65	23.2015
2351.68	22.2403
2353.7	23.1919
2355.72	21.7724
2357.74	21.5322
2359.76	23.7664
2361.78	21.805
2363.8	23.2551
2365.82	23.4672
2367.84	22.0996
2369.85	19.6884
2371.87	23.7968
2373.88	22.9793
2375.9	22.5944
2377.91	19.5077
2379.92	24.5509
2381.93	22.9654
2383.94	23.6884
2385.95	21.3763
2387.96	22.5117
2389.96	21.7775
2391.97	23.4626
2393.97	20.1292
2395.98	24.0813
2397.98	21.4766
2399.98	24.6312
2401.98	22.0808
2403.99	24.2652
2405.99	23.941
2407.98	20.8207
2409.98	21.5745
2411.98	19.7326
2413.98	22.3422
2415.97	21.8307
2417.96	17.8876
2419.96	21.5978
2421.95	24.8656
2423.94	21.7664
2425.93	20.3126
2427.92	23.1153
2429.91	21.0077
2431.9	19.9558
2433.89	20.7664
2435.87	20.7179
2437.86	20.6068
2439.84	19.4469
2441.83	21.1725
2443.81	22.7132
2445.79	22.1989
2447.77	19.2422
2449.75	21.0489
2451.73	19.0069
2453.71	21.1393
2455.69	17.411
2457.67	17.3487
2459.64	22.1979
2461.62	21.9262
2463.59	22.3606
2465.56	20.5929
2467.54	17.3219
2469.51	18.9798
2471.48	19.8985
2473.45	21.0756
2475.42	23.2616
2477.38	20.2127
2479.35	19.168
2481.32	17.5809
2483.28	24.1693
2485.25	22.5929
2487.21	17.8818
2489.17	20.0228
2491.13	21.106
2493.09	18.9863
2495.05	19.245
2497.01	20.5441
2498.97	22.7918
2500.93	18.8687
2502.89	18.5077
2504.84	20.4717
2506.8	20.6811
2508.75	20.7249
2510.7	19.1301
2512.65	19.1208
2514.61	18.0144
2516.56	18.3248
2518.51	18.6807
2520.45	16.7692
2522.4	18.7186
2524.35	20.8826
2526.29	18.6279
2528.24	18.3486
2530.18	19.106
2532.13	21.3218
2534.07	18.9434
2536.01	16.4717
2537.95	19.7068
2539.89	21.7816
2541.83	18.4243
2543.77	18.2495
2545.71	19.4103
2547.64	17.2062
2549.58	18.1781
2551.51	18.1505
2553.45	20.9806
2555.38	18.8026
2557.31	20.2319
2559.25	19.3118
2561.18	18.9581
2563.11	18.5949
2565.03	18.1383
2566.96	17.9658
2568.89	16.4389
2570.82	18.829
2572.74	21.4533
2574.67	16.7336
2576.59	18.2603
2578.51	18.5354
2580.43	18.0829
2582.36	18.188
2584.28	19.5929
2586.2	18.3515
2588.11	17.9929
2590.03	17.6947
2591.95	18.2268
2593.86	19.7584
2595.78	19.1153
2597.69	15.8244
2599.61	18.4661
2601.52	18.7048
2603.43	15.8796
2605.34	21.2611
2607.25	20.2319
2609.16	17.5625
2611.07	17.4766
2612.98	16.3635
2614.89	20.6472
2616.79	16.9767
2618.7	14.9793
2620.6	18.6947
2622.5	17.9401
2624.41	19.6041
2626.31	19.0077
2628.21	19.2752
2630.11	20.8867
2632.01	18.9311
2633.91	17.0613
2635.8	19.6233
2637.7	18.5646
2639.6	20.6233
2641.49	17.8988
2643.39	19.0233
2645.28	22.2292
2647.17	24.2412
2649.06	23.929
2650.95	23.1251
2652.84	21.8834
2654.73	18.4237
2656.62	17.6041
2658.51	19.8674
2660.4	17.8695
2662.28	18.9697
2664.17	20.0272
2666.05	17.1172
2667.93	20.929
2669.82	22.1081
2671.7	24.8754
2673.58	33.9937
2675.46	43.8695
2677.34	48.0388
2679.21	41.7068
2681.09	38.4389
2682.97	33.1632
2684.84	27.7148
2686.72	26.8006
2688.59	33.4382
2690.47	47.5413
2692.34	69.011
2694.21	121.628
2696.08	236.913
2697.95	253.466
2699.82	238.348
2701.69	152.808
2703.56	99.1531
2705.42	71.4377
2707.29	55.3219
2709.15	38.4329
2711.02	32.327
2712.88	22.4964
2714.75	20.6763
2716.61	23.1292
2718.47	21.2689
2720.33	20.5598
2722.19	20.5322
2724.05	16.526
2725.9	18.341
2727.76	18.319
2729.62	17.8547
2731.47	19.6521
2733.33	17.6848
2735.18	21.2019
2737.03	18.4449
2738.88	19.1788
2740.73	18.7048
2742.59	18.1631
2744.43	20.4606
2746.28	15.7636
2748.13	15.5511
2749.98	17.656
2751.82	16.2791
2753.67	14.9697
2755.51	12.9374
2757.36	15.5949
2759.2	17.1623
2761.04	14.7424
2762.88	13.6472
