365.286	418.797
368.238	416.843
371.189	421.797
374.139	440.893
377.087	468.377
380.034	472.109
382.979	449.743
385.923	431.332
388.866	417.399
391.806	406.842
394.745	394.966
397.684	393.527
400.62	405.575
403.555	400.155
406.49	408.975
409.421	389.593
412.353	390.289
415.282	388.443
418.209	382.645
421.137	373.756
424.062	369.244
426.985	385.165
429.908	394.722
432.829	397.823
435.748	398.642
438.666	398.865
441.583	394.95
444.498	376.388
447.412	384.698
450.324	390.144
453.235	393.443
456.145	392.938
459.052	381.416
461.959	368.589
464.865	354.665
467.769	335.727
470.671	345.704
473.572	334.307
476.471	334.887
479.37	327.995
482.266	318.611
485.162	329.399
488.056	330.909
490.948	330.55
493.839	329.651
496.73	329.034
499.618	322.445
502.505	331.654
505.39	331.577
508.275	326.909
511.157	338.848
514.039	340.955
516.919	339.22
519.798	331.798
522.674	321.866
525.55	318.876
528.425	309.41
531.297	298.53
534.169	298.232
537.039	288.066
539.908	285.832
542.775	292.729
545.642	290.242
548.506	288.289
551.369	289.115
554.231	290.272
557.092	296.587
559.951	300.611
562.808	294.887
565.664	299.466
568.519	305.734
571.373	300.471
574.225	310.154
577.076	301.165
579.925	308.456
582.773	308.47
585.62	302.131
588.466	304.322
591.309	301.132
594.152	286.761
596.993	290.604
599.832	281.639
602.671	290.499
605.508	282.573
608.343	275.287
611.178	281.565
614.011	282.522
616.842	285.555
619.672	279.562
622.501	281.043
625.329	284.583
628.155	288.333
630.98	301.497
633.802	303.331
636.624	318.864
639.445	310.131
642.264	295.749
645.082	297.497
647.898	293.753
650.714	286.539
653.527	286.148
656.34	279.242
659.151	281.966
661.961	282.217
664.769	277.199
667.576	271.831
670.382	267.399
673.186	273.275
675.989	266.288
678.791	267.926
681.591	262.331
684.39	269.189
687.187	275.148
689.983	274.817
692.779	280.845
695.572	274.262
698.363	271.3
701.155	280.106
703.944	280.604
706.733	271.359
709.519	263.956
712.305	276.583
715.089	269.126
717.871	272.975
720.653	268.294
723.433	271.729
726.212	270.577
728.989	259.322
731.765	259.932
734.54	266.394
737.313	267.034
740.085	254.461
742.856	261.327
745.625	257.171
748.394	262.055
751.16	260.921
753.926	268.25
756.689	273.999
759.452	269.622
762.214	273.027
764.974	272.626
767.733	268.166
770.49	261.998
773.246	262.254
776.001	260.154
778.755	253.815
781.507	254.298
784.258	246.084
787.007	257.232
789.756	253.782
792.502	252.259
795.247	255.64
797.992	255.287
800.735	266.916
803.477	266.416
806.217	275.039
808.956	270.628
811.694	277.466
814.43	288.727
817.165	282.81
819.899	290.765
822.631	286.439
825.362	285.021
828.092	279.972
830.82	282.672
833.548	275.4
836.274	277.277
838.998	280.855
841.721	283.287
844.444	274.156
847.165	274.599
849.884	264.634
852.601	261.372
855.318	271.787
858.034	263.887
860.749	271.078
863.461	262.766
866.173	258.973
868.883	261.598
871.592	259.3
874.3	251.887
877.006	260.788
879.712	260.72
882.415	259.398
885.118	261.339
887.819	257.538
890.519	261.634
893.218	260.898
895.914	250.412
898.611	250.717
901.306	255.604
903.999	265.698
906.692	252.716
909.382	256.398
912.072	259.532
914.761	253.899
917.447	248.189
920.133	251.154
922.818	247.043
925.501	249.317
928.183	245.555
930.864	236.588
933.543	236.922
936.221	242.189
938.898	238.823
941.574	236.511
944.248	236.382
946.921	234.745
949.593	237.156
952.263	229.55
954.932	219.937
957.6	237.637
960.267	232.262
962.932	227.132
965.597	228.354
968.26	226.815
970.922	222.232
973.581	224.797
976.241	221.165
978.898	226.544
981.555	224.762
984.21	231.988
986.864	229.927
989.517	227.571
992.169	243.315
994.819	240.367
997.468	242.273
1000.12	244.26
1002.76	248.77
1005.41	244.899
1008.05	231.751
1010.69	240.704
1013.34	238.884
1015.98	248.084
1018.61	244.877
1021.25	244.872
1023.89	230.02
1026.52	245.961
1029.16	234.854
1031.79	232.755
1034.42	231.037
1037.05	228.299
1039.68	232.242
1042.31	233.41
1044.93	236.31
1047.56	237.023
1050.18	244.412
1052.81	242.845
1055.43	250.189
1058.05	252.877
1060.67	249.788
1063.28	272.41
1065.9	280.107
1068.52	286.162
1071.13	296.189
1073.74	300.604
1076.35	295.082
1078.96	291.872
1081.57	294.183
1084.18	298.555
1086.79	316.738
1089.39	330.937
1092	352.556
1094.6	357.082
1097.2	351.839
1099.8	338.909
1102.4	327.084
1105	310.999
1107.6	304.398
1110.19	293.973
1112.79	296.556
1115.38	305.973
1117.97	314.554
1120.56	316.388
1123.15	313.412
1125.74	310.145
1128.33	308.182
1130.91	297.32
1133.5	288.706
1136.08	281.256
1138.66	271.776
1141.24	281.35
1143.82	281.217
1146.4	275.599
1148.98	281.331
1151.55	272.881
1154.13	271.798
1156.7	265.317
1159.27	256.255
1161.85	249.399
1164.42	247.655
1166.98	240.921
1169.55	246.364
1172.12	241.061
1174.68	249.174
1177.25	234.955
1179.81	241.651
1182.37	238.95
1184.93	238.482
1187.49	231.733
1190.05	231.622
1192.6	229.132
1195.16	227.02
1197.71	237.593
1200.27	236.909
1202.82	233.845
1205.37	241.64
1207.92	247.583
1210.47	245.084
1213.01	237.766
1215.56	250.821
1218.1	244.621
1220.65	236.472
1223.19	257.254
1225.73	244.339
1228.27	253.164
1230.81	248.676
1233.35	250.499
1235.88	249.249
1238.42	263.934
1240.95	251.84
1243.48	261.698
1246.02	255.128
1248.55	259.46
1251.07	248.006
1253.6	251.016
1256.13	251.084
1258.66	258.922
1261.18	265.665
1263.7	256.932
1266.22	266.193
1268.75	266
1271.27	263.199
1273.78	262.622
1276.3	253.92
1278.82	263.4
1281.33	259.797
1283.85	252.384
1286.36	259.85
1288.87	262.712
1291.38	256.283
1293.89	257.55
1296.4	248.331
1298.9	247.506
1301.41	254.067
1303.91	258.195
1306.41	258.51
1308.92	257.511
1311.42	240.067
1313.92	257.216
1316.42	256.487
1318.91	254.661
1321.41	249.221
1323.9	255.86
1326.4	256.289
1328.89	264.444
1331.38	261.267
1333.87	254.465
1336.36	260.944
1338.85	255.845
1341.34	252.733
1343.82	248.02
1346.31	242.24
1348.79	235.295
1351.27	238.133
1353.75	239.643
1356.23	239.694
1358.71	240.472
1361.19	234.638
1363.66	245.021
1366.14	242.884
1368.61	252.254
1371.09	251.455
1373.56	249.895
1376.03	254.443
1378.5	252.189
1380.96	248.121
1383.43	242.862
1385.9	240.462
1388.36	237.129
1390.83	231.561
1393.29	236.306
1395.75	226
1398.21	229.745
1400.67	221.907
1403.13	217.587
1405.58	221.972
1408.04	220.462
1410.49	215.511
1412.95	211.189
1415.4	208.006
1417.85	213.959
1420.3	210.589
1422.75	201.577
1425.2	214
1427.64	208.655
1430.09	211.644
1432.53	205.105
1434.97	204.91
1437.42	214.399
1439.86	207.244
1442.3	211.399
1444.73	210.844
1447.17	217.412
1449.61	214.06
1452.04	215.622
1454.48	213.078
1456.91	211.067
1459.34	207.355
1461.77	207.762
1464.2	214.211
1466.63	208.517
1469.06	201.661
1471.48	203.704
1473.91	206.561
1476.33	206.593
1478.75	216.956
1481.17	212.694
1483.6	214.443
1486.01	214.106
1488.43	207.233
1490.85	199.889
1493.27	195.776
1495.68	198.083
1498.09	195.575
1500.51	189.933
1502.92	190.917
1505.33	190.91
1507.74	194.177
1510.14	196.677
1512.55	190.109
1514.96	191.094
1517.36	195.483
1519.77	185.404
1522.17	193.971
1524.57	199.275
1526.97	197.749
1529.37	205.671
1531.77	199.661
1534.16	204.739
1536.56	211
1538.95	214.26
1541.35	211.405
1543.74	201.517
1546.13	211.539
1548.52	215.427
1550.91	208.762
1553.3	201.748
1555.68	200.154
1558.07	205.067
1560.45	208.005
1562.84	204.554
1565.22	212.029
1567.6	220.784
1569.98	214.142
1572.36	222.534
1574.74	215.195
1577.12	230.082
1579.49	223.489
1581.87	224.239
1584.24	216.828
1586.61	211.451
1588.98	209.116
1591.35	203.851
1593.72	205.951
1596.09	207.172
1598.46	189.195
1600.82	198.473
1603.19	190.955
1605.55	176.4
1607.92	177.817
1610.28	171.873
1612.64	172.078
1615	163.955
1617.36	157.26
1619.71	158.561
1622.07	155.926
1624.42	154.762
1626.78	153.134
1629.13	139.382
1631.48	133.354
1633.83	133.793
1636.18	126.399
1638.53	122.921
1640.88	128.189
1643.22	120.84
1645.57	116.906
1647.91	116.161
1650.26	112.768
1652.6	108.791
1654.94	112.206
1657.28	106.411
1659.62	111.2
1661.96	104.572
1664.29	100.588
1666.63	95.7166
1668.96	95.7502
1671.3	93.0267
1673.63	92.5611
1675.96	89.7601
1678.29	89.8477
1680.62	87.1109
1682.95	87.7677
1685.27	88.4121
1687.6	81.8899
1689.92	82.6176
1692.25	81.2432
1694.57	86.5222
1696.89	76.2778
1699.21	81.8223
1701.53	78.2899
1703.85	73.8101
1706.17	82.4222
1708.48	76.0331
1710.8	79.524
1713.11	68.5
1715.43	78.0499
1717.74	74.4576
1720.05	77.4378
1722.36	75.2563
1724.67	76.2156
1726.97	75.7454
1729.28	72.7222
1731.59	64.7323
1733.89	65.699
1736.19	67.2371
1738.5	70.4732
1740.8	70.8902
1743.1	68.734
1745.4	65.5887
1747.7	69.5
1749.99	65.9667
1752.29	65.5354
1754.58	65.1674
1756.88	67.1264
1759.17	64.9823
1761.46	64.1732
1763.75	68.2603
1766.04	58.428
1768.33	60.5058
1770.62	61.8381
1772.91	64.0482
1775.19	56.6351
1777.48	59.5879
1779.76	62.6775
1782.04	60.8383
1784.32	55.2721
1786.6	59.1166
1788.88	60.2553
1791.16	57.0987
1793.44	55.1947
1795.71	60.1788
1797.99	55.7894
1800.26	60.6169
1802.54	58.8333
1804.81	57.9278
1807.08	54.9563
1809.35	55.8101
1811.62	52.0055
1813.88	62.8277
1816.15	59.5826
1818.42	54.9778
1820.68	55.2121
1822.95	57.7323
1825.21	54.1442
1827.47	51.9371
1829.73	48.5886
1831.99	52.1906
1834.25	55.0166
1836.51	52.4654
1838.76	48.5065
1841.02	50.428
1843.27	49.8434
1845.52	50.6543
1847.78	49.5879
1850.03	49.5879
1852.28	45.8376
1854.53	47.9899
1856.78	53.6543
1859.02	48.3499
1861.27	48.222
1863.51	48.6998
1865.76	46.1768
1868	48.8109
1870.24	46.3499
1872.48	48.5944
1874.72	47.101
1876.96	42.3664
1879.2	43.5886
1881.44	45.1732
1883.67	47.8556
1885.91	48.0323
1888.14	44.1889
1890.37	46.6833
1892.61	48.3621
1894.84	45.7445
1897.07	40.9055
1899.29	42.8573
1901.52	43.3931
1903.75	46.2
1905.97	48.5179
1908.2	40.4442
1910.42	40.4106
1912.64	38.0795
1914.87	42.2
1917.09	45.9277
1919.31	45.1785
1921.52	43.8065
1923.74	42.9677
1925.96	40.1768
1928.17	45.3018
1930.39	44.5902
1932.6	38.5722
1934.81	39.8497
1937.03	43.9667
1939.24	42.2553
1941.45	43.7166
1943.65	42.1452
1945.86	42.4321
1948.07	40.9212
1950.27	42.7445
1952.48	41.9667
1954.68	36.1906
1956.88	40.7323
1959.08	43.699
1961.29	39.8398
1963.48	42.101
1965.68	43.9998
1967.88	37.9212
1970.08	42.1768
1972.27	38.0934
1974.47	41.5936
1976.66	33.9212
1978.85	37.5722
1981.04	38.161
1983.23	34.2121
1985.42	38.3267
1987.61	36.1906
1989.8	34.3232
1991.99	36.5118
1994.17	39.9684
1996.36	35.4833
1998.54	38.1768
2000.72	37.1285
2002.9	37.2995
2005.08	36.922
2007.26	36.9934
2009.44	35.399
2011.62	35.8159
2013.8	33.4129
2015.97	34.7287
2018.15	36.6665
2020.32	35.3482
2022.49	34.3714
2024.66	36.3482
2026.83	32.023
2029	32.399
2031.17	32.222
2033.34	29.6608
2035.51	33.6176
2037.67	30.1924
2039.84	30.2278
2042	29.922
2044.16	29.1709
2046.32	31.6566
2048.48	31.2546
2050.64	32.2432
2052.8	32.4833
2054.96	29.1124
2057.12	29.5122
2059.27	32.1573
2061.43	29.6833
2063.58	32.8845
2065.73	30.3275
2067.89	30.7772
2070.04	29.6169
2072.19	31.6176
2074.34	30.2553
2076.48	28.7287
2078.63	28.6998
2080.78	30.4442
2082.92	32.2371
2085.07	31.6998
2087.21	29.9452
2089.35	30.0225
2091.49	27.0323
2093.63	27.399
2095.77	30.5489
2097.91	29.0778
2100.05	31.1899
2102.19	30.5512
2104.32	27.8887
2106.45	29.8333
2108.59	28.1399
2110.72	23.6566
2112.85	27.9212
2114.98	26.6998
2117.11	32.0445
2119.24	33.4944
2121.37	28.9212
2123.5	30.9055
2125.62	31.5896
2127.75	30.9998
2129.87	32.5222
2131.99	27.7613
2134.11	30.8788
2136.24	29.6275
2138.36	31.3815
2140.47	28.5886
2142.59	29.2778
2144.71	27.9823
2146.83	26.0656
2148.94	30.5101
2151.06	23.9176
2153.17	29.3232
2155.28	29.7462
2157.39	28.6275
2159.5	24.4768
2161.61	26.923
2163.72	24.6111
2165.83	25.1768
2167.94	27.7719
2170.04	23.3331
2172.15	28.5
2174.25	27.5886
2176.35	23.3664
2178.45	27.001
2180.56	24.9388
2182.66	26.6998
2184.75	28.2896
2186.85	24.1045
2188.95	25.9444
2191.05	25.0267
2193.14	23.9176
2195.24	25.1109
2197.33	24.699
2199.42	25.4344
2201.51	26.1732
2203.6	23.6543
2205.69	24.5058
2207.78	28.2057
2209.87	26.282
2211.96	26.6566
2214.04	22.9212
2216.13	25.9176
2218.21	22.6351
2220.29	29.6566
2222.38	30.824
2224.46	26.7055
2226.54	23.5553
2228.62	26.9444
2230.69	28.4129
2232.77	25.6566
2234.85	25.461
2236.92	25.8118
2239	18.8765
2241.07	22.5879
2243.15	26.4106
2245.22	21.7776
2247.29	20.9331
2249.36	22.0209
2251.43	20.4386
2253.49	22.1452
2255.56	19.9566
2257.63	20.0442
2259.69	23.7007
2261.76	19.9545
2263.82	17.878
2265.88	22.6119
2267.95	21.6543
2270.01	21.8223
2272.07	22.399
2274.12	18.001
2276.18	20.2371
2278.24	16.3954
2280.3	17.2879
2282.35	18.6391
2284.41	20.8101
2286.46	17.1899
2288.51	16.7445
2290.56	19.7007
2292.61	19.0331
2294.66	19.1242
2296.71	15.001
2298.76	16.923
2300.8	17.9212
2302.85	15.649
2304.9	15.1768
2306.94	15.9998
2308.98	14.4775
2311.03	15.7048
2313.07	14.6212
2315.11	10.8573
2317.15	15.5722
2319.19	12.9684
2321.22	13.8398
2323.26	14.321
2325.3	14.3232
2327.33	15.6998
2329.36	13.9899
2331.4	12.0795
2333.43	15.9876
2335.46	12.461
2337.49	12.0889
2339.52	17.2721
2341.55	13.8434
2343.58	14.5886
2345.6	15.4768
2347.63	24.0482
2349.65	14.301
2351.68	13.6998
2353.7	11.4129
2355.72	13.699
2357.74	14.883
2359.76	13.399
2361.78	12.9331
2363.8	13.3275
2365.82	11.2099
2367.84	16.4386
2369.85	14.645
2371.87	14.4711
2373.88	16.101
2375.9	11.5553
2377.91	14.2942
2379.92	11.5722
2381.93	13.4321
2383.94	14.2099
2385.95	16.3
2387.96	10.4775
2389.96	13.883
2391.97	12.5553
2393.97	12.7222
2395.98	10.1889
2397.98	12.0946
2399.98	10.5886
2401.98	11.4053
2403.99	12.699
2405.99	10.3889
2407.98	11.4775
2409.98	9.02246
2411.98	11.8159
2413.98	10.1709
2415.97	9.46105
2417.96	11.3035
2419.96	11.4889
2421.95	9.19065
2423.94	8.51009
2425.93	11.8101
2427.92	8.03309
2429.91	9.83409
2431.9	11.4775
2433.89	10.222
2435.87	8.53754
2437.86	11.101
2439.84	7.16743
2441.83	10.4553
2443.81	11.2546
2445.79	11.3232
2447.77	10.8788
2449.75	9.222
2451.73	9.73231
2453.71	12.728
2455.69	10.9545
2457.67	8.11209
2459.64	6.12771
2461.62	9.27246
2463.59	10.301
2465.56	9.19238
2467.54	7.41287
2469.51	7.80447
2471.48	10.3954
2473.45	6.61762
2475.42	10.3018
2477.38	9.19065
2479.35	7.03407
2481.32	7.14345
2483.28	8.07878
2485.25	9.699
2487.21	8.55534
2489.17	7.52322
2491.13	9.84342
2493.09	8.34494
2495.05	8.31565
2497.01	7.76769
2498.97	6.41113
2500.93	9.65658
2502.89	3.58789
2504.84	8.96083
2506.8	5.07954
2508.75	5.92198
2510.7	7.08127
2512.65	5.73231
2514.61	6.68229
2516.56	6.727
2518.51	6.03309
2520.45	7.19238
2522.4	6.19065
2524.35	4.95454
2526.29	6.35428
2528.24	6.98763
2530.18	7.48893
2532.13	5.36643
2534.07	9.02246
2536.01	6.25456
2537.95	6.4222
2539.89	4.5217
2541.83	6.80078
2543.77	5.91189
2545.71	4.7462
2547.64	5.76541
2549.58	6.41113
2551.51	6.30002
2553.45	6.70074
2555.38	9.01161
2557.31	10.6275
2559.25	4.92198
2561.18	8.13205
2563.11	3.31109
2565.03	5.54319
2566.96	4.80447
2568.89	5.2704
2570.82	5.36003
2572.74	6.92773
2574.67	4.83984
2576.59	4.36209
2578.51	5.81087
2580.43	7.04622
2582.36	4.2156
2584.28	4.63509
2586.2	2.96669
2588.11	5.8712
2590.03	4.06565
2591.95	5.83984
2593.86	6.45605
2595.78	5.36643
2597.69	6.36567
2599.61	8.023
2601.52	6.699
2603.43	2.45757
2605.34	7.76128
2607.25	4.02875
2609.16	5.64497
2611.07	6.6722
2612.98	3.61686
2614.89	10.4674
2616.79	5.79438
2618.7	5.14345
2620.6	6.85558
2622.5	6.94868
2624.41	7.20052
2626.31	7.99978
2628.21	7.44542
2630.11	4.83908
2632.01	9.20985
2633.91	8.88455
2635.8	8.38965
2637.7	5.73231
2639.6	7.3482
2641.49	6.4222
2643.39	8.19998
2645.28	11.6334
2647.17	19.0778
2649.06	16.7654
2650.95	13.2667
2652.84	10.4907
2654.73	11.7344
2656.62	12.5553
2658.51	12.2371
2660.4	8.96669
2662.28	12.8109
2664.17	10.2899
2666.05	9.52224
2667.93	14.5164
2669.82	23.301
2671.7	31.7112
2673.58	44.0603
2675.46	59.7323
2677.34	53.8109
2679.21	45.8765
2681.09	35.5843
2682.97	34.7055
2684.84	28.9998
2686.72	23.951
2688.59	30.1889
2690.47	49.2899
2692.34	85.9545
2694.21	186.951
2696.08	334.538
2697.95	279.345
2699.82	143.857
2701.69	61.8065
2703.56	35.5997
2705.42	30.7445
2707.29	20.4654
2709.15	14.2563
2711.02	10.36
2712.88	9.92198
2714.75	9.65658
2716.61	11.6351
2718.47	5.73405
2720.33	5.52398
2722.19	7.3674
2724.05	5.38889
2725.9	6.55653
2727.76	7.06565
2729.62	6.22201
2731.47	7.54546
2733.33	5.58963
2735.18	5.09874
2737.03	7.36643
2738.88	6.90549
2740.73	1.58789
2742.59	5.11089
2744.43	4.699
2746.28	1.73231
2748.13	6.12196
2749.98	8.7462
2751.82	6.23383
2753.67	6.61187
2755.51	1.74447
2757.36	4.54319
2759.2	4.21213
2761.04	1.3954
2762.88	3.77116
