365.286	1984.92
368.238	1978.87
371.189	1978.39
374.139	1986.01
377.087	2015.39
380.034	2006.79
382.979	2007.51
385.923	1983.28
388.866	1973.42
391.806	1930.84
394.745	1912.42
397.684	1897.51
400.62	1913.39
403.555	1895.37
406.49	1886.62
409.421	1874.73
412.353	1858.09
415.282	1854.92
418.209	1858.95
421.137	1857.22
424.062	1831.28
426.985	1797.2
429.908	1812.31
432.829	1819.98
435.748	1832.76
438.666	1828.98
441.583	1773.42
444.498	1775.2
447.412	1739.2
450.324	1720.09
453.235	1699.76
456.145	1690.53
459.052	1670.31
461.959	1636.31
464.865	1646.73
467.769	1618.26
470.671	1613.39
473.572	1596.31
476.471	1616.56
479.37	1589.68
482.266	1601.06
485.162	1597.53
488.056	1632.92
490.948	1647.42
493.839	1667.14
496.73	1656.17
499.618	1651.92
502.505	1635.86
505.39	1601.79
508.275	1614.06
511.157	1584.28
514.039	1589.62
516.919	1591.15
519.798	1567.2
522.674	1560.51
525.55	1521.12
528.425	1521.42
531.297	1473.79
534.169	1455.76
537.039	1470.42
539.908	1458.65
542.775	1459.65
545.642	1438.53
548.506	1445.53
551.369	1479.4
554.231	1462.23
557.092	1457.2
559.951	1473.79
562.808	1440.65
565.664	1457.42
568.519	1437.81
571.373	1462.76
574.225	1505.98
577.076	1525.87
579.925	1566.81
582.773	1557.31
585.62	1544.68
588.466	1531.2
591.309	1487.12
594.152	1476.87
596.993	1424.09
599.832	1430.53
602.671	1399.73
605.508	1414.53
608.343	1440.37
611.178	1417.92
614.011	1425.31
616.842	1429.42
619.672	1432.64
622.501	1469.95
625.329	1461.81
628.155	1457.59
630.98	1484.81
633.802	1481.31
636.624	1479.53
639.445	1476.53
642.264	1465.68
645.082	1477.4
647.898	1465.45
650.714	1430.45
653.527	1394.31
656.34	1405.98
659.151	1407.23
661.961	1366.12
664.769	1370.87
667.576	1369.64
670.382	1359.06
673.186	1347.8
675.989	1338.48
678.791	1323.03
681.591	1342.29
684.39	1367.37
687.187	1351.48
689.983	1342.31
692.779	1359.2
695.572	1376.62
698.363	1382.21
701.155	1403.82
703.944	1349.9
706.733	1369.2
709.519	1351.73
712.305	1373.37
715.089	1373.03
717.871	1369.9
720.653	1367.31
723.433	1362.56
726.212	1359.53
728.989	1358.75
731.765	1387.23
734.54	1375.92
737.313	1372.09
740.085	1373.39
742.856	1373.48
745.625	1356.7
748.394	1363.37
751.16	1373.92
753.926	1405.51
756.689	1418.48
759.452	1455.03
762.214	1424.73
764.974	1418.15
767.733	1417.75
770.49	1404.87
773.246	1391.98
776.001	1391.37
778.755	1404.03
781.507	1384.76
784.258	1372.48
787.007	1389.31
789.756	1379.7
792.502	1383.97
795.247	1363.56
797.992	1375
800.735	1380.53
803.477	1375.19
806.217	1407.64
808.956	1418.19
811.694	1445.75
814.43	1457.97
817.165	1461.47
819.899	1516.31
822.631	1531.81
825.362	1538.14
828.092	1545.14
830.82	1522.48
833.548	1498.26
836.274	1498.7
838.998	1499.61
841.721	1481.92
844.444	1476.36
847.165	1465.45
849.884	1455.76
852.601	1422.92
855.318	1426.59
858.034	1426.59
860.749	1422.56
863.461	1384.08
866.173	1407.12
868.883	1387.98
871.592	1356.79
874.3	1362.65
877.006	1349.2
879.712	1328.59
882.415	1303.76
885.118	1310.68
887.819	1303.42
890.519	1298.62
893.218	1307.9
895.914	1297.08
898.611	1330.14
901.306	1324.27
903.999	1326.03
906.692	1339.03
909.382	1341.47
912.072	1365.69
914.761	1353.8
917.447	1337.75
920.133	1336.98
922.818	1322.15
925.501	1327.92
928.183	1303.15
930.864	1305.37
933.543	1305.76
936.221	1293.47
938.898	1263.26
941.574	1287.14
944.248	1260.62
946.921	1274.4
949.593	1248.4
952.263	1234.09
954.932	1218.87
957.6	1210.98
960.267	1226.08
962.932	1204.06
965.597	1180.34
968.26	1209.76
970.922	1186.42
973.581	1181.92
976.241	1164.09
978.898	1161.59
981.555	1155.31
984.21	1168.56
986.864	1166.9
989.517	1209.45
992.169	1237.31
994.819	1249.65
997.468	1259.76
1000.12	1262.2
1002.76	1244.34
1005.41	1239.09
1008.05	1229.09
1010.69	1224.53
1013.34	1199.56
1015.98	1211.09
1018.61	1202.76
1021.25	1200.53
1023.89	1201.53
1026.52	1193.53
1029.16	1175.2
1031.79	1192.26
1034.42	1169.14
1037.05	1171.76
1039.68	1183.65
1042.31	1187.87
1044.93	1202.45
1047.56	1192.76
1050.18	1225.15
1052.81	1230.53
1055.43	1262.42
1058.05	1279.53
1060.67	1296.42
1063.28	1349.48
1065.9	1393.26
1068.52	1426.76
1071.13	1481.31
1073.74	1466.42
1076.35	1456.56
1078.96	1440.2
1081.57	1412.45
1084.18	1425.68
1086.79	1412.84
1089.39	1414.51
1092	1427.92
1094.6	1466.51
1097.2	1459.65
1099.8	1465.37
1102.4	1490.29
1105	1461.37
1107.6	1500.9
1110.19	1500.23
1112.79	1493.51
1115.38	1514.85
1117.97	1472.62
1120.56	1487.46
1123.15	1488.01
1125.74	1508.76
1128.33	1511.1
1130.91	1489.65
1133.5	1470.01
1136.08	1492.79
1138.66	1500.56
1141.24	1501.06
1143.82	1506.87
1146.4	1503.51
1148.98	1540.03
1151.55	1536.17
1154.13	1554.73
1156.7	1531.01
1159.27	1534.2
1161.85	1550.09
1164.42	1546.7
1166.98	1522.15
1169.55	1567.2
1172.12	1573.65
1174.68	1594.51
1177.25	1600.37
1179.81	1612.87
1182.37	1612.13
1184.93	1577.98
1187.49	1557.26
1190.05	1536.61
1192.6	1565.36
1195.16	1576.56
1197.71	1578.53
1200.27	1580.06
1202.82	1579.59
1205.37	1605.56
1207.92	1616.92
1210.47	1602.84
1213.01	1601.48
1215.56	1590.48
1218.1	1617.73
1220.65	1634.26
1223.19	1638.89
1225.73	1654.92
1228.27	1642.62
1230.81	1686.2
1233.35	1679.78
1235.88	1719.53
1238.42	1760.95
1240.95	1765.34
1243.48	1749.31
1246.02	1774.17
1248.55	1723.28
1251.07	1720.73
1253.6	1729.95
1256.13	1756.78
1258.66	1712.28
1261.18	1715.06
1263.7	1718.51
1266.22	1735.89
1268.75	1748.06
1271.27	1718.95
1273.78	1724.62
1276.3	1724.53
1278.82	1735.28
1281.33	1718.67
1283.85	1724.62
1286.36	1728.45
1288.87	1749.89
1291.38	1715.89
1293.89	1725.17
1296.4	1736.45
1298.9	1739.01
1301.41	1736.39
1303.91	1735.59
1306.41	1742.84
1308.92	1699.51
1311.42	1720.62
1313.92	1695.59
1316.42	1706.7
1318.91	1683.06
1321.41	1684.84
1323.9	1671.51
1326.4	1692.53
1328.89	1668.87
1331.38	1668.92
1333.87	1652.2
1336.36	1639.4
1338.85	1652.81
1341.34	1632.15
1343.82	1610.37
1346.31	1593.81
1348.79	1586.51
1351.27	1587.84
1353.75	1548.42
1356.23	1516.09
1358.71	1505.09
1361.19	1501.2
1363.66	1484.23
1366.14	1492.42
1368.61	1462.23
1371.09	1455.2
1373.56	1462.48
1376.03	1427.53
1378.5	1418.42
1380.96	1424.09
1383.43	1407.98
1385.9	1378.87
1388.36	1369.2
1390.83	1349.15
1393.29	1363.98
1395.75	1318.76
1398.21	1322.81
1400.67	1313.59
1403.13	1306.48
1405.58	1302.98
1408.04	1304.26
1410.49	1291.03
1412.95	1287.03
1415.4	1293.37
1417.85	1304.81
1420.3	1295.84
1422.75	1297.59
1425.2	1296.76
1427.64	1279.87
1430.09	1284.85
1432.53	1274.92
1434.97	1283.31
1437.42	1274.06
1439.86	1278.15
1442.3	1280.03
1444.73	1280.48
1447.17	1259.12
1449.61	1270.23
1452.04	1275.59
1454.48	1276.14
1456.91	1264.03
1459.34	1268.14
1461.77	1290.1
1464.2	1284.14
1466.63	1284.44
1469.06	1263.03
1471.48	1305.6
1473.91	1274.48
1476.33	1315.7
1478.75	1297.6
1481.17	1291.84
1483.6	1311.28
1486.01	1296.14
1488.43	1320.12
1490.85	1305.92
1493.27	1317.58
1495.68	1314.52
1498.09	1296.36
1500.51	1309.31
1502.92	1298.97
1505.33	1302.63
1507.74	1303.86
1510.14	1309.76
1512.55	1294.95
1514.96	1295.15
1517.36	1280.04
1519.77	1269.94
1522.17	1278.77
1524.57	1270.22
1526.97	1267.13
1529.37	1269.33
1531.77	1269.94
1534.16	1279.69
1536.56	1273.59
1538.95	1302.36
1541.35	1298.44
1543.74	1291.68
1546.13	1280.97
1548.52	1318.35
1550.91	1298.45
1553.3	1307.9
1555.68	1332.57
1558.07	1339.36
1560.45	1349.22
1562.84	1363.38
1565.22	1382.69
1567.6	1384.26
1569.98	1399.73
1572.36	1418.42
1574.74	1400.62
1577.12	1425.49
1579.49	1410.59
1581.87	1409.37
1584.24	1418.81
1586.61	1384.8
1588.98	1364.81
1591.35	1347.7
1593.72	1314.51
1596.09	1268.01
1598.46	1260.62
1600.82	1242.09
1603.19	1217.09
1605.55	1192.61
1607.92	1166.31
1610.28	1138.38
1612.64	1112.94
1615	1074.19
1617.36	1035.98
1619.71	1005.87
1622.07	981.92
1624.42	954.084
1626.78	916.824
1629.13	898.993
1631.48	862.771
1633.83	851.546
1636.18	838.21
1638.53	814.621
1640.88	788.04
1643.22	766.792
1645.57	759.935
1647.91	731.211
1650.26	728.959
1652.6	708.206
1654.94	705.848
1657.28	695.322
1659.62	682.292
1661.96	665.842
1664.29	648.575
1666.63	654.211
1668.96	638.013
1671.3	639.432
1673.63	609.262
1675.96	605.042
1678.29	594.013
1680.62	589.23
1682.95	578.069
1685.27	575.606
1687.6	565.994
1689.92	548.291
1692.25	539.238
1694.57	541.988
1696.89	532.792
1699.21	528.549
1701.53	511.904
1703.85	522.877
1706.17	510.402
1708.48	498.216
1710.8	495.654
1713.11	503.237
1715.43	491.186
1717.74	486.099
1720.05	480.929
1722.36	476.959
1724.67	473.818
1726.97	481.877
1729.28	478.964
1731.59	459.929
1733.89	460.985
1736.19	458.68
1738.5	452.883
1740.8	452.432
1743.1	443.069
1745.4	446.959
1747.7	437.818
1749.99	445.883
1752.29	423.188
1754.58	433.624
1756.88	422.737
1759.17	433.181
1761.46	417.321
1763.75	414.929
1766.04	405.929
1768.33	403.07
1770.62	407.312
1772.91	399.07
1775.19	402.654
1777.48	405.765
1779.76	406.402
1782.04	388.626
1784.32	387.485
1786.6	385.237
1788.88	392.626
1791.16	388.543
1793.44	373.293
1795.71	371.654
1797.99	376.626
1800.26	369.681
1802.54	366.959
1804.81	361.293
1807.08	360.515
1809.35	363.818
1811.62	362.626
1813.88	357.404
1816.15	354.626
1818.42	363.515
1820.68	346.485
1822.95	363.543
1825.21	353.515
1827.47	347.069
1829.73	350.707
1831.99	354.293
1834.25	352.988
1836.51	348.848
1838.76	351.404
1841.02	328.959
1843.27	342.626
1845.52	352.07
1847.78	321.596
1850.03	331.626
1852.28	325.707
1854.53	340.596
1856.78	328.293
1859.02	329.988
1861.27	326.515
1863.51	322.07
1865.76	318.181
1868	313.848
1870.24	325.076
1872.48	313.515
1874.72	310.626
1876.96	313.848
1879.2	326.626
1881.44	306.293
1883.67	317.626
1885.91	307.626
1888.14	314.076
1890.37	308.848
1892.61	305.293
1894.84	307.737
1897.07	309.404
1899.29	296.959
1901.52	303.07
1903.75	306.404
1905.97	300.181
1908.2	288.404
1910.42	297.293
1912.64	300.848
1914.87	286.515
1917.09	303.959
1919.31	293.737
1921.52	283.626
1923.74	288.181
1925.96	286.07
1928.17	284.07
1930.39	291.181
1932.6	282.263
1934.81	270.848
1937.03	280.181
1939.24	281.318
1941.45	275.485
1943.65	277.152
1945.86	291.485
1948.07	279.929
1950.27	276.626
1952.48	262.959
1954.68	276.848
1956.88	266.07
1959.08	258.959
1961.29	269.293
1963.48	265.07
1965.68	256.293
1967.88	262.404
1970.08	254.959
1972.27	249.07
1974.47	247.293
1976.66	242.848
1978.85	252.848
1981.04	244.737
1983.23	246.737
1985.42	254.626
1987.61	248.737
1989.8	246.404
1991.99	252.737
1994.17	233.626
1996.36	247.293
1998.54	235.07
2000.72	229.181
2002.9	245.848
2005.08	243.515
2007.26	236.848
2009.44	240.07
2011.62	239.293
2013.8	233.07
2015.97	238.404
2018.15	234.404
2020.32	231.737
2022.49	225.181
2024.66	225.959
2026.83	225.515
2029	224.293
2031.17	223.596
2033.34	220.181
2035.51	216.626
2037.67	215.959
2039.84	210.293
2042	222.737
2044.16	225.737
2046.32	226.404
2048.48	220.485
2050.64	214.737
2052.8	216.293
2054.96	224.404
2057.12	216.737
2059.27	220.848
2061.43	215.515
2063.58	215.626
2065.73	224.737
2067.89	213.07
2070.04	223.459
2072.19	212.181
2074.34	218.181
2076.48	210.626
2078.63	213.626
2080.78	207.404
2082.92	207.404
2085.07	205.737
2087.21	192.293
2089.35	198.596
2091.49	200.737
2093.63	200.404
2095.77	200.07
2097.91	206.596
2100.05	204.626
2102.19	192.181
2104.32	190.737
2106.45	196.959
2108.59	185.515
2110.72	205.293
2112.85	192.181
2114.98	197.515
2117.11	200.737
2119.24	195.404
2121.37	195.181
2123.5	199.626
2125.62	201.959
2127.75	189.626
2129.87	187.737
2131.99	196.848
2134.11	184.848
2136.24	183.404
2138.36	195.515
2140.47	189.737
2142.59	174.181
2144.71	184.404
2146.83	179.404
2148.94	170.848
2151.06	184.293
2153.17	178.07
2155.28	161.626
2157.39	174.737
2159.5	166.515
2161.61	174.07
2163.72	169.404
2165.83	170.626
2167.94	171.626
2170.04	162.293
2172.15	163.404
2174.25	165.626
2176.35	159.848
2178.45	147.293
2180.56	155.959
2182.66	161.293
2184.75	161.626
2186.85	166.293
2188.95	152.404
2191.05	155.737
2193.14	150.181
2195.24	149.737
2197.33	158.515
2199.42	166.959
2201.51	155.626
2203.6	156.959
2205.69	144.959
2207.78	151.959
2209.87	152.737
2211.96	150.626
2214.04	152.515
2216.13	157.07
2218.21	157.181
2220.29	161.959
2222.38	171.404
2224.46	162.596
2226.54	156.07
2228.62	144.404
2230.69	151.848
2232.77	141.181
2234.85	147.404
2236.92	145.07
2239	142.515
2241.07	147.293
2243.15	137.848
2245.22	135.293
2247.29	137.515
2249.36	131.515
2251.43	129.07
2253.49	125.07
2255.56	128.57
2257.63	125.762
2259.69	131.737
2261.76	118.959
2263.82	128.07
2265.88	117.848
2267.95	122.515
2270.01	127.959
2272.07	115.959
2274.12	116.404
2276.18	117.626
2278.24	111.626
2280.3	115.848
2282.35	107.515
2284.41	96.8481
2286.46	107.014
2288.51	102.404
2290.56	106.293
2292.61	106.404
2294.66	103.626
2296.71	102.626
2298.76	107.293
2300.8	96.0703
2302.85	98.1814
2304.9	99.0703
2306.94	100.07
2308.98	99.737
2311.03	104.737
2313.07	102.818
2315.11	97.1814
2317.15	100.293
2319.19	90.4036
2321.22	103.848
2323.26	100.848
2325.3	96.8481
2327.33	103.374
2329.36	89.6259
2331.4	97.5148
2333.43	93.6259
2335.46	92.0703
2337.49	96.4036
2339.52	99.1814
2341.55	91.737
2343.58	84.9592
2345.6	87.4036
2347.63	106.404
2349.65	87.0703
2351.68	88.1814
2353.7	85.9592
2355.72	89.737
2357.74	93.0703
2359.76	82.0703
2361.78	84.9592
2363.8	94.0703
2365.82	81.6259
2367.84	78.1814
2369.85	85.3179
2371.87	80.1814
2373.88	83.9592
2375.9	81.4036
2377.91	73.4036
2379.92	79.9592
2381.93	78.737
2383.94	79.737
2385.95	76.0703
2387.96	79.6259
2389.96	75.0703
2391.97	72.4036
2393.97	68.9592
2395.98	77.0703
2397.98	76.0703
2399.98	69.9592
2401.98	59.5148
2403.99	74.8481
2405.99	66.9592
2407.98	75.0703
2409.98	66.1814
2411.98	67.2925
2413.98	72.1814
2415.97	72.0703
2417.96	75.4036
2419.96	75.2925
2421.95	68.596
2423.94	65.1516
2425.93	67.6259
2427.92	59.4036
2429.91	60.2925
2431.9	59.6259
2433.89	50.9592
2435.87	59.8481
2437.86	54.737
2439.84	53.6259
2441.83	55.9592
2443.81	58.1814
2445.79	54.6259
2447.77	56.2925
2449.75	57.2925
2451.73	58.737
2453.71	50.2925
2455.69	52.9592
2457.67	54.1814
2459.64	58.737
2461.62	53.2925
2463.59	49.4036
2465.56	51.6259
2467.54	43.9592
2469.51	46.4036
2471.48	52.737
2473.45	51.737
2475.42	48.6259
2477.38	45.4036
2479.35	44.737
2481.32	40.2925
2483.28	45.737
2485.25	47.737
2487.21	40.737
2489.17	50.0703
2491.13	42.8481
2493.09	43.737
2495.05	38.1814
2497.01	33.4036
2498.97	46.1814
2500.93	47.2925
2502.89	42.5148
2504.84	41.5148
2506.8	42.4036
2508.75	39.9592
2510.7	39.8481
2512.65	36.0703
2514.61	38.5148
2516.56	40.9592
2518.51	37.5148
2520.45	36.8481
2522.4	28.737
2524.35	32.2925
2526.29	33.9592
2528.24	30.737
2530.18	35.5148
2532.13	27.4036
2534.07	30.6259
2536.01	30.4036
2537.95	30.5148
2539.89	26.9592
2541.83	31.0703
2543.77	29.737
2545.71	27.1814
2547.64	26.0703
2549.58	23.8481
2551.51	31.1814
2553.45	29.8481
2555.38	32.8481
2557.31	28.5148
2559.25	28.0703
2561.18	24.737
2563.11	24.2925
2565.03	24.1814
2566.96	22.5148
2568.89	16.5148
2570.82	20.9592
2572.74	20.4036
2574.67	24.9294
2576.59	28.4036
2578.51	15.5148
2580.43	22.0703
2582.36	26.9592
2584.28	19.2925
2586.2	19.5148
2588.11	20.2925
2590.03	17.0703
2591.95	16.6259
2593.86	18.0703
2595.78	16.4036
2597.69	9.07031
2599.61	15.1814
2601.52	16.8481
2603.43	8.18142
2605.34	15.2925
2607.25	12.4036
2609.16	14.8481
2611.07	10.737
2612.98	10.6259
2614.89	12.9592
2616.79	9.18142
2618.7	12.9592
2620.6	6.07031
2622.5	8.84809
2624.41	12.5148
2626.31	7.9592
2628.21	6.84809
2630.11	11.9592
2632.01	12.0703
2633.91	0.959201
2635.8	7.18142
2637.7	3.84809
2639.6	0.181424
2641.49	5.29253
2643.39	11.0703
2645.28	22.5148
2647.17	13.6259
2649.06	14.8481
2650.95	12.6259
2652.84	3.62587
2654.73	7.29253
2656.62	-1.37413
2658.51	0.736979
2660.4	10.1814
2662.28	1.73698
2664.17	1.62587
2666.05	4.73698
2667.93	5.40365
2669.82	14.9592
2671.7	18.0703
2673.58	33.737
2675.46	41.1814
2677.34	45.737
2679.21	36.0703
2681.09	28.737
2682.97	16.2925
2684.84	19.5148
2686.72	9.18142
2688.59	15.4036
2690.47	30.737
2692.34	67.9592
2694.21	134.404
2696.08	232.181
2697.95	170.737
2699.82	67.6259
2701.69	33.8481
2703.56	22.737
2705.42	24.737
2707.29	3.9592
2709.15	-4.70747
2711.02	-5.92969
2712.88	1.73698
2714.75	-11.8186
2716.61	-16.0408
2718.47	-11.1519
2720.33	-10.8186
2722.19	-8.15191
2724.05	-9.48524
2725.9	-9.59635
2727.76	-9.0408
2729.62	-12.3741
2731.47	-13.7075
2733.33	-10.1519
2735.18	-6.59635
2737.03	-7.0408
2738.88	-15.0408
2740.73	-13.8186
2742.59	-12.8186
2744.43	-14.263
2746.28	-12.8186
2748.13	-18.5964
2749.98	-16.8186
2751.82	-18.5964
2753.67	-16.4852
2755.51	-9.92969
2757.36	-14.9297
2759.2	-16.8186
2761.04	-19.263
2762.88	-21.5964
