176.817	488.444
179.42	484.222
182.022	490.444
184.622	485.556
187.223	487.111
189.821	489.778
192.419	470.889
195.017	471.556
197.612	486.667
200.208	474.222
202.802	480.889
205.397	478.444
207.99	483.111
210.581	485.333
213.173	486.444
215.762	484
218.352	486.222
220.94	492.222
223.528	493.333
226.114	496.444
228.701	502.444
231.285	515.556
233.87	514
236.452	507.778
239.034	523.333
241.616	519.333
244.196	524
246.777	523.333
249.355	520.444
251.933	523.778
254.511	529.778
257.086	530
259.663	529.333
262.237	527.333
264.81	532.222
267.383	525.556
269.955	517.778
272.525	522.222
275.097	513.333
277.665	511.333
280.234	501.778
282.802	509.778
285.368	499.556
287.934	498
290.499	500.889
293.064	498.889
295.627	494.444
298.189	512.667
300.75	509.333
303.312	504.444
305.871	499.556
308.43	503.778
310.988	493.111
313.545	483.556
316.101	477.333
318.658	468.444
321.212	478.667
323.766	476.889
326.319	477.556
328.871	477.556
331.422	484.667
333.972	478.889
336.522	475.778
339.072	479.111
341.619	467.333
344.166	480.889
346.712	482.444
349.258	476
351.802	467.556
354.346	478.444
356.888	482.667
359.43	471.111
361.971	477.556
364.511	464.667
367.051	485.778
369.589	482.222
372.127	470.222
374.664	482.889
377.2	495.111
379.735	503.111
382.27	503.333
384.802	505.778
387.334	487.111
389.866	478.889
392.397	469.111
394.927	478.444
397.457	472
399.985	469.333
402.513	478.667
405.038	477.778
407.565	484.889
410.09	484.889
412.614	477.333
415.138	479.111
417.66	470.222
420.181	471.778
422.702	474.889
425.222	468.444
427.742	476.222
430.259	469.778
432.777	481.556
435.294	492.222
437.81	487.556
440.324	487.778
442.838	476.667
445.352	478.889
447.863	476.222
450.375	482.444
452.887	471.556
455.395	478.889
457.905	495.556
460.414	498.889
462.92	495.333
465.427	477.111
467.932	480.889
470.438	465.556
472.942	473.556
475.445	470
477.948	488
480.448	479.111
482.95	484.444
485.449	474.889
487.949	485.111
490.446	485.333
492.944	480.222
495.44	474.667
497.937	479.556
500.431	486.889
502.926	472.889
505.418	474
507.912	475.333
510.403	478.444
512.894	479.111
515.384	478.889
517.874	494.889
520.361	483.556
522.848	487.778
525.336	479.333
527.821	480
530.306	487.333
532.791	475.778
535.274	483.333
537.756	483.778
540.238	479.333
542.719	495.111
545.199	475.556
547.679	478.222
550.157	477.333
552.634	476
555.112	472
557.588	481.556
560.063	482.889
562.537	487.333
565.011	485.556
567.484	482.889
569.955	476.889
572.426	481.111
574.896	476.444
577.367	469.333
579.835	473.778
582.303	473.111
584.77	483.333
587.236	480
589.701	478.222
592.165	483.111
594.629	484.444
597.093	496.889
599.555	478.444
602.016	488.222
604.477	482.222
606.936	488.222
609.395	494.889
611.853	499.333
614.311	504.889
616.767	504.889
619.223	506.889
621.678	502.222
624.132	497.111
626.585	491.333
629.037	493.556
631.489	491.333
633.94	495.778
636.39	488.444
638.839	494.444
641.288	498.222
643.736	491.556
646.183	483.111
648.627	494.222
651.073	499.778
653.517	501.556
655.961	502
658.404	501.333
660.846	495.556
663.288	482
665.727	500.667
668.167	495.333
670.606	486.667
673.044	489.111
675.482	498
677.917	491.778
680.353	475.333
682.788	496.222
685.222	489.111
687.655	492.667
690.087	489.778
692.519	484.667
694.951	499.778
697.38	494.444
699.809	491.556
702.238	489.111
704.665	487.111
707.092	496.444
709.519	488.222
711.943	498.444
714.368	497.556
716.791	502.222
719.214	505.333
721.637	493.556
724.058	496.667
726.479	499.111
728.898	485.778
731.317	502.222
733.734	487.556
736.152	487.778
738.568	499.111
740.985	488.444
743.399	502.222
745.814	487.556
748.227	498.667
750.64	496.444
753.051	489.778
755.463	494.222
757.872	487.111
760.283	487.556
762.691	496.222
765.098	488.667
767.506	487.556
769.912	495.333
772.318	489.333
774.722	483.778
777.126	488.889
779.53	494.889
781.932	496.222
784.333	487.111
786.735	489.333
789.135	484.667
791.533	492.444
793.933	510.444
796.33	494
798.727	495.333
801.123	500.889
803.519	497.778
805.913	509.556
808.307	502.667
810.699	493.556
813.093	502.444
815.484	493.778
817.874	504
820.264	508
822.653	490.889
825.041	508.889
827.43	514.444
829.817	509.333
832.203	512.222
834.588	511.333
836.972	511.778
839.356	498.222
841.738	508.667
844.12	510.889
846.502	498
848.882	518.222
851.262	501.778
853.641	512.667
856.02	511.778
858.397	519.778
860.774	520
863.15	527.111
865.525	533.333
867.9	538.222
870.273	518.889
872.646	529.111
875.019	518
877.39	525.556
879.761	523.333
882.131	504
884.5	513.111
886.869	500.667
889.236	516.667
891.602	524
893.968	513.111
896.334	518.889
898.698	514
901.062	511.111
903.426	512.445
905.787	504.889
908.148	503.333
910.509	508
912.87	501.556
915.228	505.778
917.587	503.556
919.945	505.333
922.302	508.667
924.657	498.444
927.013	508.222
929.368	494.222
931.721	503.111
934.074	502.889
936.427	501.778
938.778	504
941.129	502.889
943.479	495.778
945.828	494.667
948.177	490.444
950.524	500
952.871	494.444
955.218	508.889
957.563	501.556
959.908	503.556
962.252	498
964.595	498.889
966.937	510.667
969.28	504.444
971.62	503.556
973.961	507.111
976.3	508
978.639	501.111
980.976	494.444
983.314	507.556
985.65	509.778
987.987	498.444
990.321	504.889
992.655	514
994.989	524.222
997.321	517.778
999.653	512.667
1001.98	524.667
1004.31	510.889
1006.65	498
1008.97	508.667
1011.3	510.889
1013.63	510.222
1015.96	500.222
1018.28	507.556
1020.61	504.222
1022.93	499.556
1025.26	515.556
1027.58	506.222
1029.9	510.444
1032.22	511.778
1034.54	523.778
1036.86	504.444
1039.18	507.556
1041.5	510.889
1043.82	506.444
1046.14	510
1048.45	524.445
1050.77	525.111
1053.08	522
1055.4	519.111
1057.71	522.222
1060.02	528.667
1062.33	522.889
1064.64	516.889
1066.96	513.778
1069.27	518.222
1071.57	523.778
1073.88	521.111
1076.19	531.333
1078.5	534
1080.8	530.667
1083.11	546.222
1085.41	537.111
1087.72	562
1090.02	562.222
1092.32	569.333
1094.62	586.667
1096.92	594.667
1099.22	599.333
1101.52	584.222
1103.82	573.111
1106.12	564.667
1108.42	562.222
1110.71	562
1113.01	562.889
1115.3	576
1117.6	574.889
1119.89	578.444
1122.18	584.667
1124.48	592.222
1126.77	584.444
1129.06	580.444
1131.35	582.222
1133.64	567.778
1135.93	553.556
1138.21	563.111
1140.5	562
1142.79	555.778
1145.07	563.111
1147.36	576.667
1149.64	574.889
1151.92	582.889
1154.21	596.667
1156.49	589.111
1158.77	594.222
1161.05	574
1163.33	571.778
1165.61	572.444
1167.89	551.778
1170.16	558.444
1172.44	554.889
1174.72	554
1176.99	556.444
1179.27	552.667
1181.54	551.333
1183.81	545.111
1186.09	554.444
1188.36	558.444
1190.63	558
1192.9	558.444
1195.17	569.333
1197.44	575.556
1199.71	569.333
1201.97	576.444
1204.24	566.889
1206.5	569.333
1208.77	568.222
1211.03	572.667
1213.3	579.111
1215.56	570.889
1217.82	582.667
1220.09	583.111
1222.35	584.222
1224.61	603.333
1226.87	591.333
1229.12	611.556
1231.38	609.111
1233.64	609.778
1235.9	604.444
1238.15	621.111
1240.41	608.222
1242.66	607.111
1244.92	618.222
1247.17	620.889
1249.42	626
1251.67	622.222
1253.92	624.889
1256.17	627.556
1258.42	639.111
1260.67	653.556
1262.92	663.333
1265.17	662.889
1267.42	663.333
1269.66	663.111
1271.91	642.889
1274.15	646
1276.39	643.778
1278.64	634.889
1280.88	634
1283.12	630.667
1285.36	621.111
1287.6	626.889
1289.84	610.889
1292.08	618
1294.32	635.111
1296.56	620.889
1298.79	619.333
1301.03	609.333
1303.26	626
1305.5	614.222
1307.73	625.778
1309.97	612.222
1312.2	625.111
1314.43	611.556
1316.66	616.667
1318.89	618.667
1321.12	599.778
1323.35	617.111
1325.58	615.556
1327.81	621.778
1330.03	625.333
1332.26	627.333
1334.49	626.444
1336.71	623.111
1338.94	638.444
1341.16	645.556
1343.38	649.111
1345.6	651.333
1347.83	641.778
1350.05	660.667
1352.27	662.667
1354.49	672.889
1356.7	678
1358.92	693.333
1361.14	716
1363.36	757.333
1365.57	807.333
1367.79	829.333
1370	872.889
1372.21	872.444
1374.43	849.111
1376.64	827.778
1378.85	765.556
1381.06	759.778
1383.27	723.333
1385.48	723.556
1387.69	691.556
1389.9	679.333
1392.11	675.556
1394.31	656.667
1396.52	653.778
1398.73	653.556
1400.93	646.445
1403.13	634
1405.34	630.667
1407.54	632.667
1409.74	630.444
1411.94	631.556
1414.14	633.111
1416.34	629.333
1418.54	628.667
1420.74	626.222
1422.94	608.667
1425.14	616.222
1427.33	613.556
1429.53	610.667
1431.72	600.444
1433.92	611.778
1436.11	615.111
1438.3	622
1440.5	638.667
1442.69	624.889
1444.88	639.333
1447.07	657.333
1449.26	659.111
1451.45	664.889
1453.64	675.778
1455.82	674.444
1458.01	678.667
1460.2	671.778
1462.38	657.333
1464.57	649.778
1466.75	638.444
1468.93	633.111
1471.12	623.111
1473.3	628.222
1475.48	622
1477.66	631.333
1479.84	622.444
1482.02	620.444
1484.2	616.667
1486.38	614.444
1488.55	623.111
1490.73	607.333
1492.91	600
1495.08	610
1497.26	592.222
1499.43	601.333
1501.61	607.333
1503.78	602.889
1505.95	610.222
1508.12	607.556
1510.29	606.222
1512.46	613.111
1514.63	620
1516.8	604.889
1518.97	604.667
1521.14	623.333
1523.3	618.667
1525.47	620.222
1527.63	619.556
1529.8	606.222
1531.96	604.889
1534.12	613.111
1536.29	617.111
1538.45	621.111
1540.61	632.444
1542.77	627.333
1544.93	634.444
1547.09	636.444
1549.25	641.111
1551.41	644.222
1553.56	642.222
1555.72	639.333
1557.88	654
1560.03	668.444
1562.18	661.778
1564.34	679.778
1566.49	663.556
1568.64	675.333
1570.8	677.111
1572.95	677.778
1575.1	669.111
1577.25	671.333
1579.4	666.889
1581.55	668.222
1583.69	682.444
1585.84	684.667
1587.99	666.667
1590.13	680
1592.28	678
1594.42	669.556
1596.57	654.444
1598.71	664.889
1600.85	646.889
1602.99	652.667
1605.14	634.222
1607.28	640.667
1609.42	629.556
1611.56	616.667
1613.69	630
1615.83	605.556
1617.97	610.889
1620.11	598
1622.24	601.778
1624.38	594
1626.51	587.111
1628.65	576.222
1630.78	569.556
1632.91	556.889
1635.04	563.111
1637.17	556.667
1639.31	547.333
1641.44	537.556
1643.57	540.445
1645.69	541.333
1647.82	535.556
1649.95	509.111
1652.08	511.556
1654.2	516.667
1656.33	512.222
1658.45	493.333
1660.58	502.222
1662.7	495.333
1664.82	500.444
1666.94	490.444
1669.07	491.556
1671.19	494.667
1673.31	484.667
1675.43	485.333
1677.55	470
1679.66	480.889
1681.78	478.889
1683.9	474.889
1686.01	471.556
1688.13	460.889
1690.25	475.778
1692.36	472.667
1694.47	463.778
1696.59	467.333
1698.7	462.222
1700.81	464.667
1702.92	454.889
1705.03	464.444
1707.14	468
1709.25	450.222
1711.36	450.444
1713.47	455.333
1715.58	450.889
1717.68	453.333
1719.79	440.889
1721.89	445.333
1724	456.444
1726.1	450
1728.21	447.111
1730.31	444.444
1732.41	440.667
1734.51	441.556
1736.61	440.444
1738.71	437.111
1740.81	429.111
1742.91	439.333
1745.01	438.444
1747.11	423.778
1749.2	430.667
1751.3	433.778
1753.4	426.444
1755.49	432
1757.59	425.556
1759.68	420.444
1761.77	422.889
1763.86	426.222
1765.96	420.667
1768.05	426.444
1770.14	420
1772.23	413.111
1774.32	421.111
1776.41	419.556
1778.49	420.889
1780.58	424.222
1782.67	410.222
1784.76	418.889
1786.84	411.333
1788.92	419.111
1791.01	422
1793.09	415.778
1795.18	411.111
1797.26	415.333
1799.34	409.333
1801.42	411.111
1803.5	417.111
1805.58	411.333
1807.66	415.333
1809.74	411.778
1811.82	412.667
1813.89	402.667
1815.97	406.444
1818.05	415.556
1820.12	406
1822.2	410
1824.27	408.444
1826.34	404.444
1828.42	395.778
1830.49	404.222
1832.56	398
1834.63	402.667
1836.7	403.333
1838.77	403.556
1840.84	416
1842.91	400
1844.98	403.778
1847.04	401.556
1849.11	396.889
1851.18	395.111
1853.24	396
1855.31	394.889
1857.37	389.111
1859.43	391.778
1861.5	391.778
1863.56	390
1865.62	392.889
1867.68	387.556
1869.74	385.111
1871.8	393.556
1873.86	399.333
1875.92	388.667
1877.98	396.889
1880.03	391.778
1882.09	397.778
1884.15	375.556
1886.2	382
1888.26	398.667
1890.31	386.222
1892.36	395.556
1894.42	396.667
1896.47	383.556
1898.52	389.333
1900.57	386.444
1902.62	374.667
1904.67	384.667
1906.72	393.111
1908.77	384
1910.82	393.556
1912.86	390.222
1914.91	381.556
1916.96	385.333
1919	389.111
1921.04	386.444
1923.09	384.889
1925.13	384.222
1927.18	382.222
1929.22	377.778
1931.26	384
1933.3	384.222
1935.34	387.556
1937.38	370.889
1939.42	380.667
1941.46	378.889
1943.5	374.444
1945.53	369.333
1947.57	376.222
1949.61	377.111
1951.64	370.889
1953.68	381.778
1955.71	370.444
1957.75	372
1959.78	373.556
1961.81	372
1963.84	373.556
1965.87	368.667
1967.9	362.889
1969.93	368.889
1971.96	371.778
1973.99	369.111
1976.02	372.667
1978.05	365.556
1980.07	369.333
1982.1	372.444
1984.13	373.778
1986.15	376.444
1988.18	376
1990.2	368.667
1992.22	364.222
1994.25	367.778
1996.27	367.111
1998.29	360.889
2000.31	367.111
2002.33	364
2004.35	356.667
2006.37	363.778
2008.39	362.667
2010.41	348.889
2012.42	356.889
2014.44	368.444
2016.46	357.778
2018.47	354.444
2020.49	359.333
2022.5	362.889
2024.51	360.222
2026.53	361.333
2028.54	360.222
2030.55	359.556
2032.56	361.111
2034.57	363.778
2036.58	368.222
2038.59	362.889
2040.6	351.556
2042.61	356.444
2044.62	350.889
2046.62	352.667
2048.63	361.778
2050.64	355.778
2052.64	355.111
2054.65	349.333
2056.65	348.889
2058.65	354.889
2060.66	353.556
2062.66	354.667
2064.66	351.111
2066.66	346.222
2068.66	347.556
2070.66	348.222
2072.66	356
2074.66	347.333
2076.66	348.667
2078.65	352.667
2080.65	351.333
2082.65	351.778
2084.64	352.667
2086.64	342.222
2088.63	347.333
2090.63	349.556
2092.62	338.889
2094.61	342.889
2096.6	350.667
2098.59	345.111
2100.59	349.778
2102.58	344.889
2104.56	342.222
2106.55	343.778
2108.54	349.556
2110.53	342.667
2112.52	349.333
2114.5	347.778
2116.49	348.444
2118.48	358
2120.46	358.889
2122.44	360.444
2124.43	370.444
2126.41	352.889
2128.39	356.667
2130.38	367.333
2132.36	366.889
2134.34	359.556
2136.32	365.333
2138.3	363.778
2140.28	358.444
2142.26	361.778
2144.23	373.556
2146.21	359.778
2148.19	358.222
2150.16	360.667
2152.14	357.333
2154.11	358
2156.09	353.111
2158.06	352
2160.04	341.333
2162.01	342.889
2163.98	347.556
2165.95	343.111
2167.92	338.889
2169.89	339.111
2171.86	331.333
2173.83	339.333
2175.8	324.667
2177.77	329.111
2179.73	322.667
2181.7	325.333
2183.67	322.444
2185.63	327.333
2187.6	326.667
2189.56	318
2191.53	316.222
2193.49	321.333
2195.45	327.556
2197.41	324.889
2199.37	318.889
2201.34	318.889
2203.29	318.889
2205.26	318.222
2207.21	316.889
2209.17	319.333
2211.13	315.111
2213.09	321.778
2215.05	318.667
2217	315.556
2218.96	321.778
2220.91	309.111
2222.87	315.556
2224.82	322.444
2226.77	308.222
2228.73	312.889
2230.68	313.111
2232.63	313.778
2234.58	306.444
2236.53	312.444
2238.48	309.333
2240.43	312.444
2242.38	312.889
2244.33	312.444
2246.27	308.222
2248.22	307.778
2250.17	315.778
2252.11	303.778
2254.06	307.556
2256	299.111
2257.95	305.111
2259.89	298.444
2261.84	306.444
2263.78	297.778
2265.72	306.444
2267.66	306.889
2269.6	298
2271.54	300.222
2273.48	299.111
2275.42	295.778
2277.36	296
2279.3	290.667
2281.23	300.889
2283.17	304
2285.11	292.667
2287.04	294.889
2288.98	296.889
2290.91	307.111
2292.84	298
2294.78	291.111
2296.71	293.111
2298.64	297.556
2300.57	291.778
2302.51	290.667
2304.44	293.111
2306.37	287.111
2308.29	289.111
2310.22	289.333
2312.15	288.889
2314.08	281.556
2316.01	281.556
2317.93	283.333
2319.86	288.667
2321.78	285.111
2323.71	288.889
2325.63	289.556
2327.56	282
2329.48	281.778
2331.4	282.667
2333.32	281.333
2335.25	288.444
2337.17	286.222
2339.09	294.222
2341.01	288.222
2342.92	287.111
2344.84	274.667
2346.76	283.333
2348.68	282.222
2350.6	277.111
2352.51	279.111
2354.43	289.111
2356.34	281.333
2358.26	269.111
2360.17	275.333
2362.09	287.333
2364	277.556
2365.91	277.556
2367.82	278.222
2369.73	278.444
2371.64	272.222
2373.55	279.111
2375.46	271.556
2377.37	272.444
2379.28	273.111
2381.19	273.333
2383.1	275.333
2385	272.667
2386.91	274.222
2388.82	273.333
2390.72	276
2392.62	267.111
2394.53	274
2396.43	268.889
2398.33	270.222
2400.24	266.444
2402.14	263.778
2404.04	270
2405.94	269.778
2407.84	268.222
2409.74	268.667
2411.64	268.889
2413.54	269.111
2415.44	264.667
2417.33	270.889
2419.23	261.778
2421.13	267.556
2423.02	260
2424.92	269.556
2426.81	267.556
2428.71	268.222
2430.6	269.111
2432.49	260
2434.38	263.111
2436.28	268
2438.17	264.222
2440.06	268.222
2441.95	260.667
2443.84	257.111
2445.73	264
