176.817	545.556
179.42	542.445
182.022	540.444
184.622	550.889
187.223	550
189.821	543.556
192.419	533.111
195.017	544.889
197.612	543.333
200.208	545.111
202.802	529.333
205.397	539.111
207.99	556
210.581	551.333
213.173	563.556
215.762	567.111
218.352	556
220.94	555.555
223.528	562.444
226.114	547.333
228.701	558.222
231.285	558
233.87	564.667
236.452	570.444
239.034	571.111
241.616	576.222
244.196	580
246.777	591.111
249.355	576.444
251.933	589.111
254.511	588.889
257.086	579.556
259.663	580.222
262.237	578.667
264.81	577.778
267.383	590.667
269.955	578.444
272.525	582.667
275.097	582.889
277.665	571.778
280.234	576.667
282.802	575.556
285.368	583.778
287.934	580
290.499	586.222
293.064	583.556
295.627	586
298.189	586.222
300.75	587.111
303.312	589.556
305.871	595.778
308.43	595.556
310.988	579.778
313.545	586.444
316.101	582.889
318.658	590.889
321.212	582.889
323.766	585.333
326.319	594.222
328.871	598.889
331.422	608.889
333.972	599.333
336.522	591.333
339.072	590.889
341.619	587.778
344.166	592
346.712	603.333
349.258	600.445
351.802	603.333
354.346	600.444
356.888	609.333
359.43	597.778
361.971	599.333
364.511	597.333
367.051	606
369.589	604.444
372.127	605.111
374.664	620
377.2	635.111
379.735	647.778
382.27	647.333
384.802	620.222
387.334	610
389.866	600.667
392.397	597.778
394.927	584.667
397.457	592.222
399.985	588.889
402.513	602.444
405.038	593.556
407.565	599.778
410.09	597.333
412.614	600.889
415.138	591.333
417.66	606.667
420.181	608.444
422.702	598.222
425.222	600
427.742	608.222
430.259	603.333
432.777	618.889
435.294	640.444
437.81	640.222
440.324	630.889
442.838	628.222
445.352	612.444
447.863	611.333
450.375	608.667
452.887	622
455.395	633.556
457.905	632.444
460.414	623.556
462.92	614.444
465.427	619.111
467.932	614.444
470.438	604.889
472.942	593.778
475.445	599.778
477.948	608.889
480.448	614.444
482.95	609.556
485.449	617.111
487.949	614.667
490.446	611.333
492.944	602.889
495.44	612
497.937	611.111
500.431	614.667
502.926	614.222
505.418	611.111
507.912	606.444
510.403	611.778
512.894	621.778
515.384	618.222
517.874	626
520.361	633.111
522.848	622.889
525.336	616
527.821	615.778
530.306	615.111
532.791	607.778
535.274	612.889
537.756	620
540.238	601.778
542.719	612.444
545.199	619.111
547.679	614.889
550.157	610.667
552.634	614
555.112	627.111
557.588	596.889
560.063	613.778
562.537	619.555
565.011	609.556
567.484	623.111
569.955	609.333
572.426	621.111
574.896	610
577.367	621.111
579.835	616.889
582.303	611.556
584.77	617.333
587.236	619.778
589.701	614.889
592.165	605.111
594.629	618.667
597.093	611.556
599.555	615.333
602.016	608.889
604.477	625.111
606.936	628
609.395	629.778
611.853	636.889
614.311	635.778
616.767	635.111
619.223	631.333
621.678	628.445
624.132	635.555
626.585	617.778
629.037	617.333
631.489	626.667
633.94	633.778
636.39	630.667
638.839	634
641.288	628
643.736	625.778
646.183	636.667
648.627	627.556
651.073	630.222
653.517	628.444
655.961	632.889
658.404	615.333
660.846	633.333
663.288	635.333
665.727	638
668.167	619.111
670.606	613.778
673.044	625.111
675.482	616.889
677.917	625.333
680.353	615.111
682.788	614.667
685.222	612.444
687.655	628.667
690.087	614.222
692.519	632.444
694.951	615.778
697.38	626.889
699.809	631.556
702.238	618
704.665	635.778
707.092	618
709.519	632.667
711.943	626.444
714.368	624.444
716.791	626.222
719.214	616
721.637	628.889
724.058	630.444
726.479	624.444
728.898	633.111
731.317	631.778
733.734	628.222
736.152	615.556
738.568	616
740.985	615.778
743.399	622.889
745.814	623.778
748.227	624.222
750.64	630.889
753.051	621.111
755.463	637.556
757.872	629.556
760.283	632
762.691	630.222
765.098	617.333
767.506	632.667
769.912	618.667
772.318	618.222
774.722	618.444
777.126	614
779.53	626.222
781.932	620.444
784.333	628.667
786.735	619.333
789.135	638
791.533	625.111
793.933	625.778
796.33	638.667
798.727	622.222
801.123	628.444
803.519	626
805.913	615.111
808.307	631.111
810.699	638.222
813.093	648.667
815.484	630.667
817.874	644.889
820.264	635.556
822.653	635.111
825.041	629.556
827.43	631.778
829.817	628
832.203	632.667
834.588	628.667
836.972	627.111
839.356	632
841.738	633.778
844.12	634.889
846.502	631.556
848.882	641.778
851.262	633.778
853.641	632.222
856.02	645.333
858.397	634
860.774	647.333
863.15	646
865.525	643.333
867.9	641.111
870.273	625.778
872.646	633.333
875.019	631.778
877.39	636.667
879.761	636.222
882.131	638.445
884.5	640.889
886.869	639.111
889.236	641.111
891.602	635.333
893.968	633.778
896.334	638.889
898.698	628.444
901.062	648.444
903.426	637.333
905.787	624.444
908.148	631.778
910.509	634.444
912.87	634.444
915.228	619.111
917.587	620.667
919.945	616
922.302	618.889
924.657	626
927.013	613.556
929.368	624.889
931.721	634.889
934.074	620.667
936.427	630
938.778	629.778
941.129	625.333
943.479	625.111
945.828	608.222
948.177	616.889
950.524	622.667
952.871	616.222
955.218	614.222
957.563	627.333
959.908	630.667
962.252	615.333
964.595	625.556
966.937	622.222
969.28	624.667
971.62	626.889
973.961	612.444
976.3	623.333
978.639	621.111
980.976	628.889
983.314	626.889
985.65	620.444
987.987	629.333
990.321	627.778
992.655	635.111
994.989	628.444
997.321	630.667
999.653	633.555
1001.98	618.889
1004.31	622
1006.65	617.778
1008.97	607.556
1011.3	608.667
1013.63	626
1015.96	631.111
1018.28	619.778
1020.61	626.667
1022.93	623.111
1025.26	621.111
1027.58	632.667
1029.9	615.556
1032.22	627.778
1034.54	627.556
1036.86	633.556
1039.18	631.111
1041.5	633.111
1043.82	632.667
1046.14	638.667
1048.45	638.667
1050.77	638
1053.08	645.778
1055.4	648
1057.71	640
1060.02	639.333
1062.33	648.444
1064.64	658.222
1066.96	655.333
1069.27	652.667
1071.57	651.333
1073.88	657.778
1076.19	646.889
1078.5	656
1080.8	662
1083.11	663.556
1085.41	672
1087.72	678.222
1090.02	706.222
1092.32	725.556
1094.62	750
1096.92	779.333
1099.22	739.778
1101.52	716.889
1103.82	699.778
1106.12	694
1108.42	690
1110.71	692.667
1113.01	692.667
1115.3	716
1117.6	708.667
1119.89	724
1122.18	719.556
1124.48	720.667
1126.77	710.222
1129.06	712.222
1131.35	688.222
1133.64	676
1135.93	675.556
1138.21	675.556
1140.5	679.111
1142.79	683.111
1145.07	684
1147.36	683.111
1149.64	686.222
1151.92	693.556
1154.21	687.556
1156.49	703.333
1158.77	705.333
1161.05	688.222
1163.33	675.333
1165.61	671.778
1167.89	669.333
1170.16	656.667
1172.44	651.778
1174.72	663.555
1176.99	661.778
1179.27	656.222
1181.54	645.556
1183.81	661.556
1186.09	639.556
1188.36	665.778
1190.63	636
1192.9	658.667
1195.17	655.778
1197.44	640.444
1199.71	655.111
1201.97	640.444
1204.24	669.111
1206.5	651.556
1208.77	663.778
1211.03	658.889
1213.3	665.778
1215.56	670
1217.82	664.667
1220.09	653.556
1222.35	660.444
1224.61	666.667
1226.87	678.222
1229.12	656
1231.38	684.444
1233.64	675.111
1235.9	665.555
1238.15	676.444
1240.41	670.444
1242.66	685.111
1244.92	686
1247.17	699.556
1249.42	690.222
1251.67	691.111
1253.92	682.667
1256.17	675.556
1258.42	674.222
1260.67	675.556
1262.92	690.222
1265.17	675.555
1267.42	692.889
1269.66	674.667
1271.91	698.444
1274.15	694.222
1276.39	700.444
1278.64	703.111
1280.88	676.444
1283.12	676.667
1285.36	668.445
1287.6	674.222
1289.84	675.556
1292.08	674.889
1294.32	671.556
1296.56	677.556
1298.79	663.111
1301.03	666.889
1303.26	667.556
1305.5	673.333
1307.73	659.556
1309.97	658
1312.2	671.778
1314.43	661.778
1316.66	679.333
1318.89	671.111
1321.12	676.889
1323.35	682.445
1325.58	689.111
1327.81	684.667
1330.03	697.111
1332.26	685.111
1334.49	712
1336.71	717.555
1338.94	705.556
1341.16	718.889
1343.38	698
1345.6	697.111
1347.83	703.556
1350.05	691.111
1352.27	700.667
1354.49	690.444
1356.7	712.222
1358.92	698
1361.14	718.444
1363.36	730.222
1365.57	741.778
1367.79	760
1370	765.111
1372.21	777.778
1374.43	788.444
1376.64	783.333
1378.85	777.778
1381.06	750
1383.27	742.889
1385.48	742.667
1387.69	724.889
1389.9	714.667
1392.11	700.444
1394.31	701.556
1396.52	697.333
1398.73	675.111
1400.93	666.889
1403.13	686
1405.34	677.333
1407.54	681.556
1409.74	679.333
1411.94	688.444
1414.14	700.889
1416.34	701.111
1418.54	704.222
1420.74	693.778
1422.94	687.778
1425.14	678.222
1427.33	679.333
1429.53	685.111
1431.72	685.778
1433.92	674.889
1436.11	680.889
1438.3	677.778
1440.5	680
1442.69	675.556
1444.88	682.889
1447.07	695.556
1449.26	696.222
1451.45	694.889
1453.64	711.778
1455.82	723.556
1458.01	724
1460.2	734.444
1462.38	714.667
1464.57	712
1466.75	702
1468.93	709.111
1471.12	710
1473.3	692.667
1475.48	701.333
1477.66	704.889
1479.84	688.667
1482.02	687.778
1484.2	678.445
1486.38	679.333
1488.55	668
1490.73	673.556
1492.91	660.889
1495.08	682.222
1497.26	679.778
1499.43	678.889
1501.61	660.444
1503.78	669.778
1505.95	664.222
1508.12	657.556
1510.29	655.333
1512.46	660.444
1514.63	668.667
1516.8	683.555
1518.97	657.778
1521.14	660.222
1523.3	667.556
1525.47	676.445
1527.63	673.556
1529.8	680
1531.96	682.889
1534.12	683.778
1536.29	689.556
1538.45	703.111
1540.61	679.555
1542.77	690.222
1544.93	711.333
1547.09	704.667
1549.25	712.222
1551.41	708.444
1553.56	712.444
1555.72	707.333
1557.88	702
1560.03	692.445
1562.18	714
1564.34	720
1566.49	714.222
1568.64	729.111
1570.8	735.111
1572.95	711.556
1575.1	722.444
1577.25	725.111
1579.4	715.333
1581.55	722.222
1583.69	709.556
1585.84	704
1587.99	694.445
1590.13	698.889
1592.28	699.778
1594.42	703.111
1596.57	696.222
1598.71	678.889
1600.85	682.667
1602.99	684.444
1605.14	673.111
1607.28	664.222
1609.42	663.111
1611.56	656
1613.69	652.889
1615.83	653.778
1617.97	647.111
1620.11	634
1622.24	628
1624.38	635.556
1626.51	621.556
1628.65	624
1630.78	622.667
1632.91	606.889
1635.04	597.111
1637.17	597.778
1639.31	593.778
1641.44	594.667
1643.57	580.222
1645.69	581.556
1647.82	573.778
1649.95	567.333
1652.08	564.889
1654.2	562.889
1656.33	561.778
1658.45	567.333
1660.58	556.222
1662.7	559.111
1664.82	556.667
1666.94	563.111
1669.07	564.667
1671.19	552.667
1673.31	552.667
1675.43	550.889
1677.55	544.889
1679.66	544.444
1681.78	546.667
1683.9	543.333
1686.01	539.556
1688.13	540
1690.25	546
1692.36	540.889
1694.47	557.556
1696.59	540.222
1698.7	537.111
1700.81	537.556
1702.92	534.222
1705.03	529.333
1707.14	530
1709.25	537.333
1711.36	539.333
1713.47	535.111
1715.58	527.333
1717.68	529.333
1719.79	527.333
1721.89	531.111
1724	520.889
1726.1	527.556
1728.21	524.222
1730.31	518.444
1732.41	522
1734.51	515.333
1736.61	514.889
1738.71	509.778
1740.81	518
1742.91	509.556
1745.01	510.222
1747.11	504.667
1749.2	508
1751.3	509.333
1753.4	510.222
1755.49	500.222
1757.59	506.667
1759.68	509.333
1761.77	503.778
1763.86	507.111
1765.96	509.556
1768.05	505.556
1770.14	508
1772.23	511.111
1774.32	506.667
1776.41	507.111
1778.49	503.778
1780.58	503.333
1782.67	503.111
1784.76	500.222
1786.84	492.889
1788.92	501.111
1791.01	502.222
1793.09	506.222
1795.18	495.333
1797.26	500.444
1799.34	488
1801.42	490.222
1803.5	488.889
1805.58	491.778
1807.66	495.556
1809.74	496.444
1811.82	492.222
1813.89	493.778
1815.97	479.556
1818.05	487.556
1820.12	487.778
1822.2	468.444
1824.27	486.889
1826.34	491.778
1828.42	494.444
1830.49	473.333
1832.56	489.333
1834.63	492.222
1836.7	488.222
1838.77	481.333
1840.84	482.222
1842.91	490.667
1844.98	486.889
1847.04	475.556
1849.11	481.556
1851.18	471.111
1853.24	470
1855.31	483.333
1857.37	481.778
1859.43	468.222
1861.5	464.444
1863.56	480.444
1865.62	481.333
1867.68	470
1869.74	473.556
1871.8	477.333
1873.86	470.667
1875.92	472.222
1877.98	465.333
1880.03	474.222
1882.09	466.667
1884.15	470.222
1886.2	458.444
1888.26	482.889
1890.31	459.111
1892.36	475.556
1894.42	472.444
1896.47	465.111
1898.52	473.111
1900.57	464.444
1902.62	463.778
1904.67	466
1906.72	462.667
1908.77	463.556
1910.82	467.556
1912.86	463.778
1914.91	465.778
1916.96	469.778
1919	469.333
1921.04	468.444
1923.09	462
1925.13	463.333
1927.18	471.556
1929.22	463.111
1931.26	460.444
1933.3	464.444
1935.34	463.333
1937.38	459.778
1939.42	457.111
1941.46	452.889
1943.5	450.444
1945.53	455.556
1947.57	457.333
1949.61	447.333
1951.64	454
1953.68	454.889
1955.71	462.444
1957.75	453.778
1959.78	448
1961.81	456
1963.84	451.333
1965.87	458.667
1967.9	452.667
1969.93	448.889
1971.96	442
1973.99	444.889
1976.02	445.556
1978.05	447.556
1980.07	442.889
1982.1	441.333
1984.13	442
1986.15	442.444
1988.18	445.556
1990.2	449.556
1992.22	439.556
1994.25	442.444
1996.27	441.556
1998.29	430.889
2000.31	439.778
2002.33	443.333
2004.35	447.556
2006.37	437.333
2008.39	430.889
2010.41	439.111
2012.42	435.778
2014.44	428
2016.46	435.333
2018.47	438.667
2020.49	440.889
2022.5	438.667
2024.51	444.667
2026.53	432.222
2028.54	432.444
2030.55	439.333
2032.56	427.111
2034.57	432.889
2036.58	433.111
2038.59	434.889
2040.6	430.889
2042.61	425.556
2044.62	436.222
2046.62	441.111
2048.63	431.778
2050.64	428
2052.64	429.556
2054.65	417.778
2056.65	429.778
2058.65	424.667
2060.66	426.889
2062.66	426.444
2064.66	429.333
2066.66	430.667
2068.66	420.222
2070.66	430.444
2072.66	429.333
2074.66	426.667
2076.66	422.889
2078.65	426
2080.65	423.556
2082.65	417.778
2084.64	429.778
2086.64	422.889
2088.63	425.778
2090.63	424.667
2092.62	416.667
2094.61	414.889
2096.6	417.333
2098.59	402.889
2100.59	421.333
2102.58	418
2104.56	412.222
2106.55	415.778
2108.54	412
2110.53	422.889
2112.52	416.667
2114.5	414.667
2116.49	417.556
2118.48	413.333
2120.46	423.778
2122.44	425.556
2124.43	422.667
2126.41	428.889
2128.39	432.222
2130.38	408.667
2132.36	420.667
2134.34	424.667
2136.32	415.556
2138.3	422.222
2140.28	416
2142.26	418.222
2144.23	413.778
2146.21	414.444
2148.19	410.444
2150.16	415.778
2152.14	413.556
2154.11	404.222
2156.09	402.889
2158.06	412.889
2160.04	405.778
2162.01	413.333
2163.98	406.444
2165.95	400.889
2167.92	397.333
2169.89	396.222
2171.86	395.333
2173.83	401.556
2175.8	393.778
2177.77	392.222
2179.73	387.111
2181.7	388.222
2183.67	392.444
2185.63	395.111
2187.6	390.444
2189.56	397.333
2191.53	384.444
2193.49	393.333
2195.45	384.889
2197.41	390.222
2199.37	394.222
2201.34	384.444
2203.29	383.556
2205.26	385.556
2207.21	383.333
2209.17	387.778
2211.13	391.111
2213.09	384.222
2215.05	372
2217	375.778
2218.96	372
2220.91	377.111
2222.87	387.556
2224.82	380.444
2226.77	381.333
2228.73	372
2230.68	381.778
2232.63	381.556
2234.58	371.556
2236.53	376.222
2238.48	385.556
2240.43	372.667
2242.38	375.556
2244.33	379.556
2246.27	380.667
2248.22	374.222
2250.17	376.222
2252.11	371.556
2254.06	376.222
2256	371.333
2257.95	373.111
2259.89	375.333
2261.84	373.333
2263.78	367.556
2265.72	363.333
2267.66	372
2269.6	365.778
2271.54	363.333
2273.48	364.889
2275.42	359.333
2277.36	361.111
2279.3	363.111
2281.23	366
2283.17	363.778
2285.11	364.889
2287.04	368.444
2288.98	362.667
2290.91	358.222
2292.84	355.556
2294.78	350
2296.71	352.889
2298.64	361.778
2300.57	350.222
2302.51	346.889
2304.44	359.111
2306.37	357.778
2308.29	353.556
2310.22	353.111
2312.15	347.778
2314.08	356
2316.01	354.222
2317.93	350.222
2319.86	347.333
2321.78	350
2323.71	350.889
2325.63	350.222
2327.56	352.444
2329.48	348.889
2331.4	347.111
2333.32	348.444
2335.25	348
2337.17	342.444
2339.09	348.667
2341.01	336
2342.92	341.556
2344.84	332.667
2346.76	346.889
2348.68	336.444
2350.6	345.333
2352.51	342.222
2354.43	331.333
2356.34	335.556
2358.26	335.333
2360.17	346.222
2362.09	340.222
2364	333.556
2365.91	334.889
2367.82	334.444
2369.73	339.333
2371.64	336.444
2373.55	338.222
2375.46	328.667
2377.37	331.333
2379.28	336
2381.19	334.222
2383.1	335.778
2385	331.111
2386.91	332.222
2388.82	322.444
2390.72	334.222
2392.62	326.889
2394.53	335.111
2396.43	328.667
2398.33	330.222
2400.24	328.222
2402.14	334.889
2404.04	328.222
2405.94	320.222
2407.84	322
2409.74	320.222
2411.64	315.778
2413.54	324.889
2415.44	327.556
2417.33	318.444
2419.23	327.778
2421.13	322.222
2423.02	324.889
2424.92	322.889
2426.81	326.222
2428.71	322.889
2430.6	321.778
2432.49	310
2434.38	325.333
2436.28	324.889
2438.17	321.556
2440.06	317.111
2441.95	315.333
2443.84	322
2445.73	316.667
