178.677	1393.78
181.278	1379.11
183.879	1377.11
186.48	1390
189.078	1377.11
191.677	1398.22
194.275	1393.11
196.871	1383.56
199.467	1406.22
202.061	1400.44
204.656	1412
207.248	1412.44
209.841	1427.33
212.431	1425.33
215.022	1438
217.613	1425.78
220.201	1444.67
222.789	1444.67
225.375	1465.56
227.962	1472.67
230.547	1472.22
233.13	1470.22
235.714	1490.89
238.296	1500.89
240.879	1494.67
243.459	1493.56
246.04	1522.67
248.618	1521.78
251.196	1524.44
253.774	1521.56
256.35	1549.56
258.927	1539.78
261.501	1531.11
264.074	1541.78
266.648	1534
269.22	1535.33
271.791	1519.11
274.362	1523.78
276.931	1522.89
279.5	1500.67
282.069	1504
284.635	1512.44
287.201	1506
289.766	1499.11
292.331	1498.89
294.894	1504.22
297.457	1502.67
300.018	1505.33
302.58	1519.78
305.14	1503.56
307.699	1523.11
310.257	1501.33
312.814	1492.22
315.372	1509.11
317.928	1511.11
320.482	1481.56
323.036	1501.56
325.589	1478
328.142	1492.89
330.693	1504.89
333.243	1492.44
335.795	1499.33
338.343	1491.11
340.891	1513.56
343.439	1513.11
345.985	1519.33
348.53	1519.56
351.075	1524.44
353.619	1519.78
356.162	1536.44
358.704	1536.22
361.245	1556.89
363.786	1546.22
366.325	1535.11
368.864	1556.67
371.402	1544.89
373.939	1540.89
376.475	1562.44
379.011	1568.67
381.545	1551.11
384.079	1578
386.612	1544
389.144	1558.44
391.674	1560.89
394.204	1540
396.734	1551.78
399.263	1546.22
401.791	1572.44
404.318	1566.67
406.844	1571.56
409.368	1586.44
411.893	1584.44
414.417	1580.44
416.94	1591.11
419.462	1596.67
421.982	1615.11
424.502	1608.44
427.022	1598.44
429.541	1602.89
432.057	1603.78
434.574	1594.89
437.091	1612.22
439.606	1602.67
442.12	1611.33
444.634	1607.11
447.147	1582.22
449.657	1572
452.169	1587.78
454.68	1602
457.188	1603.11
459.697	1609.56
462.205	1622.22
464.711	1607.56
467.217	1604.22
469.722	1604.89
472.227	1594.44
474.731	1624.89
477.232	1620.89
479.735	1613.11
482.235	1612.89
484.736	1629.78
487.234	1652.22
489.734	1623.11
492.23	1635.11
494.728	1626.67
497.223	1629.78
499.719	1638.67
502.213	1643.78
504.707	1647.11
507.199	1637.56
509.692	1646.22
512.182	1623.56
514.673	1633.56
517.162	1642.22
519.65	1657.11
522.139	1630.22
524.625	1636
527.112	1646.44
529.597	1657.33
532.081	1645.56
534.565	1648.67
537.047	1635.33
539.529	1647.56
542.011	1657.56
544.491	1658.44
546.97	1640
549.45	1655.11
551.927	1650.44
554.404	1641.11
556.88	1665.56
559.356	1676.44
561.831	1658
564.304	1668
566.777	1679.56
569.25	1659.78
571.721	1660.67
574.191	1671.11
576.661	1676.22
579.129	1664.67
581.599	1648.89
584.066	1659.56
586.532	1651.78
588.997	1660.22
591.462	1660
593.926	1686.67
596.389	1665.33
598.851	1667.56
601.314	1670
603.775	1679.11
606.235	1670.89
608.694	1680.89
611.152	1679.11
613.609	1673.33
616.066	1677.78
618.522	1685.11
620.977	1706.22
623.431	1701.11
625.885	1684.22
628.338	1690
630.79	1710.67
633.241	1707.11
635.691	1704
638.141	1696.44
640.589	1697.11
643.036	1724.89
645.483	1713.56
647.929	1706.44
650.375	1705.56
652.82	1710.44
655.264	1696.44
657.707	1687.11
660.149	1682.22
662.59	1687.78
665.031	1666.22
667.471	1684.89
669.91	1683.11
672.349	1697.33
674.786	1680.89
677.222	1700.89
679.658	1697.78
682.093	1687.33
684.528	1697.78
686.96	1690
689.393	1688.89
691.826	1694.89
694.256	1686.22
696.686	1685.33
699.116	1694.22
701.545	1692
703.972	1690.44
706.4	1690.89
708.826	1712.89
711.251	1708.67
713.676	1714
716.099	1697.33
718.523	1694
720.946	1704.67
723.366	1705.11
725.788	1698.22
728.207	1702.89
730.627	1693.11
733.044	1695.78
735.462	1691.11
737.88	1676.89
740.295	1697.56
742.711	1688.22
745.125	1683.56
747.539	1686
749.951	1684.89
752.363	1688.22
754.775	1682.22
757.185	1681.33
759.595	1667.56
762.003	1672.44
764.412	1676.44
766.819	1664.89
769.225	1678
771.632	1696
774.036	1686
776.441	1682.89
778.844	1684
781.246	1696.44
783.649	1685.78
786.05	1675.56
788.449	1680.67
790.85	1685.11
793.248	1698.67
795.646	1704.67
798.042	1700.67
800.44	1691.11
802.835	1681.33
805.23	1705.78
807.623	1704.44
810.018	1684.22
812.41	1686.89
814.801	1682.67
817.192	1659.56
819.582	1681.11
821.972	1689.11
824.361	1704
826.748	1668.44
829.135	1688.67
831.521	1682
833.907	1680.67
836.291	1673.11
838.675	1672
841.059	1668.89
843.442	1675.33
845.823	1676
848.204	1693.33
850.584	1695.78
852.963	1675.33
855.342	1688
857.72	1703.11
860.097	1694.67
862.473	1694.22
864.848	1708.89
867.223	1678
869.597	1694.89
871.97	1697.56
874.343	1693.11
876.714	1681.33
879.084	1692.44
881.454	1686.44
883.824	1693.78
886.192	1678.67
888.56	1710.89
890.927	1670
893.294	1666.22
895.66	1666.22
898.023	1664.22
900.387	1668.44
902.751	1667.11
905.114	1665.11
907.476	1677.56
909.835	1668
912.196	1650.89
914.555	1656.22
916.914	1668.89
919.271	1628.89
921.629	1668.89
923.985	1671.56
926.341	1655.11
928.695	1652.67
931.05	1670.67
933.404	1646.22
935.755	1639.56
938.107	1660
940.459	1682.44
942.808	1662
945.158	1667.33
947.508	1662
949.855	1664.44
952.202	1654.89
954.548	1663.56
956.894	1641.11
959.239	1668
961.583	1667.78
963.928	1643.11
966.27	1669.78
968.612	1662
970.953	1656.89
973.294	1665.11
975.633	1639.78
977.972	1640.67
980.31	1661.78
982.647	1636.44
984.984	1641.56
987.32	1642.44
989.656	1643.78
991.989	1638.44
994.324	1658.44
996.656	1652
998.988	1669.11
1001.32	1667.11
1003.65	1693.78
1005.98	1728.44
1008.31	1787.33
1010.64	1843.56
1012.97	1865.56
1015.29	1853.11
1017.62	1820.89
1019.94	1751.33
1022.27	1718
1024.59	1706.44
1026.92	1682.44
1029.24	1662.89
1031.56	1671.33
1033.88	1693.56
1036.2	1698.89
1038.52	1730
1040.84	1709.78
1043.16	1673.78
1045.48	1634
1047.79	1620.22
1050.11	1622.89
1052.42	1633.56
1054.74	1629.11
1057.05	1639.33
1059.36	1633.33
1061.67	1644.89
1063.99	1638
1066.3	1640.67
1068.61	1628.89
1070.92	1630.89
1073.22	1638.44
1075.53	1631.33
1077.84	1648
1080.15	1636
1082.45	1650.67
1084.76	1654.67
1087.06	1653.11
1089.36	1649.78
1091.66	1667.33
1093.97	1681.56
1096.27	1664.22
1098.57	1689.78
1100.87	1669.56
1103.17	1658.89
1105.46	1663.33
1107.76	1663.56
1110.06	1659.33
1112.35	1672.67
1114.65	1675.78
1116.94	1668.67
1119.24	1670.22
1121.53	1678.44
1123.82	1698
1126.11	1698.89
1128.4	1682.44
1130.7	1719.56
1132.98	1685.11
1135.27	1691.78
1137.56	1674.22
1139.85	1685.56
1142.13	1710.22
1144.42	1700
1146.71	1714.89
1148.99	1702
1151.27	1698.67
1153.56	1717.33
1155.84	1715.56
1158.12	1700.89
1160.4	1696
1162.68	1697.11
1164.96	1682.44
1167.24	1690
1169.51	1681.78
1171.79	1659.11
1174.07	1675.33
1176.34	1647.11
1178.62	1678.22
1180.89	1669.78
1183.17	1666.89
1185.44	1697.78
1187.71	1662.22
1189.98	1676
1192.25	1677.56
1194.52	1660.67
1196.79	1674
1199.06	1669.56
1201.33	1658.67
1203.59	1678.44
1205.86	1656.44
1208.12	1680.44
1210.39	1677.56
1212.65	1667.33
1214.92	1667.78
1217.18	1646
1219.44	1657.78
1221.7	1660.22
1223.96	1665.11
1226.22	1672.89
1228.48	1682.44
1230.74	1678.67
1233	1702
1235.25	1689.33
1237.51	1676.22
1239.77	1688.67
1242.02	1685.56
1244.27	1691.11
1246.53	1687.78
1248.78	1704.89
1251.03	1669.56
1253.28	1677.11
1255.53	1680.89
1257.78	1663.56
1260.03	1667.11
1262.28	1674.89
1264.53	1683.11
1266.78	1691.56
1269.02	1666.44
1271.27	1677.33
1273.51	1674.22
1275.76	1690
1278	1669.33
1280.24	1668.44
1282.48	1692
1284.72	1677.56
1286.97	1662.22
1289.21	1673.11
1291.44	1665.11
1293.68	1678.44
1295.92	1674.44
1298.16	1671.33
1300.39	1663.33
1302.63	1661.11
1304.86	1657.33
1307.1	1665.78
1309.33	1647.33
1311.56	1635.11
1313.8	1643.33
1316.03	1636.67
1318.26	1626
1320.49	1638.67
1322.72	1647.11
1324.95	1647.33
1327.17	1653.11
1329.4	1647.33
1331.63	1650.89
1333.85	1655.78
1336.08	1676.67
1338.3	1687.11
1340.53	1710.89
1342.75	1688.22
1344.97	1673.11
1347.19	1672
1349.41	1648.22
1351.63	1628.22
1353.85	1638
1356.07	1634.67
1358.29	1612.22
1360.51	1625.56
1362.72	1631.56
1364.94	1623.33
1367.16	1638
1369.37	1635.11
1371.58	1608.89
1373.8	1621.78
1376.01	1600.67
1378.22	1616
1380.43	1625.78
1382.64	1588.67
1384.85	1609.33
1387.06	1618.89
1389.27	1599.78
1391.48	1615.33
1393.68	1600.89
1395.89	1589.11
1398.1	1585.56
1400.3	1580.89
1402.51	1566.22
1404.71	1582.89
1406.91	1583.56
1409.11	1587.33
1411.32	1569.11
1413.52	1586
1415.72	1582.67
1417.92	1580
1420.11	1592.44
1422.31	1584
1424.51	1586.22
1426.71	1574.67
1428.9	1595.11
1431.1	1582.22
1433.29	1601.78
1435.49	1611.78
1437.68	1598.22
1439.87	1601.33
1442.06	1618.89
1444.25	1614.44
1446.45	1619.56
1448.64	1633.56
1450.82	1650.67
1453.01	1660.22
1455.2	1641.78
1457.39	1630
1459.57	1636.89
1461.76	1646.44
1463.94	1638.89
1466.13	1666.67
1468.31	1684
1470.5	1662.89
1472.68	1663.56
1474.86	1700.22
1477.04	1692.89
1479.22	1720
1481.4	1713.56
1483.58	1726.67
1485.76	1731.78
1487.94	1714.22
1490.11	1722.44
1492.29	1717.56
1494.46	1741.11
1496.64	1741.11
1498.81	1728.67
1500.99	1734.44
1503.16	1724.67
1505.33	1722.44
1507.5	1719.78
1509.67	1746.44
1511.84	1744.67
1514.01	1747.78
1516.18	1768.44
1518.35	1758.67
1520.52	1780.67
1522.68	1772.22
1524.85	1768.22
1527.02	1787.33
1529.18	1799.11
1531.35	1793.11
1533.51	1795.11
1535.67	1789.56
1537.83	1777.78
1539.99	1769.78
1542.16	1763.78
1544.31	1774.89
1546.47	1759.78
1548.63	1755.56
1550.79	1727.11
1552.95	1729.78
1555.11	1731.11
1557.26	1752.89
1559.42	1753.56
1561.57	1751.78
1563.73	1751.33
1565.88	1753.56
1568.03	1749.33
1570.18	1754.44
1572.34	1750.22
1574.49	1740.89
1576.64	1734.44
1578.79	1737.56
1580.93	1721.56
1583.08	1734.89
1585.23	1715.11
1587.38	1733.56
1589.52	1699.11
1591.67	1704.22
1593.81	1702.22
1595.96	1696.22
1598.1	1689.78
1600.24	1679.56
1602.38	1652
1604.53	1652.44
1606.67	1636.67
1608.81	1627.78
1610.95	1595.78
1613.09	1602.44
1615.22	1609.78
1617.36	1577.33
1619.5	1556.44
1621.63	1537.33
1623.77	1522.89
1625.9	1528.44
1628.04	1478
1630.17	1482.44
1632.3	1489.33
1634.44	1466.67
1636.57	1442
1638.7	1421.11
1640.83	1414.67
1642.96	1377.33
1645.09	1402
1647.22	1392.44
1649.34	1387.56
1651.47	1376.22
1653.6	1367.33
1655.72	1373.56
1657.85	1339.33
1659.97	1347.78
1662.1	1349.78
1664.22	1336.44
1666.34	1335.78
1668.46	1353.11
1670.58	1306.89
1672.7	1324
1674.82	1329.56
1676.94	1326.44
1679.06	1308
1681.18	1317.11
1683.3	1311.33
1685.41	1314
1687.53	1292.22
1689.64	1299.78
1691.76	1294.44
1693.87	1301.78
1695.99	1303.56
1698.1	1296.22
1700.21	1280.67
1702.32	1288.89
1704.43	1284.67
1706.54	1279.11
1708.65	1289.11
1710.76	1279.56
1712.87	1284.89
1714.98	1264.67
1717.08	1265.78
1719.19	1268.44
1721.29	1249.11
1723.4	1280
1725.5	1278.89
1727.61	1262.44
1729.71	1249.56
1731.81	1235.33
1733.91	1264.44
1736.02	1251.78
1738.12	1234.22
1740.22	1247.33
1742.31	1226.22
1744.41	1240.67
1746.51	1240.67
1748.61	1225.56
1750.7	1216.22
1752.8	1233.78
1754.9	1218.22
1756.99	1218.44
1759.08	1219.11
1761.18	1213.56
1763.27	1210.89
1765.36	1215.11
1767.45	1218.22
1769.54	1208.67
1771.63	1211.33
1773.72	1198.22
1775.81	1214.67
1777.9	1199.11
1779.99	1196.44
1782.08	1200.89
1784.16	1201.33
1786.25	1194.67
1788.33	1186.44
1790.42	1190.67
1792.5	1192.67
1794.58	1197.78
1796.67	1195.56
1798.75	1190.44
1800.83	1184.22
1802.91	1171.78
1804.99	1178.89
1807.07	1184.44
1809.15	1187.78
1811.23	1174.22
1813.3	1178
1815.38	1170.89
1817.46	1179.11
1819.53	1169.56
1821.61	1158
1823.68	1180.22
1825.75	1161.33
1827.83	1164.22
1829.9	1166.44
1831.97	1156.89
1834.04	1146
1836.11	1155.11
1838.18	1158.22
1840.25	1143.78
1842.32	1140.44
1844.39	1153.56
1846.46	1146.44
1848.52	1148
1850.59	1134.89
1852.65	1124
1854.72	1125.11
1856.78	1132.22
1858.85	1137.11
1860.91	1131.33
1862.97	1127.78
1865.03	1133.56
1867.09	1130
1869.16	1131.33
1871.22	1121.33
1873.27	1125.56
1875.33	1112.22
1877.39	1117.78
1879.45	1111.78
1881.51	1111.78
1883.56	1117.11
1885.62	1102
1887.67	1091.56
1889.73	1110.44
1891.78	1117.33
1893.83	1104.89
1895.89	1103.11
1897.94	1106.67
1899.99	1104
1902.04	1104.67
1904.09	1103.78
1906.14	1108.44
1908.19	1098.44
1910.23	1105.56
1912.28	1097.78
1914.33	1091.11
1916.37	1080.67
1918.42	1098.22
1920.46	1093.11
1922.51	1083.78
1924.55	1095.11
1926.6	1083.11
1928.64	1082
1930.68	1078.22
1932.72	1070.67
1934.76	1086.22
1936.8	1080.44
1938.84	1066
1940.88	1069.33
1942.92	1060.89
1944.96	1063.56
1946.99	1078
1949.03	1055.78
1951.06	1068.44
1953.1	1065.56
1955.13	1055.78
1957.17	1043.78
1959.2	1053.33
1961.23	1059.33
1963.27	1044.67
1965.3	1043.11
1967.33	1033.78
1969.36	1033.11
1971.39	1029.33
1973.42	1031.78
1975.44	1024
1977.47	1031.78
1979.5	1021.78
1981.53	1033.11
1983.55	1042
1985.58	1016.89
1987.6	1018
1989.63	1035.78
1991.65	1032.44
1993.67	1027.33
1995.69	1008.89
1997.72	1012.44
1999.74	1006.67
2001.76	1002.44
2003.78	1018
2005.8	1014.89
2007.82	1017.56
2009.83	1014
2011.85	1020
2013.87	1009.11
2015.88	1025.78
2017.9	1017.33
2019.91	1010.67
2021.93	1007.33
2023.94	1008.89
2025.96	1020
2027.97	1012.22
2029.98	1008
2031.99	1013.78
2034	1004
2036.01	1016.67
2038.02	1005.78
2040.03	986.889
2042.04	999.333
2044.05	997.778
2046.05	1004.22
2048.06	994.444
2050.07	993.111
2052.07	989.111
2054.08	978.222
2056.08	996
2058.08	991.111
2060.09	973.111
2062.09	996.222
2064.09	981.555
2066.09	974.667
2068.09	971.556
2070.09	966.667
2072.09	979.333
2074.09	963.778
2076.09	968.667
2078.09	957.778
2080.08	973.111
2082.08	960.222
2084.08	962.444
2086.07	950.444
2088.07	959.333
2090.06	953.111
2092.05	940.667
2094.05	955.556
2096.04	957.556
2098.03	956.444
2100.02	942.889
2102.01	948
2104	957.556
2105.99	955.556
2107.98	951.333
2109.97	933.333
2111.95	943.778
2113.94	946.222
2115.93	949.111
2117.91	946.444
2119.9	958
2121.88	958.889
2123.87	957.778
2125.85	958.667
2127.83	952
2129.81	938
2131.8	957.556
2133.78	953.778
2135.76	937.333
2137.74	950.667
2139.72	946
2141.69	945.778
2143.67	937.111
2145.65	929.111
2147.63	924.444
2149.6	923.556
2151.58	927.111
2153.55	923.111
2155.53	918.222
2157.5	933.778
2159.48	935.555
2161.45	911.333
2163.42	908.444
2165.39	905.778
2167.36	898.667
2169.33	914.222
2171.3	901.333
2173.27	908.889
2175.24	900
2177.21	883.556
2179.18	890.667
2181.14	894.222
2183.11	867.111
2185.07	881.111
2187.04	872
2189	886
2190.97	872.222
2192.93	865.778
2194.89	872.222
2196.86	877.556
2198.82	862
2200.78	858.889
2202.74	854
2204.7	857.333
2206.66	850.667
2208.62	862.889
2210.57	864.444
2212.53	851.778
2214.49	861.778
2216.45	855.111
2218.4	854.667
2220.36	851.333
2222.31	844.667
2224.27	842
2226.22	848.889
2228.17	829.555
2230.12	845.111
2232.08	842.889
2234.03	843.778
2235.98	846.667
2237.93	824
2239.88	821.556
2241.83	829.333
2243.78	824.889
2245.72	822
2247.67	818.667
2249.62	824
2251.56	807.111
2253.51	823.556
2255.45	824
2257.4	804.445
2259.34	791.778
2261.28	799.333
2263.23	815.111
2265.17	805.778
2267.11	805.556
2269.05	793.778
2270.99	810.889
2272.93	800.667
2274.87	800.667
2276.81	793.778
2278.75	800
2280.68	802
2282.62	798.667
2284.56	797.778
2286.49	794.444
2288.43	779.556
2290.36	793.556
2292.3	788.444
2294.23	789.111
2296.16	780.667
2298.09	776.444
2300.03	774.222
2301.96	781.556
2303.89	771.111
2305.82	770.889
2307.75	774
2309.68	758.889
2311.6	771.556
2313.53	773.111
2315.46	776.222
2317.39	769.778
2319.31	758.667
2321.24	761.778
2323.16	757.778
2325.09	770.667
2327.01	756.222
2328.93	748.667
2330.86	754
2332.78	761.333
2334.7	749.778
2336.62	752.667
2338.54	754.222
2340.46	764
2342.38	746.889
2344.3	727.556
2346.22	745.556
2348.14	746.222
2350.05	751.111
2351.97	746
2353.89	731.111
2355.8	739.778
2357.71	721.555
2359.63	731.778
2361.54	723.778
2363.46	719.556
2365.37	722.889
2367.28	724.444
2369.19	720.889
2371.1	712.445
2373.01	718.667
2374.92	729.111
2376.83	720.889
2378.74	721.333
2380.65	717.111
2382.56	719.333
2384.46	708.222
2386.37	702.222
2388.27	721.111
2390.18	703.333
2392.08	706.889
2393.99	696
2395.89	717.556
2397.8	691.111
2399.7	700.444
2401.6	704.222
2403.5	699.556
2405.4	684.667
2407.3	693.111
2409.2	698.222
2411.1	683.778
2413	688.889
2414.9	687.111
2416.8	687.556
2418.69	697.333
2420.59	681.556
2422.48	677.333
2424.38	684.222
2426.28	682
2428.17	687.556
2430.06	685.333
2431.96	681.778
2433.85	685.778
2435.74	682.889
2437.63	681.111
2439.52	670
2441.41	668.444
2443.3	677.111
2445.19	667.556
2447.08	680
