188.706	221.111
191.305	229.778
193.902	228.667
196.499	237.111
199.096	229.556
201.69	239.556
204.284	246.222
206.877	248.889
209.47	248.889
212.062	251.778
214.652	258.222
217.242	257.111
219.83	268.222
222.419	269.333
225.005	267.111
227.592	265.778
230.177	265.333
232.762	260.667
235.345	250.444
237.928	252.444
240.509	241.333
243.09	241.333
245.671	228.444
248.249	222
250.829	211.333
253.405	205.333
255.983	194
258.558	188
261.132	186.667
263.707	174.222
266.28	175.556
268.852	168.889
271.424	168.444
273.994	164
276.564	160
279.133	157.111
281.701	155.333
284.268	156.667
286.835	150.222
289.4	153.556
291.964	144
294.527	148.222
297.091	142.889
299.653	142.667
302.214	138.222
304.774	135.778
307.334	135.556
309.892	131.111
312.45	129.556
315.006	129.111
317.562	126.667
320.118	121.333
322.672	122.444
325.225	122
327.778	130.444
330.329	128
332.88	129.333
335.43	134.889
337.978	135.333
340.528	132.889
343.075	135.333
345.622	132.444
348.167	136
350.712	140
353.256	142
355.799	138.889
358.341	131.778
360.883	130.444
363.423	127.556
365.963	121.556
368.502	120.444
371.04	120.667
373.577	121.556
376.114	116.444
378.649	115.778
381.184	121.111
383.718	112.222
386.251	117.778
388.783	113.111
391.314	117.333
393.844	112.222
396.373	118.222
398.902	118.889
401.43	122.667
403.957	121.778
406.484	117.556
409.009	116
411.534	117.111
414.057	113.111
416.58	107.778
419.102	109.778
421.624	104.222
424.144	106.444
426.663	105.556
429.181	102.444
431.7	100.667
434.217	104.667
436.732	102.444
439.248	105.556
441.763	101.778
444.277	107.778
446.788	105.333
449.301	100.222
451.812	103.333
454.322	102
456.831	101.111
459.341	97.1111
461.847	101.778
464.355	100.444
466.861	98
469.366	96.4444
471.871	100.222
474.374	100.667
476.877	100.444
479.378	100.889
481.88	98.4444
484.381	97.5556
486.879	98.6667
489.379	103.333
491.876	100.444
494.373	96.6667
496.869	101.778
499.365	97.1111
501.858	95.7778
504.353	97.3333
506.845	93.5556
509.338	98
511.828	92.2222
514.319	94.4444
516.808	91.3333
519.296	89.1111
521.785	93.3333
524.272	94
526.759	91.7778
529.244	96.2222
531.728	96.8889
534.212	95.5555
536.695	88
539.178	94.2222
541.659	91.5556
544.139	90
546.619	88
549.098	89.7778
551.575	84.4444
554.052	85.3333
556.529	86.4444
559.005	85.1111
561.479	86
563.953	84.2222
566.427	82
568.899	81.7778
571.37	85.5556
573.84	82
576.311	81.7778
578.78	82
581.248	81.7778
583.715	79.5556
586.181	79.1111
588.647	84.2222
591.113	84.4444
593.577	82
596.04	84.6667
598.503	82.4444
600.964	85.5556
603.425	86.4444
605.885	84.4444
608.344	81.5556
610.803	85.5556
613.26	86.2222
615.718	88.6667
618.174	86.6667
620.63	90.4445
623.084	93.5556
625.538	92.4444
627.99	91.5556
630.443	97.1111
632.894	97.5556
635.344	106.222
637.792	111.333
640.241	124.444
642.689	137.556
645.137	160.889
647.583	183.111
650.029	224.667
652.474	270
654.918	323.778
657.361	340
659.804	317.778
662.246	269.111
664.685	205.333
667.125	164.222
669.565	132.444
672.003	126.444
674.441	114.444
676.877	110.667
679.313	105.333
681.749	108
684.183	108.444
686.617	107.556
689.049	109.778
691.481	110.667
693.913	117.333
696.342	124
698.772	134.667
701.201	146.667
703.63	159.333
706.056	168
708.483	174.889
710.909	171.778
713.333	160.444
715.758	166
718.18	169.556
720.603	167.333
723.025	175.556
725.445	186.667
727.866	192
730.284	191.333
732.703	201.333
735.122	202.444
737.538	198
739.955	200.889
742.369	200
744.784	193.778
747.197	187.778
749.611	191.556
752.023	178.667
754.435	173.778
756.845	173.111
759.255	168.889
761.664	164.222
764.071	153.111
766.48	158
768.886	152.222
771.292	153.778
773.697	152.222
776.102	148.667
778.505	147.111
780.907	142.667
783.31	140.222
785.711	139.778
788.111	138
790.511	139.556
792.91	140
795.308	135.111
797.706	137.111
800.102	135.111
802.497	130.667
804.892	137.778
807.287	131.333
809.68	134.222
812.072	134.222
814.464	137.333
816.855	144.889
819.246	140.889
821.635	149.333
824.024	155.333
826.412	153.111
828.799	161.778
831.186	160.667
833.572	168
835.956	160.889
838.34	167.556
840.723	170.889
843.106	175.333
845.487	180.889
847.868	183.111
850.248	186.222
852.628	181.778
855.006	181.556
857.384	183.111
859.761	188
862.138	189.333
864.513	192.444
866.888	191.556
869.262	201.778
871.636	203.778
874.008	197.556
876.38	191.111
878.751	192.222
881.121	189.111
883.491	181.778
885.86	188.667
888.228	194.444
890.595	208
892.962	200.667
895.327	200.222
897.691	183.333
900.055	185.778
902.419	173.111
904.782	172.222
907.144	162.444
909.505	158
911.864	149.111
914.224	157.333
916.583	152.444
918.941	154.222
921.298	149.556
923.654	150.222
926.01	144.889
928.366	141.556
930.719	149.111
933.073	144.889
935.426	141.778
937.777	141.333
940.129	138
942.479	132
944.828	130.667
947.178	128
949.526	126.222
951.873	127.111
954.22	130.444
956.565	126
958.911	128.667
961.254	130
963.598	129.333
965.942	130
968.283	127.556
970.625	127.333
972.965	124
975.305	123.111
977.644	121.556
979.983	125.111
982.32	124.444
984.657	127.333
986.993	130.444
989.327	133.333
991.663	140
993.996	140.222
996.33	141.556
998.662	140.222
1000.99	146.667
1003.32	150.667
1005.65	161.333
1007.98	154.222
1010.31	164.667
1012.64	166.889
1014.97	180.222
1017.29	183.778
1019.62	199.556
1021.94	207.556
1024.27	216.889
1026.59	236.667
1028.91	250.222
1031.24	257.333
1033.56	268
1035.88	274.222
1038.2	283.333
1040.51	279.111
1042.83	280.444
1045.15	266.444
1047.47	253.556
1049.78	241.556
1052.1	226
1054.41	227.778
1056.73	218.444
1059.04	236.889
1061.35	254
1063.66	271.778
1065.97	277.556
1068.28	268.667
1070.59	258.222
1072.9	265.556
1075.21	279.333
1077.52	286.444
1079.82	294.222
1082.13	292.444
1084.43	277.778
1086.74	270.444
1089.04	252.444
1091.34	234.444
1093.65	209.778
1095.95	189.111
1098.25	178
1100.55	161.111
1102.85	158.667
1105.14	161.111
1107.44	158.667
1109.74	166.667
1112.03	165.778
1114.33	172.222
1116.62	174.889
1118.92	189.778
1121.21	201.778
1123.5	204.222
1125.79	200.889
1128.09	191.111
1130.38	169.556
1132.67	152
1134.95	132.444
1137.24	133.333
1139.53	123.556
1141.82	128.889
1144.1	130.889
1146.39	133.556
1148.67	133.333
1150.95	136.667
1153.24	136.889
1155.52	134.444
1157.8	136
1160.08	141.111
1162.36	139.333
1164.64	142.444
1166.92	139.333
1169.2	136.889
1171.47	134.667
1173.75	133.556
1176.03	126.667
1178.3	126
1180.58	120.667
1182.85	123.111
1185.12	123.778
1187.39	123.556
1189.66	122.222
1191.94	121.333
1194.21	120.667
1196.48	119.333
1198.74	121.333
1201.01	119.333
1203.28	124.889
1205.54	119.333
1207.81	122.222
1210.07	120.444
1212.34	125.778
1214.6	114.667
1216.86	117.111
1219.13	119.333
1221.39	124.889
1223.65	116.444
1225.91	120
1228.17	120.889
1230.43	121.778
1232.68	119.333
1234.94	125.556
1237.2	124.444
1239.45	124
1241.71	126
1243.96	127.778
1246.22	132.444
1248.47	132.222
1250.72	132.222
1252.97	129.111
1255.22	127.111
1257.47	136.667
1259.72	138.222
1261.97	143.111
1264.22	144.889
1266.46	147.778
1268.71	149.333
1270.95	152.222
1273.2	154.889
1275.44	158.889
1277.69	162.889
1279.93	170.222
1282.17	177.333
1284.41	187.111
1286.65	200.444
1288.89	213.778
1291.13	226.222
1293.37	254.222
1295.61	284.444
1297.85	338.222
1300.08	371.778
1302.32	400.444
1304.55	397.111
1306.79	368.222
1309.02	343.778
1311.26	309.333
1313.49	288.889
1315.72	255.111
1317.95	243.556
1320.18	215.556
1322.41	200
1324.64	178.889
1326.86	172.222
1329.09	160.222
1331.32	149.333
1333.55	144.444
1335.77	142
1337.99	138.444
1340.22	139.556
1342.44	144.889
1344.66	143.556
1346.89	139.556
1349.11	134
1351.33	136.444
1353.55	132.444
1355.77	133.556
1357.98	131.778
1360.2	134
1362.42	136.889
1364.63	136.667
1366.85	140.889
1369.06	144
1371.28	144.444
1373.49	142.889
1375.7	134.667
1377.92	135.778
1380.13	125.111
1382.34	124
1384.55	124
1386.76	120.444
1388.97	119.778
1391.17	120.667
1393.38	122
1395.59	120.444
1397.79	123.333
1400	124.222
1402.2	123.778
1404.41	129.111
1406.61	134.667
1408.81	134.444
1411.01	139.556
1413.21	144.222
1415.41	152
1417.61	159.778
1419.81	172.444
1422.01	193.333
1424.21	213.111
1426.4	251.556
1428.6	305.333
1430.8	362.222
1432.99	446.222
1435.18	522.222
1437.38	582
1439.57	598
1441.76	588.444
1443.95	548.667
1446.14	538.444
1448.33	516.889
1450.52	505.333
1452.71	489.333
1454.9	483.778
1457.09	464.667
1459.27	435.333
1461.46	416.889
1463.64	376.667
1465.83	353.556
1468.01	321.111
1470.2	287.111
1472.38	267.556
1474.56	235.556
1476.74	221.333
1478.92	203.556
1481.1	195.111
1483.28	186.222
1485.46	176.222
1487.64	173.111
1489.81	167.556
1491.99	157.778
1494.16	150.889
1496.34	154.444
1498.51	145.333
1500.69	140.889
1502.86	138.222
1505.03	136.222
1507.21	136.222
1509.38	133.556
1511.55	132.889
1513.72	126
1515.89	133.333
1518.05	123.556
1520.22	124.222
1522.39	122.222
1524.55	121.778
1526.72	121.556
1528.88	119.333
1531.05	117.778
1533.21	117.111
1535.37	122
1537.54	114.444
1539.7	119.778
1541.86	116.444
1544.02	115.333
1546.18	112.222
1548.34	114.444
1550.5	114.222
1552.65	112.222
1554.81	111.111
1556.97	114
1559.12	109.111
1561.28	112.667
1563.43	108.667
1565.58	109.111
1567.74	105.556
1569.89	107.778
1572.04	106.222
1574.19	109.111
1576.34	104
1578.49	108.889
1580.64	105.333
1582.79	107.556
1584.94	106.889
1587.08	104.444
1589.23	101.333
1591.37	104
1593.52	100.667
1595.66	106.667
1597.81	101.333
1599.95	105.111
1602.09	102
1604.23	99.3333
1606.37	102
1608.51	105.111
1610.65	99.1111
1612.79	99.7778
1614.93	104.222
1617.07	100.222
1619.21	101.111
1621.34	100.222
1623.48	102.889
1625.61	98.6667
1627.75	101.556
1629.88	98.4444
1632.01	96.2222
1634.15	95.5556
1636.28	94
1638.41	102
1640.54	100.222
1642.67	98
1644.8	95.1111
1646.93	96
1649.05	98
1651.18	97.7778
1653.31	98.2222
1655.43	100.889
1657.56	95.1111
1659.68	95.7778
1661.81	98.4444
1663.93	96.6667
1666.05	94.6667
1668.17	101.556
1670.3	98.6667
1672.42	100.444
1674.54	95.1111
1676.66	96.4444
1678.77	96.4444
1680.89	94.4444
1683.01	92
1685.13	96.2222
1687.24	98
1689.36	97.1111
1691.47	99.3333
1693.59	100.889
1695.7	97.5556
1697.81	95.3333
1699.92	96.8889
1702.04	89.5555
1704.15	99.3333
1706.26	97.3333
1708.37	98.6667
1710.47	100.222
1712.58	99.3333
1714.69	95.3333
1716.8	95.7778
1718.9	98.8889
1721.01	92
1723.11	97.3333
1725.22	94.2222
1727.32	95.5556
1729.42	94.8889
1731.53	96.4444
1733.63	94.8889
1735.73	94.6667
1737.83	96
1739.93	96.2222
1742.03	95.1111
1744.13	95.3333
1746.23	96
1748.32	94.8889
1750.42	96.6667
1752.52	97.5556
1754.61	92.4444
1756.71	93.7778
1758.8	97.7778
1760.89	94.8889
1762.99	90.4444
1765.08	95.3333
1767.17	95.1111
1769.26	97.1111
1771.35	96.4444
1773.44	96.8889
1775.53	98.2222
1777.62	94.8889
1779.71	95.3333
1781.79	96
1783.88	96.6667
1785.96	92
1788.05	95.3333
1790.13	92.4444
1792.22	96.4444
1794.3	96.4444
1796.38	93.7778
1798.47	90.8889
1800.55	97.1111
1802.63	94
1804.71	97.3333
1806.79	96.8889
1808.87	96.8889
1810.95	94.8889
1813.02	97.3333
1815.1	99.5556
1817.18	93.5556
1819.25	97.5556
1821.33	97.3333
1823.4	99.1111
1825.47	98
1827.55	95.3333
1829.62	98.4444
1831.69	97.7778
1833.76	97.7778
1835.83	97.7778
1837.9	99.5556
1839.97	99.3333
1842.04	96.4445
1844.11	96.4444
1846.18	95.7778
1848.24	96
1850.31	95.5556
1852.38	96.6667
1854.44	97.3333
1856.51	94.4445
1858.57	95.1111
1860.63	98.2222
1862.69	96.6667
1864.76	97.7778
1866.82	97.3333
1868.88	97.3333
1870.94	95.3333
1873	94.4444
1875.06	96.4444
1877.11	98.6667
1879.17	96.8889
1881.23	94
1883.28	95.1111
1885.34	95.7778
1887.4	95.7778
1889.45	96.6667
1891.5	98.8889
1893.56	95.1111
1895.61	95.7778
1897.66	99.5556
1899.71	96.4444
1901.76	97.3333
1903.81	95.1111
1905.86	94.8889
1907.91	98.8889
1909.96	96.4444
1912.01	98
1914.05	98.2222
1916.1	96.8889
1918.15	94.6667
1920.19	96.6667
1922.23	96.8889
1924.28	96
1926.32	95.5556
1928.36	96.4444
1930.41	95.3333
1932.45	99.3333
1934.49	96.8889
1936.53	100.444
1938.57	93.7778
1940.61	95.5556
1942.64	94.6667
1944.68	98.2222
1946.72	95.7778
1948.76	99.7778
1950.79	92.4444
1952.83	96.4444
1954.86	94.2222
1956.89	96.6667
1958.93	98.8889
1960.96	94.6667
1962.99	98.8889
1965.03	95.3333
1967.06	95.7778
1969.09	92.8889
1971.12	94.4444
1973.14	101.556
1975.17	98.4444
1977.2	90.4444
1979.23	99.3333
1981.25	98.2222
1983.28	98.6667
1985.31	93.7778
1987.33	98.4444
1989.36	96.2222
1991.38	98.2222
1993.4	96.2222
1995.42	92.6667
1997.45	95.7778
1999.47	97.3333
2001.49	95.7778
2003.51	96
2005.53	97.1111
2007.55	96.8889
2009.56	99.7778
2011.58	96.8889
2013.6	94.8889
2015.61	96.2222
2017.63	99.5556
2019.65	98
2021.66	98.2222
2023.67	98
2025.69	96.6667
2027.7	98.8889
2029.71	102
2031.72	99.7778
2033.73	100.444
2035.74	99.1111
2037.75	98.8889
2039.76	102
2041.77	97.5556
2043.78	101.111
2045.79	100.667
2047.79	94.8889
2049.8	102
2051.8	100.444
2053.81	100
2055.81	98.6667
2057.82	98.2222
2059.82	99.1111
2061.82	98.4444
2063.82	103.556
2065.83	98.6667
2067.83	103.333
2069.83	96.8889
2071.83	100.222
2073.82	101.111
2075.82	99.5556
2077.82	96.6667
2079.82	96.2222
2081.81	101.778
2083.81	101.556
2085.8	100.667
2087.8	98
2089.79	99.1111
2091.79	100.222
2093.78	99.5556
2095.77	101.111
2097.76	101.111
2099.76	104
2101.75	99.1111
2103.74	101.111
2105.72	98.8889
2107.71	101.111
2109.7	104.667
2111.69	102
2113.68	100.667
2115.66	100.222
2117.65	98.6667
2119.63	103.778
2121.62	97.7778
2123.6	100.444
2125.59	105.333
2127.57	100.222
2129.55	97.7778
2131.53	102.667
2133.51	102.222
2135.49	104
2137.47	106
2139.45	101.556
2141.43	104.889
2143.41	101.556
2145.39	107.111
2147.36	104.444
2149.34	102.222
2151.32	99.3333
2153.29	100.444
2155.27	104.889
2157.24	102
2159.21	104.889
2161.19	108.222
2163.16	103.556
2165.13	104.444
2167.1	105.778
2169.07	109.778
2171.04	107.111
2173.01	102
2174.98	109.333
2176.95	102.222
2178.92	104.667
2180.88	114.889
2182.85	112.222
2184.81	106.444
2186.78	107.333
2188.74	107.333
2190.71	110.889
2192.67	110.667
2194.63	107.778
2196.6	103.111
2198.56	107.111
2200.52	107.556
2202.48	107.111
2204.44	110.222
2206.4	105.556
2208.36	106.667
2210.32	104.444
2212.28	104
2214.23	98
2216.19	108.889
2218.14	105.556
2220.1	107.111
2222.05	107.111
2224.01	103.111
2225.96	107.111
2227.91	105.333
2229.87	108.444
2231.82	109.333
2233.77	102.667
2235.72	108.222
2237.67	104.667
2239.62	107.778
2241.57	102.889
2243.52	106
2245.47	106.222
2247.41	107.778
2249.36	108
2251.31	106.444
2253.25	108.444
2255.2	101.111
2257.14	104.889
2259.09	104.222
2261.03	107.556
2262.97	106.444
2264.91	103.333
2266.85	103.778
2268.8	109.556
2270.74	104.889
2272.68	107.111
2274.61	106.222
2276.55	104.222
2278.49	104.444
2280.43	102.667
2282.37	102.889
2284.3	99.7778
2286.24	102.667
2288.17	107.111
2290.11	106.667
2292.04	106.444
2293.98	104.444
2295.91	106.889
2297.84	108.222
2299.77	102.444
2301.7	101.333
2303.64	104.667
2305.56	104.444
2307.49	105.333
2309.42	107.333
2311.35	109.111
2313.28	106.667
2315.21	105.333
2317.13	110.667
2319.06	106.444
2320.99	106.444
2322.91	102.222
2324.84	105.556
2326.76	108.222
2328.68	108
2330.6	104
2332.53	104.889
2334.45	112.667
2336.37	105.111
2338.29	102
2340.21	105.111
2342.13	106.222
2344.05	107.778
2345.97	107.333
2347.89	107.556
2349.8	103.556
2351.72	111.556
2353.63	104.667
2355.55	107.111
2357.47	108.667
2359.38	108.889
2361.29	106.444
2363.21	103.778
2365.12	105.333
2367.03	103.333
2368.94	105.556
2370.85	104
2372.76	105.333
2374.67	106
2376.58	103.556
2378.49	107.333
2380.4	109.778
2382.31	112.667
2384.21	107.111
2386.12	106.444
2388.03	104.889
2389.93	113.111
2391.84	108.222
2393.74	104.667
2395.64	109.778
2397.55	112
2399.45	110.667
2401.35	107.556
2403.25	109.333
2405.15	104.444
2407.05	114.889
2408.95	108
2410.85	110.444
2412.75	110
2414.65	109.778
2416.55	114.667
2418.45	111.556
2420.34	114
2422.24	108.222
2424.13	112.444
2426.03	112.444
2427.92	113.556
2429.82	111.778
2431.71	112.222
2433.6	116.667
2435.49	110.889
2437.39	111.111
2439.28	111.111
2441.17	112.222
2443.06	113.111
2444.95	114.667
2446.83	112.667
2448.72	112.222
2450.61	113.111
2452.5	109.333
2454.39	112.667
