425.605	372.444
427.215	364.444
428.823	364.667
430.432	368.667
432.04	368.889
433.648	366.889
435.255	366
436.862	376.667
438.468	363.778
440.075	364.444
441.68	359.111
443.285	354.444
444.89	368
446.494	360.444
448.098	354.222
449.702	350.444
451.305	353.333
452.907	348.889
454.509	340.444
456.112	343.556
457.713	355.111
459.313	354.667
460.914	350.667
462.513	340.667
464.114	334
465.713	334.889
467.311	329.556
468.91	342.889
470.507	333.111
472.105	328.222
473.703	337.111
475.299	324.222
476.895	331.111
478.491	334.222
480.086	321.111
481.681	329.556
483.276	335.333
484.87	324.889
486.463	326
488.056	334.889
489.649	322.667
491.242	324
492.833	306.667
494.425	322.667
496.016	318.667
497.607	322.667
499.197	317.333
500.787	316.444
502.377	303.333
503.966	313.778
505.554	314.444
507.143	308.222
508.729	314.222
510.317	302.222
511.904	304.667
513.491	304
515.077	311.333
516.662	313.556
518.248	305.778
519.832	306.222
521.416	306.222
523.001	306.222
524.584	296.444
526.168	309.556
527.75	290.222
529.332	296.444
530.914	294
532.496	288
534.076	293.111
535.657	294.667
537.237	287.333
538.817	288.667
540.396	282.889
541.975	284.667
543.553	282
545.132	281.333
546.71	274.889
548.286	283.778
549.864	287.778
551.439	274.222
553.016	280
554.592	273.556
556.166	295.111
557.742	284
559.315	281.556
560.89	278.667
562.463	280.444
564.036	290.667
565.608	286
567.181	279.556
568.753	278.889
570.324	280.889
571.895	280.222
573.466	271.333
575.036	276
576.605	284
578.175	274.222
579.744	280.667
581.313	276.444
582.88	270.667
584.448	264.889
586.016	280.222
587.582	270.667
589.148	264.222
590.715	268.667
592.28	267.333
593.845	267.778
595.411	275.778
596.975	277.111
598.538	271.556
600.102	274.444
601.666	271.556
603.228	268.444
604.79	274.889
606.352	275.556
607.914	272.889
609.475	281.556
611.035	282.667
612.596	278.889
614.155	279.111
615.714	290.667
617.274	281.333
618.833	275.111
620.391	276.222
621.949	284.444
623.506	286.667
625.063	286.889
626.619	275.556
628.175	284
629.731	289.556
631.286	280
632.841	270.889
634.396	277.333
635.95	284.222
637.503	282.889
639.057	277.778
640.61	278
642.162	276.889
643.714	279.778
645.266	276.889
646.817	276.222
648.368	275.333
649.919	274.667
651.469	278
653.018	274
654.568	275.556
656.116	280.444
657.664	275.111
659.213	275.111
660.76	275.778
662.308	273.778
663.854	272.444
665.4	279.111
666.946	268.444
668.492	277.333
670.037	278.222
671.581	276.444
673.126	278.667
674.67	277.556
676.214	273.111
677.757	274.444
679.299	274
680.842	270
682.383	272
683.925	278
685.467	273.333
687.007	280.667
688.547	268.667
690.087	260.444
691.627	276.444
693.166	277.778
694.704	267.111
696.243	271.333
697.78	266
699.318	268
700.855	267.556
702.392	265.111
703.928	263.556
705.464	261.778
706.999	269.111
708.534	263.778
710.069	268.667
711.603	260.667
713.137	256.222
714.671	259.111
716.203	250.222
717.736	255.778
719.269	256.889
720.8	258.667
722.332	255.111
723.863	249.333
725.393	262.222
726.924	251.333
728.453	251.333
729.983	256
731.512	247.556
733.041	243.556
734.569	255.333
736.096	246
737.624	254.222
739.151	248.667
740.678	251.111
742.204	250.444
743.73	248.444
745.256	253.778
746.781	246.222
748.305	247.778
749.829	245.556
751.353	250.444
752.877	245.556
754.4	250.889
755.923	247.556
757.445	253.778
758.967	242.444
760.488	247.778
762.009	248.667
763.53	243.778
765.05	244.444
766.57	243.778
768.089	236.444
769.608	242.222
771.127	243.556
772.646	242.222
774.163	243.111
775.681	245.778
777.198	242.667
778.715	240.889
780.231	237.333
781.747	240.667
783.263	245.111
784.778	250.444
786.293	236.889
787.808	249.333
789.322	250.222
790.835	244.444
792.348	251.778
793.861	245.778
795.373	246.667
796.886	250.667
798.397	256
799.908	252
801.419	243.111
802.93	256.889
804.44	252.444
805.949	256.889
807.458	259.333
808.968	255.111
810.476	262.222
811.984	260.889
813.492	264
814.999	266
816.506	257.111
818.013	269.556
819.518	261.556
821.024	261.778
822.53	261.556
824.035	263.778
825.539	261.556
827.043	260.222
828.547	255.111
830.05	258.889
831.554	252.667
833.056	258
834.559	262
836.06	257.778
837.562	254
839.063	260.667
840.564	251.333
842.064	261.556
843.564	247.333
845.063	256.222
846.563	260
848.061	254.444
849.559	249.556
851.058	251.778
852.555	258.889
854.052	257.778
855.549	250.222
857.045	246
858.541	250.444
860.037	250.444
861.532	246.889
863.027	254
864.522	251.778
866.016	245.333
867.51	249.778
869.003	250.889
870.496	247.333
871.989	250.889
873.481	256.222
874.972	250.667
876.464	258.222
877.955	244.222
879.446	245.333
880.936	240
882.426	243.556
883.915	242.667
885.404	245.333
886.893	239.778
888.381	241.556
889.869	242.889
891.356	237.111
892.843	239.333
894.331	239.556
895.818	239.778
897.304	231.111
898.789	242
900.274	241.111
901.758	241.778
903.243	237.333
904.727	232.444
906.211	222.667
907.694	229.333
909.177	227.556
910.66	231.111
912.142	230.222
913.624	233.778
915.106	223.333
916.587	226.444
918.067	230.889
919.547	234
921.028	224.889
922.507	220.667
923.987	231.333
925.465	226.889
926.943	221.778
928.422	224.444
929.899	236.444
931.376	222.889
932.853	226.222
934.33	220.222
935.805	227.111
937.281	226
938.757	222.889
940.231	224
941.706	228.222
943.181	221.333
944.654	220.667
946.128	222
947.601	228
949.074	220.889
950.546	224.667
952.018	223.111
953.49	227.778
954.961	217.111
956.432	221.333
957.902	222
959.372	218.444
960.841	220.222
962.311	218
963.78	218.667
965.249	224.889
966.717	222.222
968.185	221.333
969.652	217.556
971.119	219.333
972.586	216.222
974.052	220.667
975.518	218.667
976.984	219.778
978.448	214.667
979.913	216.444
981.378	216
982.842	215.778
984.305	209.333
985.769	218.889
987.232	211.333
988.694	222.889
990.156	221.111
991.619	214.444
993.08	221.111
994.541	224.667
996.001	216.889
997.461	227.778
998.921	227.556
1000.38	222.444
1001.84	223.333
1003.3	223.111
1004.76	213.778
1006.22	213.778
1007.67	219.556
1009.13	207.333
1010.59	217.333
1012.04	212.222
1013.5	216
1014.96	217.333
1016.41	222
1017.87	219.333
1019.32	219.111
1020.78	222.889
1022.23	216.667
1023.68	216.889
1025.14	222.667
1026.59	219.556
1028.04	218.667
1029.49	221.333
1030.95	229.556
1032.4	226.889
1033.85	220.444
1035.3	222.889
1036.75	230.444
1038.2	225.778
1039.65	226.667
1041.1	218.889
1042.55	228.889
1043.99	222.889
1045.44	229.333
1046.89	231.556
1048.34	226.222
1049.78	234.444
1051.23	232.667
1052.68	226.889
1054.12	238
1055.57	231.111
1057.01	236
1058.46	234.444
1059.9	233.111
1061.35	234.444
1062.79	233.778
1064.23	231.333
1065.68	233.333
1067.12	237.778
1068.56	235.778
1070	237.556
1071.44	241.333
1072.89	243.778
1074.33	240.889
1075.77	236.222
1077.21	246.889
1078.65	244.667
1080.09	232.667
1081.53	246.667
1082.96	248.222
1084.4	236.667
1085.84	250.444
1087.28	265.111
1088.71	267.333
1090.15	269.778
1091.59	280.444
1093.02	292.444
1094.46	285.556
1095.89	290.889
1097.33	285.333
1098.76	285.111
1100.2	279.778
1101.63	277.333
1103.06	264.667
1104.5	264.889
1105.93	265.111
1107.36	266.889
1108.79	272.222
1110.23	269.111
1111.66	272.667
1113.09	273.333
1114.52	280.222
1115.95	285.556
1117.38	286.444
1118.81	290.444
1120.24	286.222
1121.67	289.333
1123.09	295.111
1124.52	295.778
1125.95	299.556
1127.38	300.667
1128.8	299.333
1130.23	287.778
1131.66	288.222
1133.08	290.667
1134.51	285.333
1135.93	288.889
1137.36	292.222
1138.78	287.778
1140.21	290.667
1141.63	288.222
1143.05	290.222
1144.47	286.222
1145.9	292.889
1147.32	287.778
1148.74	293.778
1150.16	290.889
1151.58	290.222
1153	279.333
1154.43	300.222
1155.85	286.889
1157.27	282
1158.68	289.556
1160.1	284.222
1161.52	281.333
1162.94	283.778
1164.36	284.444
1165.78	270.667
1167.19	279.556
1168.61	269.333
1170.03	273.778
1171.44	274.889
1172.86	265.778
1174.27	267.333
1175.69	262.667
1177.1	271.556
1178.52	268.889
1179.93	272.222
1181.34	275.556
1182.76	266.444
1184.17	270.889
1185.58	276.889
1187	272.889
1188.41	264
1189.82	263.778
1191.23	263.333
1192.64	266.222
1194.05	272.889
1195.46	269.778
1196.87	271.111
1198.28	278.667
1199.69	268.444
1201.1	268.222
1202.51	264.222
1203.91	275.333
1205.32	278.222
1206.73	267.111
1208.14	271.556
1209.54	274.889
1210.95	278
1212.35	269.333
1213.76	275.556
1215.17	268.667
1216.57	278.889
1217.97	270.444
1219.38	274.889
1220.78	274
1222.19	279.556
1223.59	281.111
1224.99	277.556
1226.39	282.444
1227.8	268.667
1229.2	274.667
1230.6	272.222
1232	276.667
1233.4	286
1234.8	277.333
1236.2	277.556
1237.6	288.444
1239	282.889
1240.4	283.556
1241.8	270.444
1243.19	283.333
1244.59	277.778
1245.99	295.556
1247.38	286.889
1248.78	274.444
1250.18	291.556
1251.57	291.111
1252.97	295.778
1254.36	290.889
1255.76	289.556
1257.15	291.333
1258.55	287.778
1259.94	293.778
1261.34	286.889
1262.73	285.111
1264.12	288.667
1265.51	288.444
1266.91	293.556
1268.3	293.333
1269.69	295.333
1271.08	295.111
1272.47	294.667
1273.86	300.222
1275.25	302
1276.64	302.222
1278.03	296
1279.42	303.333
1280.81	300.222
1282.2	293.333
1283.58	306.222
1284.97	300
1286.36	301.556
1287.75	301.778
1289.13	297.778
1290.52	297.333
1291.9	290.222
1293.29	298.444
1294.68	291.778
1296.06	295.556
1297.44	297.333
1298.83	290.444
1300.21	288.889
1301.6	276.889
1302.98	284.444
1304.36	290.222
1305.74	285.111
1307.13	296
1308.51	288
1309.89	287.778
1311.27	291.111
1312.65	283.556
1314.03	287.111
1315.41	283.111
1316.79	293.333
1318.17	287.111
1319.55	279.778
1320.93	281.778
1322.31	281.778
1323.68	267.778
1325.06	279.333
1326.44	275.556
1327.82	273.333
1329.19	270
1330.57	273.778
1331.94	269.111
1333.32	290
1334.7	279.556
1336.07	282.889
1337.44	277.556
1338.82	284.222
1340.19	276.889
1341.57	272.889
1342.94	275.778
1344.31	278.222
1345.68	275.333
1347.06	276.444
1348.43	272.667
1349.8	280.222
1351.17	276.222
1352.54	275.556
1353.91	268.667
1355.28	276.222
1356.65	272.444
1358.02	268
1359.39	280.222
1360.76	281.333
1362.13	290.444
1363.5	276.889
1364.86	282.889
1366.23	280.667
1367.6	283.333
1368.96	280.444
1370.33	283.333
1371.7	282.889
1373.06	281.778
1374.43	288.667
1375.79	284.222
1377.16	284.222
1378.52	278.444
1379.89	284.889
1381.25	276.222
1382.61	285.556
1383.98	275.778
1385.34	277.111
1386.7	278.667
1388.06	274.889
1389.42	274.444
1390.78	275.111
1392.15	280.889
1393.51	274.667
1394.87	275.333
1396.23	271.111
1397.59	266.667
1398.95	267.111
1400.3	268.444
1401.66	264.889
1403.02	278.222
1404.38	270.222
1405.74	265.333
1407.09	278.667
1408.45	270.889
1409.81	272.444
1411.16	272.667
1412.52	264.889
1413.87	276.667
1415.23	264.222
1416.58	270.222
1417.94	279.556
1419.29	273.111
1420.65	268.889
1422	269.333
1423.35	273.111
1424.71	270
1426.06	275.111
1427.41	273.333
1428.76	272.889
1430.11	280
1431.47	283.333
1432.82	272
1434.17	284.222
1435.52	281.333
1436.87	275.778
1438.22	273.111
1439.57	272
1440.91	281.556
1442.26	278
1443.61	285.111
1444.96	287.556
1446.31	274.444
1447.65	276.444
1449	270.222
1450.35	291.333
1451.69	281.556
1453.04	279.778
1454.39	277.111
1455.73	290.889
1457.08	278
1458.42	273.778
1459.76	281.556
1461.11	291.333
1462.45	286
1463.79	279.111
1465.14	285.333
1466.48	280
1467.82	282
1469.16	274.444
1470.51	283.556
1471.85	282.222
1473.19	287.111
1474.53	287.333
1475.87	286.222
1477.21	286.667
1478.55	280.889
1479.89	292
1481.23	282.222
1482.56	292.444
1483.9	291.111
1485.24	301.333
1486.58	291.778
1487.92	294.667
1489.25	296.222
1490.59	299.556
1491.93	299.556
1493.26	287.111
1494.6	290
1495.93	299.111
1497.27	289.556
1498.6	298
1499.94	297.333
1501.27	305.333
1502.6	302
1503.94	307.556
1505.27	292.667
1506.6	301.111
1507.94	308.222
1509.27	302
1510.6	300.444
1511.93	308.222
1513.26	300.444
1514.59	309.778
1515.92	312.889
1517.25	312
1518.58	310.667
1519.91	310.667
1521.24	304.222
1522.57	306.889
1523.9	306.222
1525.23	313.333
1526.55	305.778
1527.88	313.556
1529.21	314
1530.54	304.889
1531.86	314.889
1533.19	304.444
1534.51	305.333
1535.84	308
1537.16	308.222
1538.49	310.889
1539.81	318.889
1541.14	315.556
1542.46	311.333
1543.79	307.556
1545.11	316
1546.43	309.778
1547.75	316.222
1549.08	313.333
1550.4	320
1551.72	318.444
1553.04	310
1554.36	313.778
1555.68	306
1557	314.667
1558.32	317.778
1559.64	310.667
1560.96	311.556
1562.28	314
1563.6	307.556
1564.92	314.222
1566.24	314
1567.55	309.778
1568.87	309.111
1570.19	312.667
1571.51	308.667
1572.82	303.333
1574.14	310.444
1575.45	302.889
1576.77	298.222
1578.09	309.111
1579.4	304.889
1580.71	294.222
1582.03	290.889
1583.34	298.222
1584.66	295.111
1585.97	297.778
1587.28	284
1588.59	301.556
1589.91	292.667
1591.22	285.333
1592.53	283.111
1593.84	287.778
1595.15	284.667
1596.46	280.667
1597.77	276.222
1599.08	274.889
1600.39	273.111
1601.7	264.889
1603.01	259.111
1604.32	256.889
1605.63	252.444
1606.94	262.444
1608.25	245.556
1609.55	254.222
1610.86	249.111
1612.17	236
1613.47	237.556
1614.78	239.333
1616.09	235.333
1617.39	235.333
1618.7	230.667
1620	218
1621.31	221.778
1622.61	215.778
1623.92	214.444
1625.22	203.556
1626.52	208.222
1627.82	203.556
1629.13	201.778
1630.43	201.778
1631.73	206.889
1633.03	191.778
1634.34	188.222
1635.64	188.444
1636.94	194.667
1638.24	191.778
1639.54	183.111
1640.84	182.667
1642.14	180.222
1643.44	180.222
1644.74	170
1646.03	171.111
1647.33	174.444
1648.63	172.222
1649.93	172.222
1651.23	170.889
1652.52	166.667
1653.82	167.556
1655.12	166.667
1656.41	162.889
1657.71	157.333
1659	162.222
1660.3	156.222
1661.59	156.667
1662.89	156.222
1664.18	155.111
1665.48	154.889
1666.77	153.333
1668.06	151.778
1669.36	152.222
1670.65	148.667
1671.94	146.889
1673.23	144.667
1674.53	146
1675.82	149.556
1677.11	138.889
1678.4	146.667
1679.69	142.444
1680.98	140.222
1682.27	140.667
1683.56	139.778
1684.85	136.889
1686.14	138.444
1687.43	135.556
1688.71	138
1690	139.111
1691.29	137.778
1692.58	135.778
1693.86	140.444
1695.15	136.444
1696.44	130.222
1697.72	129.111
1699.01	131.111
1700.29	138.222
1701.58	134.667
1702.86	128.444
1704.15	133.556
1705.43	129.111
1706.72	133.556
1708	131.556
1709.28	128.444
1710.57	127.333
1711.85	127.778
1713.13	129.111
1714.41	125.778
1715.7	121.111
1716.98	127.333
1718.26	120.444
1719.54	126.667
1720.82	122.889
1722.1	123.556
1723.38	124.889
1724.66	122.667
1725.94	119.333
1727.22	122.667
1728.5	120.667
1729.78	122.444
1731.05	127.556
1732.33	126
1733.61	120.667
1734.89	119.111
1736.16	114.889
1737.44	116.889
1738.72	118.444
1739.99	116.889
1741.27	118.444
1742.54	114.667
1743.82	116.667
1745.09	118.889
1746.37	113.333
1747.64	120.667
1748.91	118.889
1750.19	114.667
1751.46	117.111
1752.73	114.889
1754.01	117.333
1755.28	116.222
1756.55	114.222
1757.82	116.222
1759.09	115.778
1760.36	110.667
1761.63	116
1762.91	110.667
1764.18	114.444
1765.45	112.889
1766.71	111.556
1767.98	114.889
1769.25	113.778
1770.52	109.333
1771.79	115.111
1773.06	109.778
1774.33	111.111
1775.59	108.667
1776.86	110.444
1778.13	110.667
1779.39	107.778
1780.66	113.778
1781.92	110.222
1783.19	108.444
1784.46	110.667
1785.72	113.333
1786.99	110.222
1788.25	104.667
1789.51	111.333
1790.78	109.333
1792.04	110.889
1793.3	108.889
1794.57	106.222
1795.83	104.889
1797.09	105.111
1798.35	108.444
1799.61	105.333
1800.88	111.778
1802.14	104.444
1803.4	102
1804.66	106.889
1805.92	104.889
1807.18	105.111
1808.44	106
1809.7	101.333
1810.96	102.444
1812.21	103.333
1813.47	103.111
1814.73	102.667
1815.99	104
1817.25	102
1818.5	104.889
1819.76	102.667
1821.02	102.889
1822.27	98.8889
1823.53	105.778
1824.78	104
1826.04	106.667
1827.29	100
1828.55	104.444
1829.8	106.222
1831.06	100.889
1832.31	99.5556
1833.56	100.444
1834.82	100.222
1836.07	105.556
1837.32	102.222
1838.58	101.111
1839.83	98.4444
1841.08	97.3333
1842.33	101.778
1843.58	101.778
1844.83	96.2222
1846.08	100.222
1847.33	96.6667
1848.58	101.333
1849.83	98
1851.08	101.111
1852.33	98
1853.58	99.3333
1854.83	100.444
1856.08	98
1857.32	100.667
1858.57	101.556
1859.82	98.4444
1861.07	100
1862.31	99.5556
1863.56	100
1864.8	98
1866.05	93.1111
1867.3	96.6667
1868.54	98
1869.79	95.7778
1871.03	96.8889
1872.27	98.4444
1873.52	100
