176.817	466.667
179.42	469.556
182.022	450.889
184.622	466.444
187.223	463.556
189.821	464.444
192.419	456.667
195.017	462.667
197.612	463.778
200.208	471.556
202.802	467.556
205.397	462
207.99	467.556
210.581	464.667
213.173	470.667
215.762	466.444
218.352	470.222
220.94	474.889
223.528	485.778
226.114	473.111
228.701	478.667
231.285	483.556
233.87	491.333
236.452	490.444
239.034	502.667
241.616	498.667
244.196	493.111
246.777	505.333
249.355	503.111
251.933	505.556
254.511	488.889
257.086	498.444
259.663	505.556
262.237	503.556
264.81	510.444
267.383	518.889
269.955	509.556
272.525	496.222
275.097	509.778
277.665	488.889
280.234	501.778
282.802	499.333
285.368	511.556
287.934	500
290.499	511.333
293.064	495.556
295.627	506.889
298.189	498
300.75	510
303.312	508.889
305.871	502.667
308.43	496.667
310.988	480
313.545	485.778
316.101	480.444
318.658	480.444
321.212	476.667
323.766	475.778
326.319	485.778
328.871	480.222
331.422	482.444
333.972	478.222
336.522	478.222
339.072	480.889
341.619	482
344.166	477.111
346.712	489.333
349.258	482.444
351.802	479.556
354.346	482.889
356.888	476.889
359.43	480
361.971	486.889
364.511	468.889
367.051	473.556
369.589	487.333
372.127	484.667
374.664	489.333
377.2	495.333
379.735	501.333
382.27	502.444
384.802	497.778
387.334	480
389.866	478.667
392.397	478.444
394.927	466.667
397.457	481.333
399.985	478
402.513	477.556
405.038	478.889
407.565	479.778
410.09	483.556
412.614	472
415.138	482.667
417.66	480.444
420.181	480.444
422.702	484.889
425.222	480.667
427.742	489.778
430.259	486.222
432.777	483.778
435.294	497.778
437.81	503.111
440.324	497.556
442.838	497.333
445.352	498.444
447.863	500.889
450.375	486.222
452.887	496.444
455.395	485.111
457.905	489.111
460.414	499.556
462.92	492.222
465.427	497.778
467.932	484.889
470.438	484
472.942	484.889
475.445	490
477.948	482.667
480.448	494
482.95	491.333
485.449	488.222
487.949	503.111
490.446	499.556
492.944	493.778
495.44	497.111
497.937	493.556
500.431	483.111
502.926	490
505.418	486
507.912	488.889
510.403	483.111
512.894	497.333
515.384	488.444
517.874	503.333
520.361	514.444
522.848	504.667
525.336	498.889
527.821	497.778
530.306	514
532.791	497.111
535.274	492.444
537.756	493.556
540.238	494.667
542.719	496.889
545.199	486
547.679	491.778
550.157	486.222
552.634	495.111
555.112	495.111
557.588	492.889
560.063	506.444
562.537	499.778
565.011	495.556
567.484	496.667
569.955	500.889
572.426	502.667
574.896	502
577.367	501.111
579.835	495.556
582.303	492.667
584.77	496
587.236	498.889
589.701	497.333
592.165	491.556
594.629	498.222
597.093	482.889
599.555	488.889
602.016	502.667
604.477	503.333
606.936	500.444
609.395	509.333
611.853	520.667
614.311	520.444
616.767	519.111
619.223	513.333
621.678	512
624.132	498.444
626.585	510.667
629.037	511.778
631.489	505.556
633.94	498.222
636.39	499.556
638.839	512.889
641.288	499.111
643.736	507.778
646.183	517.333
648.627	534.444
651.073	512.444
653.517	497.778
655.961	506.222
658.404	501.556
660.846	504.444
663.288	506
665.727	502
668.167	506
670.606	492.889
673.044	492.889
675.482	496
677.917	503.333
680.353	499.333
682.788	502.667
685.222	490.222
687.655	495.333
690.087	493.778
692.519	509.111
694.951	500.444
697.38	505.556
699.809	493.333
702.238	501.111
704.665	508.889
707.092	501.778
709.519	498.889
711.943	498.889
714.368	509.111
716.791	493.556
719.214	510
721.637	491.778
724.058	508
726.479	499.111
728.898	506.667
731.317	501.333
733.734	502.444
736.152	496.222
738.568	504.222
740.985	501.111
743.399	498.667
745.814	507.333
748.227	500.889
750.64	497.333
753.051	502.222
755.463	501.111
757.872	499.778
760.283	497.778
762.691	505.778
765.098	491.111
767.506	485.778
769.912	506.444
772.318	490.444
774.722	494.222
777.126	503.778
779.53	494
781.932	505.333
784.333	498.889
786.735	500.889
789.135	493.778
791.533	502.889
793.933	506.889
796.33	507.556
798.727	499.111
801.123	496.444
803.519	502.444
805.913	500
808.307	500.222
810.699	500.222
813.093	509.778
815.484	520.667
817.874	503.333
820.264	508.444
822.653	507.778
825.041	507.556
827.43	504.667
829.817	505.333
832.203	497.111
834.588	500.444
836.972	514
839.356	502.444
841.738	506
844.12	501.333
846.502	509.333
848.882	503.111
851.262	512
853.641	511.556
856.02	522.889
858.397	523.333
860.774	522.444
863.15	529.556
865.525	526.222
867.9	519.111
870.273	521.111
872.646	513.778
875.019	508.667
877.39	513.333
879.761	507.778
882.131	513.778
884.5	514.222
886.869	505.778
889.236	504.222
891.602	503.111
893.968	505.111
896.334	508.444
898.698	495.556
901.062	504.222
903.426	503.778
905.787	502.222
908.148	500.889
910.509	503.111
912.87	505.333
915.228	492.889
917.587	498.444
919.945	495.333
922.302	490.444
924.657	497.111
927.013	493.111
929.368	496.444
931.721	494.667
934.074	498.444
936.427	490.889
938.778	497.556
941.129	507.111
943.479	490.889
945.828	490
948.177	498
950.524	497.778
952.871	496
955.218	506.222
957.563	491.556
959.908	500
962.252	497.111
964.595	486.889
966.937	497.556
969.28	500.444
971.62	500
973.961	487.778
976.3	498
978.639	497.778
980.976	492
983.314	492.222
985.65	492
987.987	492
990.321	496.444
992.655	496.222
994.989	506.667
997.321	504.667
999.653	510
1001.98	519.111
1004.31	491.111
1006.65	492.444
1008.97	496.222
1011.3	498.222
1013.63	500.889
1015.96	502.667
1018.28	503.333
1020.61	502.222
1022.93	501.333
1025.26	511.778
1027.58	505.333
1029.9	496.889
1032.22	505.333
1034.54	512.667
1036.86	499.333
1039.18	503.556
1041.5	506.444
1043.82	500.667
1046.14	509.111
1048.45	510.222
1050.77	511.778
1053.08	529.111
1055.4	512.444
1057.71	512.667
1060.02	513.556
1062.33	506
1064.64	507.556
1066.96	509.778
1069.27	513.778
1071.57	510
1073.88	510.444
1076.19	513.778
1078.5	520.445
1080.8	518.444
1083.11	522.889
1085.41	523.556
1087.72	528.222
1090.02	536
1092.32	556.889
1094.62	557.111
1096.92	574
1099.22	575.778
1101.52	559.778
1103.82	554.444
1106.12	544.444
1108.42	540.222
1110.71	546.222
1113.01	549.556
1115.3	547.556
1117.6	550.667
1119.89	557.556
1122.18	558.889
1124.48	564.444
1126.77	567.333
1129.06	545.111
1131.35	536
1133.64	546.889
1135.93	528.667
1138.21	538.889
1140.5	544
1142.79	548.222
1145.07	537.333
1147.36	553.556
1149.64	565.556
1151.92	568.667
1154.21	592.889
1156.49	584.444
1158.77	578.222
1161.05	588
1163.33	565.556
1165.61	551.778
1167.89	539.111
1170.16	540
1172.44	533.778
1174.72	528.444
1176.99	549.111
1179.27	537.778
1181.54	531.111
1183.81	532.667
1186.09	537.111
1188.36	534.444
1190.63	536.667
1192.9	543.111
1195.17	542
1197.44	550.667
1199.71	525.778
1201.97	537.778
1204.24	530.444
1206.5	550.667
1208.77	552.222
1211.03	554.667
1213.3	566.889
1215.56	556.222
1217.82	560.667
1220.09	556.222
1222.35	569.556
1224.61	574.222
1226.87	556.444
1229.12	571.556
1231.38	583.778
1233.64	575.778
1235.9	571.778
1238.15	583.556
1240.41	581.333
1242.66	585.111
1244.92	585.556
1247.17	584
1249.42	593.556
1251.67	608.222
1253.92	605.111
1256.17	622.444
1258.42	650.889
1260.67	680.889
1262.92	693.333
1265.17	664.889
1267.42	655.778
1269.66	637.111
1271.91	619.778
1274.15	616.445
1276.39	606.889
1278.64	601.556
1280.88	597.111
1283.12	596
1285.36	586.222
1287.6	574.444
1289.84	596
1292.08	588.667
1294.32	590.222
1296.56	586.667
1298.79	594.667
1301.03	598.667
1303.26	596.667
1305.5	586.444
1307.73	578.222
1309.97	587.778
1312.2	583.111
1314.43	595.333
1316.66	590.222
1318.89	586.667
1321.12	602
1323.35	604.445
1325.58	602.444
1327.81	612.444
1330.03	615.778
1332.26	618.222
1334.49	635.778
1336.71	644
1338.94	665.556
1341.16	663.333
1343.38	678
1345.6	677.556
1347.83	706
1350.05	704.889
1352.27	711.333
1354.49	724.667
1356.7	742.222
1358.92	802.222
1361.14	851.111
1363.36	930
1365.57	1007.11
1367.79	1067.78
1370	1038
1372.21	996.222
1374.43	922
1376.64	875.778
1378.85	837.111
1381.06	790.444
1383.27	781.333
1385.48	751.333
1387.69	716.667
1389.9	701.556
1392.11	695.778
1394.31	682.222
1396.52	676.667
1398.73	657.333
1400.93	655.111
1403.13	648.444
1405.34	637.111
1407.54	637.556
1409.74	648.222
1411.94	650
1414.14	641.333
1416.34	640.222
1418.54	640.667
1420.74	623.556
1422.94	621.778
1425.14	613.778
1427.33	605.111
1429.53	607.111
1431.72	614.667
1433.92	626
1436.11	625.556
1438.3	638.444
1440.5	645.778
1442.69	664.222
1444.88	681.778
1447.07	696.222
1449.26	711.111
1451.45	722
1453.64	722.667
1455.82	727.778
1458.01	695.556
1460.2	678.222
1462.38	654.222
1464.57	637.111
1466.75	633.556
1468.93	615.111
1471.12	630
1473.3	621.111
1475.48	612.667
1477.66	608.889
1479.84	594.667
1482.02	592
1484.2	592.222
1486.38	592.667
1488.55	583.556
1490.73	591.333
1492.91	585.333
1495.08	562.667
1497.26	587.333
1499.43	570.889
1501.61	571.778
1503.78	582.667
1505.95	574
1508.12	577.111
1510.29	558.889
1512.46	561.778
1514.63	563.778
1516.8	566.222
1518.97	560
1521.14	561.111
1523.3	575.111
1525.47	574.444
1527.63	566
1529.8	570.222
1531.96	577.556
1534.12	580.445
1536.29	588.889
1538.45	586.667
1540.61	602.222
1542.77	592.444
1544.93	600.222
1547.09	588.444
1549.25	597.333
1551.41	609.333
1553.56	611.111
1555.72	622.444
1557.88	628
1560.03	622.445
1562.18	624.667
1564.34	633.778
1566.49	624
1568.64	629.778
1570.8	612.444
1572.95	629.111
1575.1	614.222
1577.25	617.778
1579.4	623.111
1581.55	626
1583.69	621.556
1585.84	624
1587.99	639.778
1590.13	616.667
1592.28	626
1594.42	603.556
1596.57	606.222
1598.71	602
1600.85	608.444
1602.99	590.667
1605.14	601.556
1607.28	600.444
1609.42	589.778
1611.56	587.556
1613.69	579.778
1615.83	587.778
1617.97	582.222
1620.11	581.778
1622.24	578.889
1624.38	570.667
1626.51	545.333
1628.65	548
1630.78	534.889
1632.91	524.889
1635.04	516.889
1637.17	515.111
1639.31	509.556
1641.44	518.889
1643.57	503.111
1645.69	503.556
1647.82	495.778
1649.95	493.333
1652.08	496
1654.2	484.444
1656.33	476
1658.45	488.222
1660.58	473.111
1662.7	470.889
1664.82	475.111
1666.94	473.778
1669.07	472.222
1671.19	465.556
1673.31	458.444
1675.43	464.222
1677.55	462.667
1679.66	461.556
1681.78	459.556
1683.9	454
1686.01	455.556
1688.13	456.889
1690.25	447.333
1692.36	453.778
1694.47	446.444
1696.59	446.222
1698.7	447.778
1700.81	440.222
1702.92	440.667
1705.03	440.667
1707.14	443.778
1709.25	438.222
1711.36	439.111
1713.47	436.444
1715.58	438
1717.68	438.667
1719.79	433.333
1721.89	438.222
1724	429.778
1726.1	431.111
1728.21	430.889
1730.31	420.667
1732.41	429.778
1734.51	431.778
1736.61	429.778
1738.71	434.444
1740.81	426.889
1742.91	423.333
1745.01	425.556
1747.11	423.111
1749.2	423.556
1751.3	424.444
1753.4	428.444
1755.49	413.333
1757.59	420.444
1759.68	418.889
1761.77	421.333
1763.86	415.111
1765.96	410.444
1768.05	418
1770.14	411.778
1772.23	414.222
1774.32	403.556
1776.41	411.111
1778.49	412.222
1780.58	406.444
1782.67	403.111
1784.76	399.778
1786.84	404.444
1788.92	407.333
1791.01	390.667
1793.09	411.556
1795.18	396.222
1797.26	405.333
1799.34	408.889
1801.42	404.222
1803.5	403.556
1805.58	397.778
1807.66	405.778
1809.74	396.667
1811.82	408.667
1813.89	404
1815.97	408.889
1818.05	400.444
1820.12	396.667
1822.2	400.667
1824.27	396.444
1826.34	394.222
1828.42	396.667
1830.49	402.222
1832.56	393.778
1834.63	396
1836.7	390.222
1838.77	382.889
1840.84	394
1842.91	397.778
1844.98	399.556
1847.04	395.778
1849.11	397.111
1851.18	394.889
1853.24	393.556
1855.31	388.444
1857.37	391.778
1859.43	385.333
1861.5	392.444
1863.56	390.444
1865.62	377.778
1867.68	395.556
1869.74	385.333
1871.8	386.222
1873.86	387.333
1875.92	381.778
1877.98	387.111
1880.03	387.111
1882.09	382
1884.15	388.222
1886.2	388.889
1888.26	389.778
1890.31	377.333
1892.36	381.556
1894.42	381.333
1896.47	389.778
1898.52	386
1900.57	378.667
1902.62	388.222
1904.67	389.111
1906.72	378.444
1908.77	387.333
1910.82	381.333
1912.86	381.111
1914.91	368.444
1916.96	383.333
1919	387.556
1921.04	378
1923.09	376.667
1925.13	380.667
1927.18	374.444
1929.22	380
1931.26	375.111
1933.3	370.444
1935.34	365.778
1937.38	367.111
1939.42	363.556
1941.46	373.333
1943.5	375.556
1945.53	369.778
1947.57	359.556
1949.61	368.889
1951.64	364
1953.68	373.778
1955.71	360.667
1957.75	365.778
1959.78	369.333
1961.81	364.222
1963.84	366.444
1965.87	369.333
1967.9	364.222
1969.93	370.222
1971.96	363.778
1973.99	361.556
1976.02	364.667
1978.05	355.111
1980.07	366.222
1982.1	368.222
1984.13	366.444
1986.15	360.889
1988.18	372
1990.2	365.111
1992.22	360.667
1994.25	366
1996.27	350.889
1998.29	367.333
2000.31	363.111
2002.33	359.778
2004.35	354.222
2006.37	363.778
2008.39	364.222
2010.41	358
2012.42	352
2014.44	362.889
2016.46	360.667
2018.47	354.889
2020.49	356.222
2022.5	354.889
2024.51	351.556
2026.53	352
2028.54	348
2030.55	350.667
2032.56	347.778
2034.57	352.667
2036.58	363.111
2038.59	358.222
2040.6	364.889
2042.61	354.667
2044.62	348.889
2046.62	353.111
2048.63	353.778
2050.64	351.778
2052.64	343.333
2054.65	348.889
2056.65	343.556
2058.65	346.889
2060.66	350.889
2062.66	353.778
2064.66	346.222
2066.66	353.778
2068.66	348.667
2070.66	344.889
2072.66	345.556
2074.66	337.778
2076.66	339.778
2078.65	341.333
2080.65	347.111
2082.65	347.333
2084.64	346.222
2086.64	343.333
2088.63	341.778
2090.63	332.444
2092.62	342.444
2094.61	345.778
2096.6	343.111
2098.59	340.444
2100.59	338.667
2102.58	345.556
2104.56	337.778
2106.55	333.333
2108.54	335.556
2110.53	342.222
2112.52	339.111
2114.5	338.889
2116.49	335.333
2118.48	346
2120.46	341.556
2122.44	340.444
2124.43	346
2126.41	337.333
2128.39	353.111
2130.38	343.333
2132.36	348.222
2134.34	351.333
2136.32	342.667
2138.3	345.111
2140.28	341.111
2142.26	342
2144.23	338.667
2146.21	345.333
2148.19	344.889
2150.16	341.333
2152.14	340.444
2154.11	341.333
2156.09	333.556
2158.06	344.222
2160.04	336.444
2162.01	333.778
2163.98	334.222
2165.95	335.111
2167.92	335.333
2169.89	325.111
2171.86	329.778
2173.83	327.778
2175.8	334.667
2177.77	326
2179.73	334.889
2181.7	328.667
2183.67	320.222
2185.63	325.778
2187.6	321.778
2189.56	315.111
2191.53	321.111
2193.49	320
2195.45	324.667
2197.41	323.556
2199.37	322.889
2201.34	318.222
2203.29	314.667
2205.26	312.444
2207.21	323.333
2209.17	319.333
2211.13	312
2213.09	319.556
2215.05	310.444
2217	315.111
2218.96	313.556
2220.91	314.222
2222.87	311.111
2224.82	310.667
2226.77	317.111
2228.73	313.111
2230.68	314
2232.63	323.556
2234.58	308.667
2236.53	304.667
2238.48	301.111
2240.43	313.333
2242.38	307.333
2244.33	306.222
2246.27	310
2248.22	304.667
2250.17	300.667
2252.11	302.444
2254.06	301.778
2256	313.333
2257.95	302
2259.89	300.444
2261.84	301.556
2263.78	298.667
2265.72	302
2267.66	290
2269.6	304.444
2271.54	297.778
2273.48	300.222
2275.42	299.556
2277.36	298.444
2279.3	299.333
2281.23	287.556
2283.17	288.222
2285.11	289.333
2287.04	294.222
2288.98	290.889
2290.91	296.444
2292.84	292.667
2294.78	292.444
2296.71	291.111
2298.64	288.889
2300.57	288.889
2302.51	290.889
2304.44	295.556
2306.37	295.778
2308.29	288.889
2310.22	288.889
2312.15	287.111
2314.08	288.222
2316.01	291.778
2317.93	288.444
2319.86	289.333
2321.78	284.444
2323.71	289.111
2325.63	280.889
2327.56	288.444
2329.48	289.111
2331.4	286.889
2333.32	283.333
2335.25	282.222
2337.17	287.333
2339.09	281.778
2341.01	284.222
2342.92	277.333
2344.84	281.778
2346.76	283.556
2348.68	276.667
2350.6	285.111
2352.51	279.778
2354.43	280.222
2356.34	278.444
2358.26	279.778
2360.17	279.333
2362.09	278.222
2364	282.667
2365.91	273.556
2367.82	274.222
2369.73	278
2371.64	275.778
2373.55	286.444
2375.46	269.556
2377.37	276.889
2379.28	272.889
2381.19	273.333
2383.1	274.222
2385	274.889
2386.91	274.444
2388.82	272.222
2390.72	273.111
2392.62	276.889
2394.53	270.667
2396.43	280.667
2398.33	275.778
2400.24	267.556
2402.14	271.778
2404.04	268.889
2405.94	273.111
2407.84	269.111
2409.74	268.222
2411.64	269.778
2413.54	274.889
2415.44	266.667
2417.33	271.556
2419.23	271.778
2421.13	271.111
2423.02	269.778
2424.92	274.667
2426.81	272.222
2428.71	267.333
2430.6	265.111
2432.49	269.556
2434.38	271.333
2436.28	266.222
2438.17	269.556
2440.06	267.333
2441.95	267.556
2443.84	264.222
2445.73	272.222
