176.07367	208.88889
178.6769	211
181.27925	212.66667
183.87926	215
186.47989	217.66667
189.07965	214
191.67705	220.55556
194.27509	227.22223
196.87076	233.11111
199.46707	234.77777
202.06102	237.77777
204.65559	245.11111
207.24931	251.8889
209.84068	254.33333
212.43266	260.11111
215.02231	260.77774
217.61258	272.22223
220.2005	273.55554
222.78905	275.88889
225.37526	275.33334
227.96208	273
230.54657	270.44446
233.13168	261.88889
235.71445	255.88889
238.29637	245.22223
240.87891	243
243.45911	223.44444
246.03993	220.55556
248.61842	209.11111
251.19754	203.11111
253.77432	193.88889
256.35025	185
258.92682	175.66667
261.50104	174.33333
264.0744	161.77777
266.64838	157.88889
269.22006	152.22223
271.79086	148.11111
274.3623	143.11111
276.93143	143.44444
279.49966	139.77777
282.06857	136.66667
284.63513	134.33333
287.20084	129.44444
289.76572	128.33333
292.33121	127
294.89438	123.11111
297.4567	120
300.01816	115.88889
302.58026	116.44445
305.14005	112.77778
307.69897	109.88889
310.25708	108.66666
312.81433	104.11111
315.37219	98.444443
317.92776	98.888885
320.48248	101.55556
323.03635	97.222221
325.58939	102.55556
328.14157	103.11111
330.69293	107.22222
333.24344	110.88889
335.79456	106.77778
338.34338	111.11111
340.89139	111.44444
343.43854	119.55556
345.98483	119.33334
348.5303	119.11111
351.07495	119.44444
353.61874	119.11111
356.16168	110.66666
358.7038	111
361.24509	110.55556
363.78552	104.77778
366.32513	100.88889
368.86392	99.666664
371.40186	96.777779
373.93896	95.555565
376.47522	97.44445
379.01068	94.777779
381.54529	93.111115
384.07904	92.666664
386.61053	92.888885
389.14264	94.111115
391.67392	92.111115
394.20438	94.222221
396.73398	98.222221
399.26276	102.77778
401.79071	101.55555
404.31784	101.22223
406.84268	100.33333
409.36813	94.666664
411.89279	91.111115
414.4166	88.777779
416.93958	80.555557
419.4603	83.222221
421.9816	83.333336
424.50211	78.888885
427.02179	78.666664
429.54065	78.666664
432.05722	78.777779
434.57443	78.333336
437.09079	77.44445
439.60492	79.666664
442.11963	79.111115
444.63354	79.777779
447.1452	80.111115
449.65744	77.555557
452.16888	73.555557
454.67807	75
457.18787	73.888885
459.69684	74.222221
462.20355	74.555557
464.71091	70.555557
467.21741	71
469.72168	71.333336
472.22656	69.777779
474.72919	73.333344
477.23242	73.888885
479.73486	76.333336
482.23505	75
484.73584	75.111115
487.23438	79.111115
489.73355	75.444443
492.23047	75.222214
494.728	74.555557
497.22327	71
499.71918	70
502.21283	70.222221
504.70712	69
507.19916	67
509.69037	65.888885
512.18219	66.888885
514.67181	67.333336
517.16205	64.555557
519.65002	68.444443
522.13861	66.888885
524.62494	66
527.11053	64.333336
529.59668	67.777779
532.08063	65.666664
534.56372	64.222221
537.04749	65.222221
539.52899	63.555557
542.0097	63.444443
544.49103	61.333332
546.97009	60.111111
549.44836	59.333332
551.92731	58.555553
554.40399	58.444443
556.87982	54.222221
559.35492	56.444447
561.83057	54.777779
564.30402	54.555557
566.77667	52.777779
569.24854	52.111111
571.7196	52
574.19128	52.222218
576.66071	53
579.12939	51.888889
581.59723	51.111111
584.06427	54.222225
586.53052	49.888889
588.99738	53.555557
591.46204	53.777779
593.9259	55.111111
596.38892	52.555557
598.8512	53.444443
601.31268	55.222221
603.77332	55.555557
606.23315	55.666672
608.69226	55.777779
611.15051	56.222218
613.60803	58.555557
616.0647	61.222221
618.52057	60
620.97565	64.111107
623.42999	63.888889
625.88348	69.333336
628.33618	68.999992
630.78815	72.222221
633.23926	77.888885
635.68958	84.222221
638.13916	93.333336
640.58789	114.11111
643.03583	133
645.48303	167.88889
647.92938	213.44444
650.375	263.33334
652.81842	335.77777
655.26245	390.33334
657.70563	382.11115
660.14807	322.11111
662.58972	238.11111
665.03064	176.11111
667.4707	135.77777
669.90857	112.66666
672.34711	92.999992
674.78479	91.333336
677.22174	84.55555
679.65649	82.222214
682.09186	80.444443
684.52643	81.333336
686.96027	81.666664
689.39185	89.666664
691.8241	96.666664
694.25555	105
696.68622	115.77778
699.11469	128.66667
701.54382	143.55556
703.97211	157
706.39832	172.22223
708.82507	172
711.24963	164
713.67487	160.77777
716.09924	158.11113
718.52155	158.88889
720.9444	169.55554
723.36646	178.1111
725.78638	187.55556
728.20691	196.22223
730.62531	199.66667
733.04425	206.33333
735.46106	210.66667
737.87854	206.88889
740.29376	208.22223
742.70966	205.77777
745.12335	197.22223
747.53772	193.33334
749.94989	185.77777
752.36267	181
754.77325	171.11111
757.18451	168.44444
759.59357	159.44444
762.00189	152.55556
764.41083	150.22223
766.81757	149.77777
769.22498	146.88889
771.63019	143
774.03467	140.66667
776.4397	135.44444
778.84265	132.44444
781.24481	127.33334
783.64752	122.55556
786.04816	124.77778
788.448	126.77778
790.84845	124.44444
793.24677	123
795.64435	124.55556
798.04248	126.66666
800.43848	120.88889
802.83374	122.22223
805.22821	123.44444
807.62329	124.44444
810.0163	123.33333
812.40845	124.77778
814.79987	130.66667
817.19055	136.44444
819.58044	138.55556
821.97095	145.77777
824.35938	152.55556
826.74695	158.11111
829.13385	159.11111
831.5199	157.88889
833.90527	163.11111
836.28986	166.88889
838.67499	166.88887
841.05804	178.33333
843.44037	179.66667
845.8219	189.88887
848.2027	189.55556
850.5827	185.55556
852.96198	186.88889
855.34052	187.88889
857.71826	187.33334
860.09521	189.44444
862.4715	195.33333
864.84698	202.22223
867.22168	197.66667
869.59564	211.66667
871.96887	207.11111
874.34137	204.44444
876.71307	200.88889
879.08264	189.33333
881.45288	189.44446
883.82233	193.22223
886.19098	195.55556
888.55896	212.66667
890.92615	216.11111
893.2926	212.88889
895.65826	199.55556
898.02185	193.77777
900.38605	180.22223
902.74951	169.33333
905.11218	166.66667
907.47412	157.44446
909.83398	153.11111
912.19446	152.66667
914.55414	148.22223
916.91309	144.55556
919.26996	141.88887
921.62738	146.22223
923.98407	144.11111
926.34009	141.33333
928.69391	139
931.0484	136.22223
933.40216	134.11113
935.75378	131.11111
938.10602	124.66666
940.45752	120.33334
942.80688	119.44444
945.15692	121.44444
947.50482	119.11111
949.85333	121
952.20111	118.44444
954.54681	122
956.89313	119.55556
959.2373	122.22222
961.58215	120
963.92487	113.44444
966.26819	117.11111
968.60944	115.77778
970.95129	110.44444
973.29108	111.33334
975.63147	110.11111
977.96973	108.88889
980.30865	113
982.64545	112.88889
984.98291	112.11111
987.31824	117.44444
989.65283	119.11111
991.98804	123.77778
994.32123	125.33333
996.65497	127.77778
998.98663	133.44444
1001.3176	133.77777
1003.6491	137.33333
1005.9786	137.22223
1008.3073	138.77777
1010.6366	141.33334
1012.9639	148.33334
1015.2904	151.55556
1017.6176	151.33333
1019.9426	155.77777
1022.267	158.22223
1024.5906	157.77777
1026.9148	163.44444
1029.2369	160.88889
1031.5583	160.55556
1033.879	159.66667
1036.199	158.66669
1038.5195	162.77777
1040.8381	169.55556
1043.1559	176
1045.4729	177.55556
1047.7892	181.77777
1050.1049	190.55556
1052.421	193.66667
1054.7351	206.55556
1057.0486	223.88889
1059.3612	242.11111
1061.6732	268.44446
1063.9845	289.22223
1066.2949	287.44446
1068.6047	276
1070.9138	274.22223
1073.2222	289.77777
1075.5298	300.77777
1077.8367	312.11108
1080.1428	312.22223
1082.4482	313.77777
1084.7531	287.22223
1087.057	269.22223
1089.3604	243.44444
1091.6628	222
1093.9647	193.55556
1096.2659	171.55556
1098.5663	158.88889
1100.866	146.33333
1103.1636	144.44444
1105.4618	144.77777
1107.7594	145.33334
1110.0562	145.55556
1112.3523	149.33333
1114.6476	156.99998
1116.9423	173.44446
1119.2349	188
1121.5282	204.88889
1123.8207	203
1126.1124	194.11111
1128.4022	173.44444
1130.6925	146.66667
1132.9822	122.88889
1135.2711	116.22222
1137.5581	108.99999
1139.8456	108.55556
1142.1323	109.77777
1144.4171	113.22222
1146.7025	119.55556
1148.9872	121.33334
1151.2698	115.88889
1153.553	118.66666
1155.8354	119.77778
1158.116	123.88889
1160.3971	127
1162.6775	125.66666
1164.9558	127
1167.2349	123.11111
1169.5117	124.66666
1171.7893	117.77778
1174.0648	115.88889
1176.3409	115.33334
1178.6151	113.33334
1180.8898	112.55556
1183.1625	111
1185.4358	115
1187.7072	108.55556
1189.979	110.44444
1192.2489	111.11111
1194.5193	105.44444
1196.7878	113.77777
1199.0555	111.88889
1201.324	107.22222
1203.5903	107.55556
1205.8572	108.77778
1208.1222	106.55556
1210.3865	107.88889
1212.6512	106.44444
1214.9141	110.88889
1217.1763	108.33333
1219.439	109.11111
1221.6997	109.55556
1223.9597	108.77778
1226.2203	110.55556
1228.479	107.77778
1230.7369	110.66666
1232.9941	114.33334
1235.252	113.88889
1237.5078	117.88889
1239.7629	117.55556
1242.0175	121.11111
1244.2711	123.33334
1246.5255	126.11111
1248.7778	126.22222
1251.0295	121.88889
1253.2804	123.66666
1255.5308	128.66667
1257.7803	132.77777
1260.0292	140.11111
1262.2773	138
1264.526	143.88889
1266.7728	151.88889
1269.0189	157.66669
1271.2643	153.55556
1273.509	157.77779
1275.7531	164.22223
1277.9963	167.88889
1280.2389	182.33331
1282.4808	193.44443
1284.722	209.33333
1286.9626	221.22223
1289.2025	246.22223
1291.4417	276.11111
1293.6802	317.00003
1295.9178	363.11108
1298.1537	434
1300.3901	459.33334
1302.6259	469.44446
1304.8608	440.66669
1307.0951	408.66666
1309.3287	365.66666
1311.5618	335.44446
1313.7941	301.33334
1316.0243	271.11111
1318.2552	246.66666
1320.4854	223.77779
1322.715	200
1324.9437	181.55556
1327.1707	171.66667
1329.3981	154.44444
1331.6249	142.66667
1333.8496	136.44446
1336.0751	133.44444
1338.2998	130.22223
1340.5238	139
1342.7458	137.66667
1344.9685	137.44444
1347.1906	129.77777
1349.4105	127
1351.6312	120.55556
1353.8511	123.88889
1356.0691	118.88889
1358.2877	119.11111
1360.5043	118.88889
1362.7216	123.33334
1364.9368	127.44444
1367.1526	136.44444
1369.3678	137.55556
1371.5811	132
1373.7948	128.88889
1376.0067	121.44444
1378.2191	118.33334
1380.4297	113.88889
1382.6407	109.44444
1384.8499	104.66666
1387.0583	102.55556
1389.2675	107.88889
1391.4746	106.55556
1393.6823	109.22222
1395.8881	104.55556
1398.0945	109.33334
1400.2988	109.44444
1402.5026	109
1404.7069	113.66666
1406.9093	121.22223
1409.1111	123.66666
1411.3134	129.66667
1413.5138	135.55556
1415.7135	141.44444
1417.9137	160.77777
1420.1121	182.00002
1422.3098	210.22221
1424.5068	251
1426.7043	309.44443
1428.9	384.88885
1431.0951	479.22223
1433.2894	580.55554
1435.483	660.22217
1437.6774	700.22223
1439.8696	696.22223
1442.0613	665.77777
1444.2523	624.5556
1446.4426	572.88892
1448.6322	560.88892
1450.8212	539.11108
1453.0095	522.88892
1455.1985	506.77777
1457.3854	486.11108
1459.5718	447.44446
1461.7573	403.11115
1463.9424	362.33331
1466.1267	317.77777
1468.3103	285.66666
1470.4933	259.00003
1472.6757	225.11111
1474.8573	197.8889
1477.0382	184.88889
1479.2186	171.77777
1481.3982	161.88889
1483.5773	152.66666
1485.7543	143.77777
1487.932	135.77777
1490.109	133.66667
1492.2854	130.77777
1494.4611	125.22222
1496.6361	123.33334
1498.8104	119.44444
1500.9841	114
1503.1559	117.22222
1505.3284	111.55556
1507.5	110.11111
1509.6711	104.88889
1511.8402	107.33333
1514.01	103
1516.1791	105.55556
1518.3475	105.11111
1520.514	102.44445
1522.6812	101.77778
1524.8477	99.777779
1527.0134	98.000008
1529.1774	98.888893
1531.3418	97.888885
1533.5056	97.111115
1535.6676	95.888893
1537.8301	92.555565
1539.9907	97.222221
1542.1519	96.444443
1544.3125	95.555557
1546.4711	96.777779
1548.6304	93.777786
1550.7877	92.999992
1552.9457	92.777779
1555.1017	91.222221
1557.2583	93.777779
1559.4131	90.555557
1561.5684	92.111115
1563.7218	95.222221
1565.8759	87.666664
1568.028	92.888885
1570.1807	91
1572.3315	92
1574.4829	91.777779
1576.6324	92.777779
1578.7814	92.777779
1580.9308	90.555557
1583.0784	89.333328
1585.2266	90.888885
1587.3728	92.555557
1589.5184	90.666664
1591.6647	92.888885
1593.8091	90.555557
1595.9528	88.666664
1598.0958	88
1600.2394	88.333336
1602.3812	88.888885
1604.5223	88.555557
1606.6627	88.666664
1608.8038	90.222221
1610.943	87.444443
1613.0815	87
1615.2194	89.777779
1617.3566	88.444443
1619.4945	85.111115
1621.6304	89.333336
1623.7657	87.999992
1625.9004	88.444443
1628.0344	89.222221
1630.1677	89.333336
1632.3005	85.999992
1634.4326	88.55555
1636.5641	88.222221
1638.6962	87
1640.8263	84.555557
1642.9558	86.555557
1645.0847	88.666664
1647.213	90
1649.3406	88.111115
1651.4675	88.333336
1653.5939	89.111115
1655.7184	85.777786
1657.8434	87.666664
1659.9679	88.444443
1662.0917	90
1664.2147	87.888885
1666.3373	88.666664
1668.4591	86
1670.5803	89.222221
1672.7009	92.555557
1674.8197	89.999992
1676.939	88
1679.0577	90.777779
1681.1758	88.666664
1683.2932	90
1685.4099	92.333336
1687.5249	91.333336
1689.6404	90.888885
1691.7552	90
1693.8695	89.222221
1695.9819	87.333336
1698.0948	92.111115
1700.2073	88.333336
1702.3177	91
1704.4288	90.111115
1706.5393	94.222221
1708.6478	91.888885
1710.7571	90.888893
1712.8644	93.333336
1714.9723	89
1717.0796	93.111115
1719.1851	89.555557
1721.2911	89.555557
1723.3953	90.222221
1725.5001	88.444443
1727.603	91
1729.7065	91.222221
1731.8082	86.666664
1733.9105	89.777771
1736.0109	91.888885
1738.1119	91
1740.2111	90.666664
1742.3108	89.777779
1744.4087	89.111115
1746.5072	89.333336
1748.6039	88
1750.7	90.222221
1752.7965	88.444443
1754.8914	89.444443
1756.9867	90.444443
1759.0802	91.333336
1761.1732	91.444443
1763.2655	91.666664
1765.3584	89.777786
1767.4493	90.111115
1769.5398	89
1771.6309	89.111115
1773.72	90.888885
1775.8086	90.222221
1777.8965	92.111115
1779.985	91.777779
1782.0717	90.777779
1784.1577	89.333336
1786.2432	91.888885
1788.328	91.888885
1790.4122	91.333336
1792.4971	89.666672
1794.58	91.111115
1796.6624	90.555557
1798.744	93.888885
1800.8252	90.333344
1802.9056	88.444443
1804.9856	91.333336
1807.0648	91.777779
1809.1434	93.111115
1811.2214	92.444443
1813.2988	93
1815.3756	92.666664
1817.4518	93
1819.5273	91.777771
1821.6023	91.444443
1823.6766	94.111115
1825.7504	92.777779
1827.8235	93.888885
1829.8959	94.888885
1831.9678	94.222221
1834.0391	90.444443
1836.1085	94.888885
1838.1785	92
1840.2479	92.333336
1842.3167	92.666664
1844.3849	92.888885
1846.4524	91.777786
1848.5182	93
1850.5846	92.666664
1852.6503	90.666664
1854.7155	96.333336
1856.7787	92.000008
1858.8427	90.666664
1860.9059	92.888885
1862.9674	91.222221
1865.0295	93.333336
1867.0909	95.222221
1869.1506	95
1871.2108	91.111115
1873.2705	92.888885
1875.3282	93.444443
1877.3867	93.111115
1879.4446	90.777779
1881.5005	94.222221
1883.5571	91.111107
1885.6119	94.444443
1887.6672	91.777779
1889.7208	94.333336
1891.775	97.333328
1893.8274	95
1895.8804	95.777779
1897.9315	98
1899.9833	95.444443
1902.0332	94.222221
1904.0837	98
1906.1324	94.444443
1908.1818	95.555557
1910.2294	97.555557
1912.2762	97.55555
1914.3237	94.55555
1916.3695	97
1918.4147	96.222221
1920.4603	96.555557
1922.5043	95.666672
1924.5476	96.111107
1926.5914	97
1928.6335	97.333336
1930.675	97.888885
1932.7159	98.222221
1934.7574	96
1936.7971	98
1938.8363	95.333336
1940.8748	98.777779
1942.9139	99.111115
1944.9512	99
1946.9879	96
1949.024	95.222221
1951.0596	96.666672
1953.0945	97
1955.1288	96.55555
1957.1625	97.333336
1959.1968	98.777779
1961.2294	96.333344
1963.2612	100.22222
1965.2926	96.222229
1967.3234	99.555557
1969.3535	98.444443
1971.3831	94.888885
1973.412	96.444435
1975.4403	99.666664
1977.4681	96.000008
1979.4952	100.88889
1981.5219	97.333336
1983.5479	96.111115
1985.572	98.777779
1987.5968	98.333344
1989.621	97.444443
1991.6447	99.222221
1993.6676	98.888885
1995.6901	97.333336
1997.7119	101.88889
1999.7319	99.222221
2001.7526	99.444443
2003.7726	98.333328
2005.7921	100
2007.8109	97.666664
2009.8281	102.55556
2011.8458	100.33334
2013.8629	99.111115
2015.8782	98.888885
2017.8942	101.88889
2019.9094	101.22222
2021.9242	101.44444
2023.9373	102.44444
2025.9508	98.111115
2027.9625	101
2029.975	99.777779
2031.9868	103
2033.9968	100.22222
2036.0074	102.33334
2038.0164	100.33334
2040.0258	102.55556
2042.0334	102.55556
2044.0417	102.33334
2046.0494	104.22221
2048.0554	101
2050.062	102.55556
2052.0667	102.77777
2054.0708	106
2056.0757	101.88889
2058.0786	103.88889
2060.0823	103.66666
2062.0842	104.44444
2064.0867	104.77778
2066.0872	102.22222
2068.0874	103.77777
2070.0881	102.22222
2072.0869	105.33334
2074.0854	102.55556
2076.0842	105.55556
2078.0815	107.33334
2080.0781	105.22222
2082.0742	102.44444
2084.0708	102.88889
2086.0657	104.66666
2088.0601	104.88889
2090.0537	105.77778
2092.0479	102.66666
2094.0405	106.44444
2096.0325	106.33333
2098.0239	105
2100.0146	105.22222
2102.0049	105.33334
2103.9946	104.66666
2105.9849	108
2107.9734	105.77778
2109.9614	108.77779
2111.9487	105.33333
2113.9355	106.88889
2115.9216	107.44444
2117.9072	107.88889
2119.8923	107.88889
2121.8767	108.11111
2123.8606	105.55556
2125.844	107.88889
2127.8267	109.77778
2129.8088	108.88889
2131.7905	107.11111
2133.7715	110.55556
2135.751	106.88889
2137.7307	108.88889
2139.71	110
2141.6887	108.66666
2143.667	110.33334
2145.6445	110.55556
2147.6216	109.22222
2149.5969	108.33334
2151.5728	111.66667
2153.5481	110.22222
2155.5227	111.33334
2157.4958	113.44444
2159.4692	111.33334
2161.4424	113.44444
2163.4148	115.55556
2165.3855	113.55556
2167.3569	116.11111
2169.3276	115.22222
2171.2966	113.88889
2173.2661	114.44444
2175.2351	112.55556
2177.2026	118
2179.1704	116.88889
2181.1365	116.22222
2183.1033	118.88889
2185.0684	117.77777
2187.0339	116.33334
2188.999	117.11111
2190.9624	118.33334
2192.9263	114.88889
2194.8884	116.44444
2196.8501	116.11111
2198.8125	116.55556
2200.7729	115.77778
2202.7339	113.33334
2204.6934	113.22222
2206.6533	112.88889
2208.6116	113.66666
2210.5693	112
2212.5276	117
2214.4841	110.88889
2216.4402	115.88889
2218.3967	113.88889
2220.3516	116.88889
2222.3059	116.33334
2224.2607	112.77778
2226.2139	115.22222
2228.1665	113.22221
2230.1187	113.11111
2232.0713	114.77778
2234.0222	112.66666
2235.9727	112.44444
2237.9224	112.66666
2239.8718	116.22222
2241.8206	109.33334
2243.7698	118.88889
2245.7173	114.11111
2247.6643	115
2249.6108	115.77778
2251.5566	114.55556
2253.502	114.55556
2255.4468	115
2257.3911	116.55556
2259.3347	115.33334
2261.2778	114.22222
2263.2205	114.44444
2265.1624	116.77778
2267.1038	115.22222
2269.0447	115.11111
2270.9851	115.11111
2272.9248	116.33334
2274.864	113.88889
2276.8027	110.77778
2278.7407	115.22222
2280.6785	112.55556
2282.6143	114.88889
2284.5508	115.44444
2286.4866	118.11111
2288.4219	114
2290.3567	114.44444
2292.2898	115.88889
2294.2234	115.88889
2296.1565	117.11111
2298.0891	113.22222
2300.02	119.55556
2301.9514	114.88889
2303.8823	114
2305.8127	117.33334
2307.7415	114.22221
2309.6707	116
2311.5994	117.55556
2313.5264	116.55556
2315.4541	115.77778
2317.3799	119.11111
2319.3064	114.44444
2321.2324	119.66666
2323.1567	118.44444
2325.0815	115.22222
2327.0046	116.00001
2328.9285	115.88889
2330.8506	118.33334
2332.7732	114.11111
2334.6943	115.22222
2336.6157	114.55556
2338.5356	117.22221
2340.4561	118.33334
2342.375	119
2344.2932	118.22222
2346.2119	119.22222
2348.1292	115.44444
2350.0459	123.33334
2351.9629	118.44444
2353.8784	115.33334
2355.7935	118.44444
2357.709	118.66666
2359.6228	119.44445
2361.5361	117.77778
2363.4502	120.88889
2365.3623	117.44445
2367.2742	123.88889
2369.1853	120.77778
2371.0959	118.22222
2373.0071	122.22222
2374.9165	119.11111
2376.8257	120.88889
2378.7341	118.77778
2380.6418	121.88889
2382.5493	120
2384.4561	121.22223
2386.3635	122.55556
2388.2693	120.11111
2390.1746	124.33334
2392.0791	123.22222
2393.9832	121.11111
2395.8867	123.77778
2397.7898	122.33333
2399.6924	121.44444
2401.5942	125.33334
2403.4956	120.88889
2405.3965	122.77778
2407.2969	125.88889
2409.1956	124.33334
2411.095	123.33334
2412.9937	126.00001
2414.8918	129.33331
2416.7896	128.11111
2418.6865	125.22222
2420.583	127.22222
2422.478	125.22223
2424.3735	126
2426.2686	128.44446
2428.1628	126.88889
2430.0569	130
2431.949	129.66667
2433.8418	125.88889
2435.7341	128.55556
2437.6248	127.44444
2439.5161	126.55556
2441.4067	129.66669
2443.2957	128.77777
2445.1853	128.33333
