176.817	118
179.42	122
182.022	112.667
184.622	111.333
187.223	105.333
189.821	106.667
192.419	103.333
195.017	110.667
197.612	96.6667
200.208	100
202.802	97.3333
205.397	96
207.99	99.3333
210.581	92
213.173	91.3333
215.762	91.3333
218.352	91.3333
220.94	86.6667
223.528	87.3333
226.114	80
228.701	84.6667
231.285	83.3333
233.87	81.3333
236.452	81.3333
239.034	86.6667
241.616	76.6667
244.196	77.3333
246.777	77.3333
249.355	74.6667
251.933	77.3333
254.511	72.6667
257.086	76.6667
259.663	68.6667
262.237	74
264.81	73.3333
267.383	71.3333
269.955	70
272.525	69.3333
275.097	70
277.665	64
280.234	67.3333
282.802	68
285.368	66.6667
287.934	64
290.499	64
293.064	60
295.627	57.3333
298.189	52
300.75	60
303.312	60.6667
305.871	52.6667
308.43	53.3333
310.988	52
313.545	56
316.101	54.6667
318.658	52.6667
321.212	50.6667
323.766	57.3333
326.319	52
328.871	52
331.422	48.6667
333.972	50
336.522	50.6667
339.072	47.3333
341.619	50
344.166	47.3333
346.712	48.6667
349.258	48
351.802	50.6667
354.346	50
356.888	44.6667
359.43	46.6667
361.971	43.3333
364.511	45.3333
367.051	44
369.589	50
372.127	47.3333
374.664	44.6667
377.2	47.3333
379.735	44.6667
382.27	43.3333
384.802	46
387.334	41.3333
389.866	41.3333
392.397	44.6667
394.927	46.6667
397.457	47.3333
399.985	45.3333
402.513	44
405.038	42.6667
407.565	44.6667
410.09	45.3333
412.614	42.6667
415.138	49.3333
417.66	40
420.181	42
422.702	46
425.222	43.3333
427.742	44
430.259	45.3333
432.777	43.3333
435.294	46
437.81	44.6667
440.324	46
442.838	46
445.352	44
447.863	44
450.375	41.3333
452.887	48
455.395	42.6667
457.905	47.3333
460.414	40.6667
462.92	45.3333
465.427	46.6667
467.932	44.6667
470.438	46.6667
472.942	41.3333
475.445	43.3333
477.948	48
480.448	46.6667
482.95	43.3333
485.449	46.6667
487.949	44
490.446	44
492.944	44
495.44	42.6667
497.937	44
500.431	44
502.926	43.3333
505.418	44.6667
507.912	44.6667
510.403	38.6667
512.894	43.3333
515.384	44.6667
517.874	44.6667
520.361	42
522.848	40.6667
525.336	42.6667
527.821	44
530.306	44.6667
532.791	42
535.274	39.3333
537.756	49.3333
540.238	44
542.719	44.6667
545.199	46
547.679	45.3333
550.157	47.3333
552.634	43.3333
555.112	46.6667
557.588	43.3333
560.063	43.3333
562.537	46
565.011	41.3333
567.484	46
569.955	46
572.426	35.3333
574.896	47.3333
577.367	44
579.835	46.6667
582.303	42
584.77	46.6667
587.236	44
589.701	44.6667
592.165	43.3333
594.629	46
597.093	44.6667
599.555	45.3333
602.016	42.6667
604.477	44
606.936	44.6667
609.395	42
611.853	48
614.311	46.6667
616.767	46.6667
619.223	48.6667
621.678	46
624.132	48.6667
626.585	48.6667
629.037	45.3333
631.489	47.3333
633.94	46
636.39	48.6667
638.839	45.3333
641.288	45.3333
643.736	47.3333
646.183	43.3333
648.627	46
651.073	47.3333
653.517	41.3333
655.961	46.6667
658.404	48.6667
660.846	48
663.288	41.3333
665.727	45.3333
668.167	46.6667
670.606	46.6667
673.044	46.6667
675.482	46
677.917	46.6667
680.353	45.3333
682.788	50
685.222	47.3333
687.655	48.6667
690.087	42
692.519	51.3333
694.951	44.6667
697.38	48
699.809	48.6667
702.238	49.3333
704.665	46.6667
707.092	50.6667
709.519	46
711.943	46
714.368	46
716.791	50.6667
719.214	47.3333
721.637	50.6667
724.058	48
726.479	48
728.898	48.6667
731.317	47.3333
733.734	46.6667
736.152	47.3333
738.568	44
740.985	47.3333
743.399	49.3333
745.814	49.3333
748.227	46
750.64	46
753.051	45.3333
755.463	45.3333
757.872	48
760.283	47.3333
762.691	50
765.098	47.3333
767.506	48
769.912	46
772.318	47.3333
774.722	50
777.126	45.3333
779.53	45.3333
781.932	50
784.333	46.6667
786.735	48
789.135	46
791.533	48
793.933	46
796.33	50
798.727	44.6667
801.123	43.3333
803.519	44
805.913	48
808.307	50
810.699	48
813.093	46
815.484	47.3333
817.874	47.3333
820.264	48
822.653	42.6667
825.041	44
827.43	49.3333
829.817	49.3333
832.203	48
834.588	46.6667
836.972	47.3333
839.356	50
841.738	44.6667
844.12	46.6667
846.502	47.3333
848.882	48
851.262	44.6667
853.641	47.3333
856.02	46
858.397	48.6667
860.774	48.6667
863.15	46
865.525	50
867.9	47.3333
870.273	44.6667
872.646	45.3333
875.019	48
877.39	44.6667
879.761	45.3333
882.131	47.3333
884.5	48.6667
886.869	44
889.236	46
891.602	48.6667
893.968	46.6667
896.334	46.6667
898.698	51.3333
901.062	49.3333
903.426	46.6667
905.787	48.6667
908.148	50
910.509	45.3333
912.87	46.6667
915.228	47.3333
917.587	50
919.945	47.3333
922.302	49.3333
924.657	44
927.013	50.6667
929.368	50.6667
931.721	48.6667
934.074	53.3333
936.427	50
938.778	50
941.129	50
943.479	52
945.828	55.3333
948.177	56.6667
950.524	54
952.871	52
955.218	54
957.563	52.6667
959.908	54
962.252	54.6667
964.595	59.3333
966.937	52
969.28	57.3333
971.62	56.6667
973.961	61.3333
976.3	62
978.639	60.6667
980.976	63.3333
983.314	64.6667
985.65	64.6667
987.987	70
990.321	70.6667
992.655	77.3333
994.989	74
997.321	78.6667
999.653	91.3333
1001.98	94.6667
1004.31	104
1006.65	112.667
1008.97	133.333
1011.3	146.667
1013.63	171.333
1015.96	200.667
1018.28	212.667
1020.61	234.667
1022.93	310
1025.26	354.667
1027.58	430
1029.9	462
1032.22	521.333
1034.54	550
1036.86	566
1039.18	542.667
1041.5	509.333
1043.82	438
1046.14	362
1048.45	277.333
1050.77	236
1053.08	186
1055.4	165.333
1057.71	135.333
1060.02	118
1062.33	116
1064.64	108.667
1066.96	102
1069.27	102
1071.57	104
1073.88	99.3333
1076.19	92.6667
1078.5	90
1080.8	90.6667
1083.11	88
1085.41	90.6667
1087.72	96
1090.02	96
1092.32	96.6667
1094.62	98.6667
1096.92	96.6667
1099.22	98.6667
1101.52	97.3333
1103.82	97.3333
1106.12	115.333
1108.42	110
1110.71	115.333
1113.01	111.333
1115.3	114.667
1117.6	109.333
1119.89	105.333
1122.18	102
1124.48	100.667
1126.77	100
1129.06	98
1131.35	92.6667
1133.64	92
1135.93	86.6667
1138.21	89.3333
1140.5	93.3333
1142.79	90
1145.07	88
1147.36	86.6667
1149.64	85.3333
1151.92	83.3333
1154.21	85.3333
1156.49	90.6667
1158.77	86.6667
1161.05	83.3333
1163.33	83.3333
1165.61	83.3333
1167.89	76.6667
1170.16	76
1172.44	76
1174.72	77.3333
1176.99	74.6667
1179.27	69.3333
1181.54	71.3333
1183.81	66.6667
1186.09	68
1188.36	66.6667
1190.63	66.6667
1192.9	60.6667
1195.17	69.3333
1197.44	60
1199.71	62.6667
1201.97	65.3333
1204.24	66.6667
1206.5	63.3333
1208.77	59.3333
1211.03	61.3333
1213.3	58.6667
1215.56	62.6667
1217.82	58
1220.09	56.6667
1222.35	56.6667
1224.61	64.6667
1226.87	62
1229.12	54.6667
1231.38	61.3333
1233.64	64
1235.9	59.3333
1238.15	58
1240.41	62
1242.66	58.6667
1244.92	62.6667
1247.17	62
1249.42	60.6667
1251.67	56.6667
1253.92	60.6667
1256.17	62
1258.42	56
1260.67	60
1262.92	62.6667
1265.17	56.6667
1267.42	52.6667
1269.66	58.6667
1271.91	58
1274.15	56.6667
1276.39	61.3333
1278.64	56.6667
1280.88	60
1283.12	56
1285.36	55.3333
1287.6	60
1289.84	66.6667
1292.08	62
1294.32	62
1296.56	60.6667
1298.79	62
1301.03	62
1303.26	62.6667
1305.5	66.6667
1307.73	60.6667
1309.97	65.3333
1312.2	58
1314.43	62.6667
1316.66	61.3333
1318.89	63.3333
1321.12	67.3333
1323.35	65.3333
1325.58	73.3333
1327.81	67.3333
1330.03	67.3333
1332.26	67.3333
1334.49	66.6667
1336.71	65.3333
1338.94	68.6667
1341.16	70.6667
1343.38	70.6667
1345.6	68
1347.83	70.6667
1350.05	71.3333
1352.27	72
1354.49	69.3333
1356.7	74.6667
1358.92	76.6667
1361.14	80
1363.36	80
1365.57	84
1367.79	85.3333
1370	81.3333
1372.21	84
1374.43	88.6667
1376.64	78.6667
1378.85	88.6667
1381.06	83.3333
1383.27	82
1385.48	82.6667
1387.69	93.3333
1389.9	85.3333
1392.11	86
1394.31	92.6667
1396.52	98
1398.73	96.6667
1400.93	92.6667
1403.13	95.3333
1405.34	101.333
1407.54	99.3333
1409.74	105.333
1411.94	104
1414.14	108
1416.34	106
1418.54	110.667
1420.74	112
1422.94	111.333
1425.14	106
1427.33	116.667
1429.53	114.667
1431.72	120
1433.92	126.667
1436.11	122.667
1438.3	135.333
1440.5	141.333
1442.69	159.333
1444.88	189.333
1447.07	206.667
1449.26	232
1451.45	250.667
1453.64	262.667
1455.82	250.667
1458.01	247.333
1460.2	238
1462.38	239.333
1464.57	221.333
1466.75	226.667
1468.93	230.667
1471.12	226
1473.3	227.333
1475.48	218.667
1477.66	218.667
1479.84	192.667
1482.02	183.333
1484.2	190.667
1486.38	175.333
1488.55	164.667
1490.73	165.333
1492.91	160
1495.08	156.667
1497.26	152
1499.43	145.333
1501.61	138.667
1503.78	140.667
1505.95	132.667
1508.12	130
1510.29	124
1512.46	126
1514.63	124
1516.8	118
1518.97	116
1521.14	119.333
1523.3	112
1525.47	120
1527.63	112
1529.8	116
1531.96	110
1534.12	110.667
1536.29	106.667
1538.45	105.333
1540.61	98
1542.77	109.333
1544.93	105.333
1547.09	102
1549.25	104
1551.41	102.667
1553.56	102
1555.72	100.667
1557.88	103.333
1560.03	98.6667
1562.18	94
1564.34	95.3333
1566.49	100.667
1568.64	101.333
1570.8	92.6667
1572.95	92
1575.1	94
1577.25	94
1579.4	95.3333
1581.55	98
1583.69	86.6667
1585.84	84.6667
1587.99	90
1590.13	83.3333
1592.28	89.3333
1594.42	84.6667
1596.57	84
1598.71	80
1600.85	84
1602.99	77.3333
1605.14	77.3333
1607.28	77.3333
1609.42	84
1611.56	76
1613.69	78
1615.83	71.3333
1617.97	81.3333
1620.11	78
1622.24	74.6667
1624.38	74.6667
1626.51	73.3333
1628.65	77.3333
1630.78	68
1632.91	68.6667
1635.04	69.3333
1637.17	66.6667
1639.31	70.6667
1641.44	68
1643.57	68.6667
1645.69	70.6667
1647.82	70
1649.95	68.6667
1652.08	72.6667
1654.2	75.3333
1656.33	71.3333
1658.45	68.6667
1660.58	70.6667
1662.7	64.6667
1664.82	68.6667
1666.94	67.3333
1669.07	66.6667
1671.19	65.3333
1673.31	62
1675.43	68.6667
1677.55	69.3333
1679.66	67.3333
1681.78	60
1683.9	63.3333
1686.01	67.3333
1688.13	64
1690.25	65.3333
1692.36	66
1694.47	66
1696.59	70
1698.7	69.3333
1700.81	65.3333
1702.92	62.6667
1705.03	66.6667
1707.14	67.3333
1709.25	67.3333
1711.36	66.6667
1713.47	62.6667
1715.58	63.3333
1717.68	67.3333
1719.79	65.3333
1721.89	60.6667
1724	63.3333
1726.1	66
1728.21	64
1730.31	58.6667
1732.41	67.3333
1734.51	70
1736.61	66
1738.71	62.6667
1740.81	64.6667
1742.91	62.6667
1745.01	63.3333
1747.11	64.6667
1749.2	63.3333
1751.3	64
1753.4	66.6667
1755.49	60
1757.59	66
1759.68	66.6667
1761.77	62.6667
1763.86	60.6667
1765.96	64
1768.05	64.6667
1770.14	70
1772.23	69.3333
1774.32	69.3333
1776.41	65.3333
1778.49	68
1780.58	68
1782.67	64.6667
1784.76	66
1786.84	65.3333
1788.92	70
1791.01	62.6667
1793.09	62.6667
1795.18	68.6667
1797.26	67.3333
1799.34	62.6667
1801.42	65.3333
1803.5	60.6667
1805.58	69.3333
1807.66	60.6667
1809.74	66.6667
1811.82	64.6667
1813.89	64.6667
1815.97	65.3333
1818.05	66.6667
1820.12	64.6667
1822.2	66
1824.27	62.6667
1826.34	67.3333
1828.42	62.6667
1830.49	68
1832.56	72
1834.63	65.3333
1836.7	64.6667
1838.77	65.3333
1840.84	62
1842.91	66.6667
1844.98	60.6667
1847.04	66
1849.11	64.6667
1851.18	67.3333
1853.24	69.3333
1855.31	66
1857.37	64.6667
1859.43	64.6667
1861.5	62
1863.56	62
1865.62	69.3333
1867.68	65.3333
1869.74	72
1871.8	64.6667
1873.86	70
1875.92	68
1877.98	68
1880.03	65.3333
1882.09	63.3333
1884.15	68
1886.2	66.6667
1888.26	66.6667
1890.31	66
1892.36	62.6667
1894.42	64.6667
1896.47	67.3333
1898.52	72
1900.57	71.3333
1902.62	72
1904.67	69.3333
1906.72	68.6667
1908.77	66
1910.82	64
1912.86	64.6667
1914.91	68.6667
1916.96	67.3333
1919	65.3333
1921.04	71.3333
1923.09	68
1925.13	67.3333
1927.18	74
1929.22	69.3333
1931.26	72.6667
1933.3	69.3333
1935.34	68.6667
1937.38	69.3333
1939.42	66.6667
1941.46	67.3333
1943.5	74
1945.53	70
1947.57	65.3333
1949.61	69.3333
1951.64	66.6667
1953.68	68.6667
1955.71	68
1957.75	62
1959.78	70.6667
1961.81	68
1963.84	70.6667
1965.87	73.3333
1967.9	70
1969.93	63.3333
1971.96	64.6667
1973.99	64
1976.02	67.3333
1978.05	64.6667
1980.07	68
1982.1	69.3333
1984.13	68
1986.15	71.3333
1988.18	70.6667
1990.2	70.6667
1992.22	69.3333
1994.25	64
1996.27	68.6667
1998.29	63.3333
2000.31	66
2002.33	72.6667
2004.35	72
2006.37	70
2008.39	70.6667
2010.41	70.6667
2012.42	70
2014.44	70
2016.46	73.3333
2018.47	70
2020.49	75.3333
2022.5	72
2024.51	68
2026.53	69.3333
2028.54	70
2030.55	73.3333
2032.56	79.3333
2034.57	67.3333
2036.58	70
2038.59	66.6667
2040.6	76
2042.61	66.6667
2044.62	70.6667
2046.62	75.3333
2048.63	71.3333
2050.64	70.6667
2052.64	74
2054.65	76.6667
2056.65	69.3333
2058.65	70
2060.66	70.6667
2062.66	71.3333
2064.66	70.6667
2066.66	72
2068.66	72
2070.66	71.3333
2072.66	76
2074.66	66.6667
2076.66	71.3333
2078.65	74.6667
2080.65	69.3333
2082.65	68
2084.64	71.3333
2086.64	73.3333
2088.63	73.3333
2090.63	71.3333
2092.62	79.3333
2094.61	74
2096.6	73.3333
2098.59	73.3333
2100.59	77.3333
2102.58	73.3333
2104.56	72
2106.55	68
2108.54	70
2110.53	71.3333
2112.52	74
2114.5	77.3333
2116.49	68
2118.48	69.3333
2120.46	69.3333
2122.44	72
2124.43	69.3333
2126.41	75.3333
2128.39	74
2130.38	75.3333
2132.36	76
2134.34	75.3333
2136.32	73.3333
2138.3	72
2140.28	70.6667
2142.26	70
2144.23	76
2146.21	75.3333
2148.19	73.3333
2150.16	76
2152.14	77.3333
2154.11	73.3333
2156.09	70.6667
2158.06	72.6667
2160.04	77.3333
2162.01	72
2163.98	72.6667
2165.95	76.6667
2167.92	72.6667
2169.89	77.3333
2171.86	72.6667
2173.83	73.3333
2175.8	70
2177.77	72.6667
2179.73	72.6667
2181.7	72
2183.67	80.6667
2185.63	76
2187.6	73.3333
2189.56	76.6667
2191.53	66.6667
2193.49	74.6667
2195.45	74
2197.41	67.3333
2199.37	75.3333
2201.34	77.3333
2203.29	71.3333
2205.26	76.6667
2207.21	70.6667
2209.17	79.3333
2211.13	79.3333
2213.09	72
2215.05	76.6667
2217	68
2218.96	78
2220.91	80.6667
2222.87	78
2224.82	78
2226.77	80
2228.73	79.3333
2230.68	68.6667
2232.63	80.6667
2234.58	81.3333
2236.53	76
2238.48	80.6667
2240.43	78
2242.38	82.6667
2244.33	74
2246.27	82
2248.22	76
2250.17	74
2252.11	74
2254.06	80
2256	77.3333
2257.95	74.6667
2259.89	77.3333
2261.84	82
2263.78	76
2265.72	79.3333
2267.66	78.6667
2269.6	70.6667
2271.54	78
2273.48	76.6667
2275.42	74.6667
2277.36	76.6667
2279.3	78.6667
2281.23	75.3333
2283.17	79.3333
2285.11	74
2287.04	79.3333
2288.98	78.6667
2290.91	79.3333
2292.84	78.6667
2294.78	84.6667
2296.71	80
2298.64	76.6667
2300.57	80
2302.51	80
2304.44	72
2306.37	78
2308.29	83.3333
2310.22	78.6667
2312.15	82
2314.08	82
2316.01	79.3333
2317.93	78.6667
2319.86	73.3333
2321.78	78.6667
2323.71	69.3333
2325.63	86
2327.56	81.3333
2329.48	76
2331.4	80
2333.32	70.6667
2335.25	83.3333
2337.17	73.3333
2339.09	81.3333
2341.01	82
2342.92	78
2344.84	79.3333
2346.76	80.6667
2348.68	69.3333
2350.6	80.6667
2352.51	78.6667
2354.43	81.3333
2356.34	76
2358.26	79.3333
2360.17	81.3333
2362.09	74.6667
2364	76
2365.91	80
2367.82	76
2369.73	80
2371.64	73.3333
2373.55	76
2375.46	78.6667
2377.37	82
2379.28	82.6667
2381.19	80
2383.1	80.6667
2385	77.3333
2386.91	82
2388.82	76.6667
2390.72	76
2392.62	83.3333
2394.53	77.3333
2396.43	80.6667
2398.33	70.6667
2400.24	80.6667
2402.14	76.6667
2404.04	81.3333
2405.94	81.3333
2407.84	74
2409.74	78
2411.64	80
2413.54	78
2415.44	80
2417.33	80.6667
2419.23	81.3333
2421.13	80.6667
2423.02	78.6667
2424.92	81.3333
2426.81	79.3333
2428.71	83.3333
2430.6	78.6667
2432.49	78.6667
2434.38	79.3333
2436.28	86.6667
2438.17	80
2440.06	82
2441.95	85.3333
2443.84	76.6667
2445.73	84.6667
