188.706	178
191.305	169.778
193.902	172.667
196.499	177.556
199.096	177.333
201.69	180.222
204.284	180.222
206.877	178
209.47	182.889
212.062	188
214.652	189.556
217.242	194
219.83	194.222
222.419	194.444
225.005	193.333
227.592	189.333
230.177	200.889
232.762	184
235.345	191.333
237.928	182.222
240.509	178.667
243.09	176.667
245.671	170.667
248.249	159.778
250.829	158.444
253.405	153.778
255.983	150.444
258.558	143.556
261.132	142.889
263.707	141.111
266.28	135.556
268.852	136.444
271.424	130.222
273.994	131.111
276.564	127.111
279.133	124.667
281.701	122.889
284.268	127.111
286.835	123.778
289.4	111.778
291.964	120.889
294.527	116.667
297.091	115.556
299.653	106
302.214	111.778
304.774	106.889
307.334	107.556
309.892	105.111
312.45	103.333
315.006	103.333
317.562	102.667
320.118	100.444
322.672	100.889
325.225	102.222
327.778	101.111
330.329	101.111
332.88	103.778
335.43	107.556
337.978	107.111
340.528	106.444
343.075	109.111
345.622	107.778
348.167	109.556
350.712	110.444
353.256	117.778
355.799	110.222
358.341	106.667
360.883	107.111
363.423	107.111
365.963	102.222
368.502	101.333
371.04	101.778
373.577	98.2222
376.114	98.4444
378.649	99.3333
381.184	96.6667
383.718	97.5556
386.251	97.3333
388.783	99.7778
391.314	98.2222
393.844	99.1111
396.373	102.444
398.902	105.778
401.43	104.889
403.957	108
406.484	109.111
409.009	106.667
411.534	106.222
414.057	107.556
416.58	106.889
419.102	108.444
421.624	116.222
424.144	120.889
426.663	128
429.181	143.333
431.7	139.556
434.217	146.444
436.732	143.111
439.248	142.667
441.763	136.889
444.277	136.222
446.788	128.444
449.301	116.667
451.812	115.778
454.322	111.556
456.831	105.556
459.341	104
461.847	97.1111
464.355	97.1111
466.861	94.8889
469.366	93.5556
471.871	95.5556
474.374	94.6667
476.877	91.5556
479.378	96
481.88	88.4444
484.381	93.7778
486.879	92.4444
489.379	89.5556
491.876	93.7778
494.373	90.2222
496.869	87.5555
499.365	88.4444
501.858	85.5556
504.353	86.2222
506.845	84.2222
509.338	84.4444
511.828	86.8889
514.319	78.2222
516.808	82.6667
519.296	83.3333
521.785	83.5556
524.272	88.6667
526.759	82
529.244	80.4444
531.728	84
534.212	83.5555
536.695	83.1111
539.178	79.1111
541.659	81.5555
544.139	83.7778
546.619	82.2222
549.098	80.2222
551.575	81.3333
554.052	79.7778
556.529	78.8889
559.005	76.4444
561.479	76
563.953	79.3333
566.427	76
568.899	77.5556
571.37	74.8889
573.84	75.1111
576.311	73.5556
578.78	74.8889
581.248	74.4444
583.715	75.5556
586.181	81.5555
588.647	76
591.113	76.8889
593.577	78.8889
596.04	76.2222
598.503	76.2222
600.964	76.6667
603.425	76.6667
605.885	79.3333
608.344	76.4444
610.803	75.1111
613.26	80.6667
615.718	84.4445
618.174	78.8889
620.63	80.2222
623.084	83.1111
625.538	80.8889
627.99	85.1111
630.443	83.5556
632.894	88.6667
635.344	94.2222
637.792	98
640.241	103.111
642.689	110.889
645.137	125.556
647.583	142.444
650.029	171.333
652.474	200.889
654.918	229.556
657.361	237.556
659.804	222.222
662.246	191.778
664.685	150.444
667.125	130
669.565	115.333
672.003	101.556
674.441	97.1111
676.877	90.8889
679.313	92.8889
681.749	91.7778
684.183	91.7778
686.617	92
689.049	92.6667
691.481	93.7778
693.913	102.222
696.342	106.444
698.772	110.444
701.201	117.111
703.63	121.778
706.056	128.444
708.483	133.556
710.909	130
713.333	126.444
715.758	128.889
718.18	124
720.603	129.111
723.025	132.667
725.445	139.333
727.866	140.667
730.284	148.889
732.703	152
735.122	151.556
737.538	154.889
739.955	154.889
742.369	146.222
744.784	150
747.197	141.556
749.611	142.667
752.023	139.556
754.435	139.333
756.845	134.667
759.255	124.667
761.664	129.333
764.071	129.556
766.48	123.778
768.886	127.333
771.292	122
773.697	122.444
776.102	122.444
778.505	118.889
780.907	112.667
783.31	115.556
785.711	118
788.111	114.667
790.511	116.222
792.91	116
795.308	118.444
797.706	115.556
800.102	116.667
802.497	115.111
804.892	116.889
807.287	116.667
809.68	119.111
812.072	118
814.464	123.333
816.855	123.556
819.246	126.444
821.635	131.556
824.024	125.556
826.412	131.333
828.799	134
831.186	141.556
833.572	132.222
835.956	142.222
838.34	146.222
840.723	138.222
843.106	147.556
845.487	156
847.868	160
850.248	159.556
852.628	156
855.006	162
857.384	160
859.761	169.111
862.138	170.889
864.513	186.667
866.888	197.111
869.262	214.444
871.636	237.778
874.008	268.667
876.38	327.778
878.751	408
881.121	541.333
883.491	620.667
885.86	630.889
888.228	560.889
890.595	466.222
892.962	358
895.327	294.889
897.691	247.333
900.055	204.222
902.419	183.333
904.782	168.444
907.144	163.778
909.505	150.444
911.864	146.444
914.224	145.111
916.583	136.889
918.941	138
921.298	135.111
923.654	131.111
926.01	132.889
928.366	127.556
930.719	123.111
933.073	125.111
935.426	120.667
937.777	120.222
940.129	118.444
942.479	118.444
944.828	114.444
947.178	112.667
949.526	111.556
951.873	109.333
954.22	114
956.565	113.556
958.911	114.444
961.254	115.111
963.598	110.444
965.942	111.778
968.283	110.667
970.625	106.444
972.965	111.778
975.305	105.778
977.644	108.444
979.983	112.444
982.32	108.222
984.657	106
986.993	117.778
989.327	111.556
991.663	113.778
993.996	119.111
996.33	117.111
998.662	123.556
1000.99	118.889
1003.32	124.222
1005.65	128.222
1007.98	129.556
1010.31	131.333
1012.64	139.556
1014.97	136.444
1017.29	134.667
1019.62	141.333
1021.94	150
1024.27	150
1026.59	152.222
1028.91	158.889
1031.24	160
1033.56	169.111
1035.88	175.333
1038.2	184.889
1040.51	200.222
1042.83	216
1045.15	237.778
1047.47	255.111
1049.78	274.222
1052.1	292.889
1054.41	292
1056.73	287.556
1059.04	279.333
1061.35	277.778
1063.66	271.333
1065.97	267.333
1068.28	255.111
1070.59	252
1072.9	250.444
1075.21	257.778
1077.52	266
1079.82	277.111
1082.13	283.556
1084.43	282.889
1086.74	281.111
1089.04	284.444
1091.34	287.111
1093.65	288.222
1095.95	288.444
1098.25	285.333
1100.55	259.556
1102.85	239.333
1105.14	226.222
1107.44	198
1109.74	196.667
1112.03	184.889
1114.33	181.778
1116.62	188
1118.92	191.111
1121.21	198.222
1123.5	189.111
1125.79	189.778
1128.09	181.556
1130.38	163.111
1132.67	150
1134.95	133.778
1137.24	126.222
1139.53	126.222
1141.82	121.778
1144.1	121.111
1146.39	124.667
1148.67	124.222
1150.95	122.667
1153.24	122.444
1155.52	122
1157.8	122.889
1160.08	119.111
1162.36	124
1164.64	118.667
1166.92	118.667
1169.2	115.556
1171.47	119.111
1173.75	115.111
1176.03	118
1178.3	107.333
1180.58	118
1182.85	107.778
1185.12	110.222
1187.39	106.222
1189.66	105.778
1191.94	106.444
1194.21	108.444
1196.48	110.889
1198.74	112
1201.01	111.333
1203.28	106
1205.54	112
1207.81	106.667
1210.07	108.667
1212.34	107.556
1214.6	107.778
1216.86	110
1219.13	114.222
1221.39	109.333
1223.65	110.667
1225.91	111.333
1228.17	112.889
1230.43	107.556
1232.68	112.222
1234.94	116
1237.2	119.556
1239.45	122.222
1241.71	125.111
1243.96	119.778
1246.22	124.444
1248.47	131.333
1250.72	128.889
1252.97	138.222
1255.22	134
1257.47	140
1259.72	142
1261.97	149.333
1264.22	156
1266.46	162.667
1268.71	178.444
1270.95	187.111
1273.2	198.889
1275.44	202.667
1277.69	202.444
1279.93	208.222
1282.17	203.556
1284.41	204.222
1286.65	194
1288.89	199.333
1291.13	198.889
1293.37	215.333
1295.61	236.222
1297.85	264.889
1300.08	285.111
1302.32	295.778
1304.55	292
1306.79	288.222
1309.02	261.333
1311.26	250.889
1313.49	225.111
1315.72	212
1317.95	194.667
1320.18	178.444
1322.41	170.444
1324.64	165.333
1326.86	159.778
1329.09	150
1331.32	145.111
1333.55	137.333
1335.77	137.333
1337.99	131.778
1340.22	136
1342.44	134.889
1344.66	137.333
1346.89	130.444
1349.11	134.667
1351.33	131.556
1353.55	130.444
1355.77	135.111
1357.98	126
1360.2	125.556
1362.42	128.222
1364.63	135.111
1366.85	137.556
1369.06	141.111
1371.28	145.556
1373.49	144
1375.7	142.444
1377.92	142
1380.13	140.444
1382.34	132
1384.55	136.667
1386.76	135.778
1388.97	139.111
1391.17	138.889
1393.38	136.667
1395.59	136.667
1397.79	138.889
1400	144
1402.2	144.667
1404.41	145.333
1406.61	148.444
1408.81	152.222
1411.01	155.333
1413.21	160.889
1415.41	170.889
1417.61	178.889
1419.81	189.556
1422.01	196.444
1424.21	216
1426.4	236
1428.6	269.333
1430.8	318.222
1432.99	365.333
1435.18	418
1437.38	467.111
1439.57	498
1441.76	500.667
1443.95	500.444
1446.14	502.889
1448.33	500.444
1450.52	511.778
1452.71	518
1454.9	506.667
1457.09	487.111
1459.27	464.889
1461.46	440
1463.64	385.333
1465.83	352.667
1468.01	303.111
1470.2	286.667
1472.38	261.111
1474.56	246.667
1476.74	241.778
1478.92	235.333
1481.1	228
1483.28	218.667
1485.46	217.333
1487.64	201.111
1489.81	189.556
1491.99	181.111
1494.16	174.667
1496.34	164
1498.51	153.778
1500.69	150
1502.86	149.556
1505.03	148.667
1507.21	143.111
1509.38	134.222
1511.55	130.667
1513.72	134.222
1515.89	133.778
1518.05	126.667
1520.22	131.111
1522.39	124.667
1524.55	121.556
1526.72	123.111
1528.88	122
1531.05	125.778
1533.21	117.778
1535.37	117.333
1537.54	115.778
1539.7	116.889
1541.86	113.111
1544.02	112
1546.18	110
1548.34	114
1550.5	108.667
1552.65	107.333
1554.81	113.556
1556.97	111.111
1559.12	110
1561.28	108
1563.43	106.889
1565.58	105.333
1567.74	107.111
1569.89	104.222
1572.04	105.333
1574.19	105.333
1576.34	106.889
1578.49	105.778
1580.64	104.667
1582.79	105.111
1584.94	103.556
1587.08	102.667
1589.23	101.778
1591.37	106.889
1593.52	104.667
1595.66	101.778
1597.81	104.222
1599.95	108
1602.09	99.7778
1604.23	103.111
1606.37	98.8889
1608.51	102.889
1610.65	104
1612.79	103.556
1614.93	106.222
1617.07	103.778
1619.21	100.889
1621.34	102.667
1623.48	97.3333
1625.61	103.333
1627.75	99.1111
1629.88	103.111
1632.01	96.6667
1634.15	92.4444
1636.28	104.667
1638.41	101.556
1640.54	104.667
1642.67	98.8889
1644.8	97.3333
1646.93	99.7778
1649.05	97.7778
1651.18	102.222
1653.31	98.2222
1655.43	100.889
1657.56	101.556
1659.68	99.3333
1661.81	101.333
1663.93	100.667
1666.05	98
1668.17	99.3333
1670.3	99.1111
1672.42	100.667
1674.54	99.3333
1676.66	101.111
1678.77	100
1680.89	98.8889
1683.01	102.222
1685.13	101.778
1687.24	97.5556
1689.36	99.7778
1691.47	98.6667
1693.59	100.222
1695.7	104
1697.81	100
1699.92	103.333
1702.04	104.222
1704.15	103.556
1706.26	99.7778
1708.37	105.333
1710.47	102.667
1712.58	99.1111
1714.69	100.667
1716.8	107.778
1718.9	98
1721.01	104.444
1723.11	101.333
1725.22	96.6667
1727.32	100.222
1729.42	103.556
1731.53	98.6667
1733.63	104
1735.73	96.4444
1737.83	104.444
1739.93	98.8889
1742.03	102
1744.13	99.1111
1746.23	99.7778
1748.32	98.6667
1750.42	96.8889
1752.52	96.4444
1754.61	98.6667
1756.71	96.4445
1758.8	100.667
1760.89	99.7778
1762.99	98.8889
1765.08	97.3333
1767.17	99.3333
1769.26	95.5555
1771.35	97.1111
1773.44	99.1111
1775.53	100.667
1777.62	101.111
1779.71	95.3333
1781.79	99.1111
1783.88	101.111
1785.96	98.2222
1788.05	99.7778
1790.13	100.222
1792.22	98.2222
1794.3	98.6667
1796.38	102.444
1798.47	98.8889
1800.55	101.778
1802.63	99.5555
1804.71	102
1806.79	100.444
1808.87	101.111
1810.95	100.444
1813.02	103.111
1815.1	102.444
1817.18	100.222
1819.25	99.5556
1821.33	101.556
1823.4	102.889
1825.47	101.111
1827.55	100.667
1829.62	103.556
1831.69	99.3333
1833.76	97.1111
1835.83	100.889
1837.9	102.222
1839.97	96.2222
1842.04	97.3333
1844.11	99.3333
1846.18	102
1848.24	98.2222
1850.31	103.111
1852.38	99.5555
1854.44	101.111
1856.51	103.778
1858.57	104
1860.63	100
1862.69	101.111
1864.76	100.222
1866.82	99.1111
1868.88	96.8889
1870.94	101.778
1873	104.444
1875.06	103.333
1877.11	98.4444
1879.17	98.8889
1881.23	100.444
1883.28	97.3333
1885.34	102
1887.4	99.7778
1889.45	102
1891.5	99.5556
1893.56	99.3333
1895.61	104
1897.66	104.222
1899.71	96.6667
1901.76	102
1903.81	104
1905.86	102.889
1907.91	96.6667
1909.96	98.8889
1912.01	98.2222
1914.05	100.444
1916.1	105.111
1918.15	103.111
1920.19	98.2222
1922.23	104
1924.28	101.333
1926.32	104
1928.36	98.6667
1930.41	102.667
1932.45	106.222
1934.49	103.333
1936.53	101.333
1938.57	101.778
1940.61	103.333
1942.64	101.333
1944.68	104
1946.72	103.111
1948.76	101.111
1950.79	100.444
1952.83	101.778
1954.86	99.7778
1956.89	102.667
1958.93	102.889
1960.96	108
1962.99	102.889
1965.03	106
1967.06	106.889
1969.09	100
1971.12	101.111
1973.14	105.556
1975.17	98.8889
1977.2	99.3333
1979.23	100
1981.25	102.222
1983.28	105.778
1985.31	104.667
1987.33	102.667
1989.36	104
1991.38	102.667
1993.4	101.111
1995.42	101.111
1997.45	100.667
1999.47	101.111
2001.49	102.667
2003.51	104.667
2005.53	101.556
2007.55	104.667
2009.56	104.889
2011.58	108.444
2013.6	104
2015.61	103.556
2017.63	103.333
2019.65	100.889
2021.66	106.222
2023.67	105.333
2025.69	101.111
2027.7	103.111
2029.71	106.222
2031.72	106
2033.73	108
2035.74	98.2222
2037.75	102.444
2039.76	103.778
2041.77	104
2043.78	107.333
2045.79	107.778
2047.79	107.333
2049.8	108.222
2051.8	102.667
2053.81	103.333
2055.81	104.222
2057.82	106.444
2059.82	105.333
2061.82	105.778
2063.82	102.667
2065.83	106.222
2067.83	104.667
2069.83	106.889
2071.83	106.667
2073.82	103.333
2075.82	105.778
2077.82	107.556
2079.82	107.556
2081.81	108.222
2083.81	102.222
2085.8	110.667
2087.8	107.333
2089.79	108.444
2091.79	107.333
2093.78	107.556
2095.77	108.222
2097.76	107.333
2099.76	104.222
2101.75	110.222
2103.74	105.778
2105.72	109.111
2107.71	105.556
2109.7	109.111
2111.69	107.556
2113.68	103.556
2115.66	110.222
2117.65	109.111
2119.63	103.556
2121.62	110
2123.6	110.889
2125.59	110.889
2127.57	108
2129.55	110.667
2131.53	111.556
2133.51	108
2135.49	110.222
2137.47	111.333
2139.45	111.111
2141.43	106.444
2143.41	108.889
2145.39	105.556
2147.36	108
2149.34	110
2151.32	109.778
2153.29	110.222
2155.27	110
2157.24	110.222
2159.21	112.889
2161.19	112.667
2163.16	111.333
2165.13	110
2167.1	106.444
2169.07	111.333
2171.04	111.333
2173.01	111.333
2174.98	108.667
2176.95	113.778
2178.92	115.111
2180.88	118.222
2182.85	113.778
2184.81	112
2186.78	112
2188.74	110.444
2190.71	113.778
2192.67	113.556
2194.63	114.889
2196.6	111.556
2198.56	112.889
2200.52	115.111
2202.48	109.111
2204.44	109.333
2206.4	110
2208.36	108.889
2210.32	110.889
2212.28	112.222
2214.23	112
2216.19	107.778
2218.14	118
2220.1	109.556
2222.05	112.667
2224.01	107.333
2225.96	114
2227.91	106.222
2229.87	117.111
2231.82	111.111
2233.77	110.222
2235.72	114.667
2237.67	112.444
2239.62	114.667
2241.57	112.889
2243.52	110.667
2245.47	114.889
2247.41	113.556
2249.36	109.778
2251.31	115.333
2253.25	113.778
2255.2	114.889
2257.14	115.111
2259.09	112.444
2261.03	109.333
2262.97	110.444
2264.91	115.333
2266.85	112.889
2268.8	109.556
2270.74	115.778
2272.68	111.556
2274.61	116.667
2276.55	116.444
2278.49	115.778
2280.43	117.333
2282.37	110.667
2284.3	114.889
2286.24	116.889
2288.17	113.333
2290.11	111.778
2292.04	116.222
2293.98	112.444
2295.91	110.667
2297.84	112.222
2299.77	116
2301.7	111.333
2303.64	111.556
2305.56	112.444
2307.49	113.333
2309.42	114
2311.35	113.556
2313.28	110.889
2315.21	115.111
2317.13	111.556
2319.06	110.889
2320.99	113.556
2322.91	114.444
2324.84	112.889
2326.76	115.111
2328.68	112.222
2330.6	115.333
2332.53	109.556
2334.45	110.889
2336.37	112.889
2338.29	113.556
2340.21	110
2342.13	111.333
2344.05	115.111
2345.97	113.111
2347.89	114.222
2349.8	109.333
2351.72	109.778
2353.63	112.444
2355.55	115.111
2357.47	110.889
2359.38	110.889
2361.29	112.667
2363.21	116.222
2365.12	109.111
2367.03	109.556
2368.94	110.444
2370.85	111.778
2372.76	115.556
2374.67	115.778
2376.58	118
2378.49	114.222
2380.4	119.556
2382.31	113.111
2384.21	111.556
2386.12	118
2388.03	112.444
2389.93	117.556
2391.84	115.111
2393.74	116.222
2395.64	113.111
2397.55	112.889
2399.45	115.333
2401.35	119.778
2403.25	115.556
2405.15	115.556
2407.05	116.222
2408.95	113.556
2410.85	114
2412.75	118
2414.65	116.889
2416.55	117.778
2418.45	115.556
2420.34	123.111
2422.24	118.444
2424.13	116.667
2426.03	119.556
2427.92	121.111
2429.82	122.667
2431.71	116.889
2433.6	120.667
2435.49	119.556
2437.39	118.444
2439.28	122.222
2441.17	121.556
2443.06	117.111
2444.95	120.667
2446.83	119.778
2448.72	113.111
2450.61	121.333
2452.5	120.667
2454.39	121.778
