188.706	163.556
191.305	164.222
193.902	167.556
196.499	176.222
199.096	174.889
201.69	175.111
204.284	171.333
206.877	181.111
209.47	181.333
212.062	184.222
214.652	184
217.242	189.333
219.83	184.444
222.419	193.111
225.005	188.667
227.592	190.222
230.177	178.222
232.762	184.222
235.345	180.444
237.928	179.333
240.509	172.222
243.09	173.333
245.671	158.667
248.249	162.667
250.829	156.889
253.405	152
255.983	142.889
258.558	145.778
261.132	135.556
263.707	129.778
266.28	137.778
268.852	126.889
271.424	128.667
273.994	128.444
276.564	124
279.133	116.889
281.701	119.778
284.268	122.222
286.835	116.444
289.4	114
291.964	112.222
294.527	109.333
297.091	110.667
299.653	105.111
302.214	107.778
304.774	103.111
307.334	101.333
309.892	99.5556
312.45	99.7778
315.006	101.778
317.562	99.7778
320.118	99.1111
322.672	97.7778
325.225	98.4444
327.778	100.889
330.329	99.3333
332.88	98.8889
335.43	101.778
337.978	99.1111
340.528	99.3333
343.075	102.889
345.622	101.556
348.167	105.333
350.712	106.667
353.256	105.556
355.799	104
358.341	104.444
360.883	102
363.423	98.8889
365.963	92
368.502	100
371.04	100.222
373.577	99.1111
376.114	91.1111
378.649	94.4445
381.184	96
383.718	94.8889
386.251	92.8889
388.783	96.6667
391.314	89.7778
393.844	93.3333
396.373	97.5556
398.902	100.889
401.43	104.222
403.957	102.667
406.484	104.222
409.009	102.444
411.534	100.889
414.057	102
416.58	103.778
419.102	106.889
421.624	112.444
424.144	118.222
426.663	123.556
429.181	131.556
431.7	136.222
434.217	139.556
436.732	139.333
439.248	138.222
441.763	129.333
444.277	130
446.788	119.111
449.301	118
451.812	111.111
454.322	108.222
456.831	106.444
459.341	100.222
461.847	94.6667
464.355	91.3333
466.861	91.3333
469.366	90.8889
471.871	87.1111
474.374	90.6667
476.877	90.8889
479.378	87.7778
481.88	90.4444
484.381	85.7778
486.879	87.7778
489.379	88
491.876	89.1111
494.373	84
496.869	88.2222
499.365	85.3333
501.858	82.8889
504.353	83.7778
506.845	80.6667
509.338	80.2222
511.828	78.8889
514.319	79.1111
516.808	82
519.296	79.5556
521.785	79.3333
524.272	79.7778
526.759	80.6667
529.244	78.6667
531.728	81.1111
534.212	78
536.695	75.7778
539.178	79.3333
541.659	79.5556
544.139	80
546.619	76
549.098	75.1111
551.575	76.8889
554.052	76.4444
556.529	77.3333
559.005	75.7778
561.479	72.8889
563.953	73.1111
566.427	71.5556
568.899	73.3333
571.37	71.7778
573.84	70
576.311	70.4444
578.78	72.2222
581.248	76.6667
583.715	74
586.181	71.3333
588.647	73.5555
591.113	74
593.577	71.1111
596.04	71.7778
598.503	73.3333
600.964	71.3333
603.425	76.8889
605.885	73.3333
608.344	73.7778
610.803	75.7778
613.26	73.3333
615.718	73.1111
618.174	77.5556
620.63	80.2222
623.084	78
625.538	80
627.99	79.5556
630.443	83.3333
632.894	86.2222
635.344	90.2222
637.792	90.6667
640.241	95.5556
642.689	112
645.137	119.556
647.583	140.222
650.029	165.778
652.474	193.111
654.918	219.333
657.361	230.889
659.804	221.111
662.246	187.556
664.685	145.778
667.125	128.222
669.565	108.667
672.003	104
674.441	90.8889
676.877	88.2222
679.313	87.3333
681.749	86.6667
684.183	85.7778
686.617	88.2222
689.049	89.5556
691.481	91.3333
693.913	94.2222
696.342	100.222
698.772	104.444
701.201	109.333
703.63	116.222
706.056	118
708.483	131.111
710.909	127.333
713.333	123.556
715.758	125.333
718.18	121.556
720.603	124.444
723.025	128
725.445	136.667
727.866	138.667
730.284	142.667
732.703	146
735.122	144.889
737.538	148.889
739.955	144.667
742.369	147.556
744.784	144
747.197	145.778
749.611	140.889
752.023	135.111
754.435	133.111
756.845	130.222
759.255	126.889
761.664	125.778
764.071	122.444
766.48	122.222
768.886	122.667
771.292	123.778
773.697	118
776.102	114.222
778.505	113.778
780.907	109.778
783.31	114.444
785.711	110.444
788.111	111.556
790.511	108.444
792.91	111.333
795.308	112.667
797.706	107.333
800.102	110.444
802.497	112.889
804.892	119.111
807.287	114.444
809.68	112
812.072	115.556
814.464	118
816.855	116.889
819.246	121.556
821.635	121.556
824.024	125.556
826.412	134.222
828.799	127.333
831.186	129.333
833.572	132.889
835.956	136.889
838.34	135.111
840.723	140.444
843.106	146.444
845.487	146
847.868	150.889
850.248	153.778
852.628	154.444
855.006	156.222
857.384	151.556
859.761	166.222
862.138	169.333
864.513	182.222
866.888	194.444
869.262	206.889
871.636	226.889
874.008	269.111
876.38	319.111
878.751	408.222
881.121	530.444
883.491	605.556
885.86	605.111
888.228	545.556
890.595	455.778
892.962	358.222
895.327	281.778
897.691	230.444
900.055	203.333
902.419	182
904.782	166.889
907.144	158
909.505	147.778
911.864	139.778
914.224	135.556
916.583	135.111
918.941	132.444
921.298	125.556
923.654	125.556
926.01	124.667
928.366	122.444
930.719	128.222
933.073	125.111
935.426	116.444
937.777	119.778
940.129	113.556
942.479	114.667
944.828	112.889
947.178	110.667
949.526	109.556
951.873	108
954.22	109.556
956.565	113.333
958.911	112
961.254	109.556
963.598	109.111
965.942	109.111
968.283	104
970.625	107.556
972.965	100.444
975.305	105.556
977.644	104.444
979.983	102.222
982.32	103.556
984.657	105.333
986.993	107.333
989.327	109.556
991.663	110.444
993.996	115.556
996.33	113.111
998.662	114.889
1000.99	118.889
1003.32	114.444
1005.65	123.556
1007.98	123.111
1010.31	124.889
1012.64	130.222
1014.97	132.444
1017.29	132.444
1019.62	137.333
1021.94	143.333
1024.27	141.556
1026.59	150.667
1028.91	154.889
1031.24	160
1033.56	158.667
1035.88	171.111
1038.2	177.556
1040.51	192.889
1042.83	211.111
1045.15	229.556
1047.47	252.444
1049.78	275.556
1052.1	280.667
1054.41	284.889
1056.73	285.333
1059.04	280.444
1061.35	267.111
1063.66	265.556
1065.97	261.778
1068.28	241.778
1070.59	245.556
1072.9	244
1075.21	251.556
1077.52	260
1079.82	267.778
1082.13	271.111
1084.43	274.444
1086.74	279.333
1089.04	277.333
1091.34	280
1093.65	281.111
1095.95	285.556
1098.25	276.222
1100.55	267.111
1102.85	247.333
1105.14	225.333
1107.44	196.444
1109.74	186.889
1112.03	178.889
1114.33	174.222
1116.62	181.778
1118.92	185.556
1121.21	185.111
1123.5	191.778
1125.79	188.889
1128.09	174.889
1130.38	158.444
1132.67	142.889
1134.95	134.889
1137.24	126.444
1139.53	120.889
1141.82	124
1144.1	123.333
1146.39	115.333
1148.67	122.444
1150.95	123.556
1153.24	120.667
1155.52	118.667
1157.8	116.222
1160.08	121.333
1162.36	115.778
1164.64	121.778
1166.92	119.333
1169.2	116.667
1171.47	114
1173.75	114.444
1176.03	107.778
1178.3	106.667
1180.58	110.222
1182.85	108
1185.12	110
1187.39	107.333
1189.66	108.222
1191.94	107.111
1194.21	105.556
1196.48	100.889
1198.74	108.667
1201.01	104.444
1203.28	108
1205.54	102.444
1207.81	105.111
1210.07	104.444
1212.34	108.889
1214.6	105.778
1216.86	112.444
1219.13	108.667
1221.39	107.778
1223.65	103.556
1225.91	103.111
1228.17	110.444
1230.43	110.667
1232.68	117.111
1234.94	118.444
1237.2	121.333
1239.45	121.556
1241.71	116.222
1243.96	122
1246.22	125.333
1248.47	120.444
1250.72	128.444
1252.97	127.333
1255.22	127.333
1257.47	133.111
1259.72	137.556
1261.97	147.556
1264.22	149.333
1266.46	162.667
1268.71	172.889
1270.95	182.222
1273.2	194.667
1275.44	196.889
1277.69	204.444
1279.93	200.889
1282.17	195.111
1284.41	193.556
1286.65	197.556
1288.89	200
1291.13	203.111
1293.37	212.889
1295.61	229.556
1297.85	258.444
1300.08	272
1302.32	288.889
1304.55	290
1306.79	274.889
1309.02	258.889
1311.26	241.778
1313.49	220.222
1315.72	208.222
1317.95	196.444
1320.18	177.778
1322.41	175.333
1324.64	159.778
1326.86	154.667
1329.09	146.889
1331.32	137.111
1333.55	131.778
1335.77	132.222
1337.99	127.778
1340.22	130
1342.44	131.778
1344.66	133.111
1346.89	129.778
1349.11	132.667
1351.33	128.222
1353.55	127.556
1355.77	128.889
1357.98	127.556
1360.2	128.222
1362.42	134.222
1364.63	130.222
1366.85	132.444
1369.06	139.778
1371.28	139.111
1373.49	141.556
1375.7	138
1377.92	130.444
1380.13	139.333
1382.34	136.667
1384.55	129.778
1386.76	132.444
1388.97	131.778
1391.17	133.111
1393.38	134
1395.59	134.889
1397.79	132.667
1400	136.889
1402.2	146.667
1404.41	142.444
1406.61	141.556
1408.81	155.556
1411.01	152.667
1413.21	158.222
1415.41	166
1417.61	170.444
1419.81	180.889
1422.01	197.111
1424.21	209.556
1426.4	231.778
1428.6	267.556
1430.8	310
1432.99	357.333
1435.18	412.444
1437.38	453.111
1439.57	473.333
1441.76	490.667
1443.95	472.889
1446.14	481.778
1448.33	487.333
1450.52	493.778
1452.71	499.333
1454.9	505.778
1457.09	490.222
1459.27	457.778
1461.46	414.222
1463.64	369.778
1465.83	326
1468.01	304.889
1470.2	280
1472.38	259.556
1474.56	239.778
1476.74	227.111
1478.92	224.222
1481.1	219.111
1483.28	203.111
1485.46	201.556
1487.64	203.111
1489.81	190
1491.99	177.556
1494.16	167.778
1496.34	158.667
1498.51	152.667
1500.69	154.222
1502.86	144.667
1505.03	140
1507.21	136.444
1509.38	136.444
1511.55	133.556
1513.72	135.556
1515.89	128.444
1518.05	120.889
1520.22	125.778
1522.39	116.444
1524.55	121.556
1526.72	117.778
1528.88	122.667
1531.05	114.222
1533.21	113.778
1535.37	116
1537.54	120.444
1539.7	113.333
1541.86	112.444
1544.02	110.667
1546.18	112
1548.34	105.778
1550.5	107.778
1552.65	111.778
1554.81	105.111
1556.97	107.111
1559.12	104.889
1561.28	100.444
1563.43	109.111
1565.58	103.778
1567.74	102.667
1569.89	101.333
1572.04	106.667
1574.19	101.333
1576.34	98.2222
1578.49	97.1111
1580.64	100.667
1582.79	102.889
1584.94	99.5556
1587.08	102.889
1589.23	102.667
1591.37	98.4444
1593.52	98.8889
1595.66	98.4444
1597.81	101.556
1599.95	102.667
1602.09	100.667
1604.23	104
1606.37	99.5556
1608.51	100
1610.65	98.6667
1612.79	100
1614.93	99.5556
1617.07	98.8889
1619.21	99.1111
1621.34	99.1111
1623.48	100.444
1625.61	96.2222
1627.75	100.444
1629.88	96.2222
1632.01	95.5556
1634.15	95.1111
1636.28	98.8889
1638.41	96.8889
1640.54	96.4444
1642.67	96.2222
1644.8	99.1111
1646.93	94
1649.05	98
1651.18	96.6667
1653.31	96.2222
1655.43	98.2222
1657.56	96
1659.68	99.1111
1661.81	98.4444
1663.93	95.7778
1666.05	97.7778
1668.17	94.2222
1670.3	97.3333
1672.42	101.333
1674.54	99.7778
1676.66	98.8889
1678.77	95.1111
1680.89	98.6667
1683.01	97.1111
1685.13	96.8889
1687.24	97.5556
1689.36	97.7778
1691.47	99.3333
1693.59	97.7778
1695.7	99.7778
1697.81	97.3333
1699.92	97.1111
1702.04	98.8889
1704.15	98.6667
1706.26	101.333
1708.37	94.6667
1710.47	95.7778
1712.58	99.3333
1714.69	95.1111
1716.8	96.2222
1718.9	99.7778
1721.01	97.5556
1723.11	99.3333
1725.22	100
1727.32	97.5556
1729.42	102.667
1731.53	98.4444
1733.63	98.2222
1735.73	95.7778
1737.83	97.7778
1739.93	93.3333
1742.03	97.1111
1744.13	99.5556
1746.23	97.5556
1748.32	97.7778
1750.42	97.5556
1752.52	98.8889
1754.61	96.6667
1756.71	98
1758.8	97.1111
1760.89	100
1762.99	98.2222
1765.08	96.2222
1767.17	98
1769.26	94.4444
1771.35	97.5556
1773.44	94.2222
1775.53	97.5555
1777.62	96.8889
1779.71	97.7778
1781.79	97.1111
1783.88	97.3333
1785.96	96.6667
1788.05	96.6667
1790.13	97.5556
1792.22	98.2222
1794.3	96.8889
1796.38	95.3333
1798.47	95.3333
1800.55	99.7778
1802.63	96.6667
1804.71	100
1806.79	96
1808.87	97.1111
1810.95	94.4444
1813.02	99.5556
1815.1	99.5556
1817.18	96.2222
1819.25	96.6667
1821.33	98
1823.4	96.6667
1825.47	98.6667
1827.55	99.7778
1829.62	98.6667
1831.69	97.1111
1833.76	100.667
1835.83	98.4444
1837.9	99.5556
1839.97	97.3333
1842.04	96.4444
1844.11	96.8889
1846.18	99.1111
1848.24	95.1111
1850.31	96.6667
1852.38	95.1111
1854.44	98.6667
1856.51	96.6667
1858.57	98.4444
1860.63	94.8889
1862.69	96.8889
1864.76	98.2222
1866.82	97.7778
1868.88	97.1111
1870.94	99.1111
1873	97.7778
1875.06	93.3333
1877.11	96.4444
1879.17	98.8889
1881.23	96
1883.28	100.444
1885.34	97.5556
1887.4	97.3333
1889.45	99.5556
1891.5	93.7778
1893.56	102.222
1895.61	101.333
1897.66	94.8889
1899.71	99.5556
1901.76	93.3333
1903.81	96.8889
1905.86	98.8889
1907.91	99.3333
1909.96	99.1111
1912.01	97.3333
1914.05	102.889
1916.1	100
1918.15	99.3333
1920.19	96.2222
1922.23	99.3333
1924.28	97.7778
1926.32	98.8889
1928.36	101.556
1930.41	99.1111
1932.45	101.111
1934.49	98
1936.53	98.8889
1938.57	99.1111
1940.61	99.1111
1942.64	99.7778
1944.68	104.222
1946.72	99.5556
1948.76	98.4444
1950.79	99.7778
1952.83	100.444
1954.86	103.778
1956.89	97.3333
1958.93	95.5556
1960.96	100
1962.99	99.7778
1965.03	98.8889
1967.06	96.6667
1969.09	102.444
1971.12	102.444
1973.14	104.889
1975.17	100
1977.2	100.222
1979.23	98.4444
1981.25	100
1983.28	103.111
1985.31	105.778
1987.33	100.222
1989.36	99.7778
1991.38	101.778
1993.4	100
1995.42	98.4444
1997.45	100.667
1999.47	102
2001.49	99.1111
2003.51	101.333
2005.53	100
2007.55	101.778
2009.56	98.6667
2011.58	104.667
2013.6	98
2015.61	101.333
2017.63	101.778
2019.65	99.5556
2021.66	103.556
2023.67	99.5556
2025.69	99.7778
2027.7	99.5556
2029.71	103.333
2031.72	106.444
2033.73	103.333
2035.74	101.778
2037.75	104
2039.76	105.333
2041.77	99.1111
2043.78	104
2045.79	99.3333
2047.79	102.889
2049.8	102.222
2051.8	102.222
2053.81	102.444
2055.81	100.444
2057.82	100.444
2059.82	105.778
2061.82	100.222
2063.82	102.667
2065.83	102.889
2067.83	101.556
2069.83	103.778
2071.83	104.222
2073.82	100.667
2075.82	103.556
2077.82	108
2079.82	106
2081.81	107.333
2083.81	102.444
2085.8	105.778
2087.8	108.889
2089.79	104.889
2091.79	103.333
2093.78	109.333
2095.77	102
2097.76	103.333
2099.76	102.889
2101.75	107.556
2103.74	101.556
2105.72	107.333
2107.71	103.556
2109.7	99.3333
2111.69	104.889
2113.68	106
2115.66	103.111
2117.65	100.444
2119.63	106
2121.62	104.667
2123.6	106.667
2125.59	104.889
2127.57	106
2129.55	110.222
2131.53	106.667
2133.51	106.667
2135.49	109.111
2137.47	106.889
2139.45	107.111
2141.43	107.333
2143.41	105.556
2145.39	104.222
2147.36	110.667
2149.34	105.556
2151.32	105.333
2153.29	107.333
2155.27	107.333
2157.24	108.889
2159.21	109.778
2161.19	109.556
2163.16	107.556
2165.13	108.889
2167.1	111.556
2169.07	109.556
2171.04	112.444
2173.01	106
2174.98	107.333
2176.95	108
2178.92	115.778
2180.88	106.889
2182.85	108.667
2184.81	111.778
2186.78	110
2188.74	110.889
2190.71	108.889
2192.67	111.556
2194.63	110.889
2196.6	110.889
2198.56	112.444
2200.52	113.111
2202.48	109.111
2204.44	108.222
2206.4	108.667
2208.36	110.667
2210.32	105.778
2212.28	111.556
2214.23	110.889
2216.19	107.333
2218.14	110.889
2220.1	107.778
2222.05	110
2224.01	107.778
2225.96	111.333
2227.91	112
2229.87	107.778
2231.82	110.444
2233.77	108.444
2235.72	105.556
2237.67	113.333
2239.62	113.333
2241.57	111.556
2243.52	108.667
2245.47	112
2247.41	113.333
2249.36	109.333
2251.31	111.778
2253.25	108.222
2255.2	113.778
2257.14	113.333
2259.09	112.667
2261.03	109.556
2262.97	113.333
2264.91	110.667
2266.85	108.444
2268.8	110.222
2270.74	110.222
2272.68	111.778
2274.61	114.222
2276.55	109.778
2278.49	114.444
2280.43	115.333
2282.37	110.222
2284.3	109.333
2286.24	110.667
2288.17	110.889
2290.11	113.111
2292.04	110
2293.98	114
2295.91	110.444
2297.84	112
2299.77	116.444
2301.7	110
2303.64	109.111
2305.56	111.333
2307.49	106.667
2309.42	112.222
2311.35	106
2313.28	109.778
2315.21	107.778
2317.13	111.556
2319.06	109.333
2320.99	110.667
2322.91	108.444
2324.84	112.222
2326.76	114
2328.68	114
2330.6	109.556
2332.53	110.444
2334.45	110.889
2336.37	114.222
2338.29	110.667
2340.21	111.556
2342.13	112.222
2344.05	111.556
2345.97	105.778
2347.89	111.778
2349.8	109.556
2351.72	107.778
2353.63	108.889
2355.55	114.667
2357.47	110.222
2359.38	110.444
2361.29	113.778
2363.21	111.556
2365.12	112.667
2367.03	110.889
2368.94	110.222
2370.85	112
2372.76	111.556
2374.67	109.556
2376.58	112
2378.49	111.333
2380.4	110.667
2382.31	116.444
2384.21	112.444
2386.12	114.667
2388.03	111.333
2389.93	114.222
2391.84	110.444
2393.74	114.889
2395.64	115.333
2397.55	112.889
2399.45	112.667
2401.35	114
2403.25	112.667
2405.15	108.889
2407.05	117.333
2408.95	111.778
2410.85	113.778
2412.75	111.556
2414.65	114.222
2416.55	110.667
2418.45	116
2420.34	117.333
2422.24	116.444
2424.13	116.444
2426.03	120.222
2427.92	118.222
2429.82	118.667
2431.71	118.889
2433.6	119.111
2435.49	114
2437.39	121.333
2439.28	115.111
2441.17	117.778
2443.06	110.444
2444.95	115.111
2446.83	118.889
2448.72	117.778
2450.61	118.889
2452.5	119.333
2454.39	119.333
