204.377	500
206.045	490
207.713	488
209.38	502
211.048	508
212.715	474
214.381	498
216.047	492
217.712	488
219.377	520
221.042	514
222.706	532
224.369	530
226.032	552
227.695	594
229.357	604
231.019	664
232.68	682
234.341	698
236.001	674
237.661	682
239.321	614
240.98	564
242.639	512
244.297	460
245.955	428
247.612	366
249.268	336
250.924	306
252.58	274
254.236	256
255.891	256
257.546	228
259.2	216
260.854	182
262.507	210
264.16	200
265.812	186
267.463	184
269.115	176
270.766	184
272.417	172
274.067	170
275.717	170
277.365	180
279.014	172
280.663	174
282.311	172
283.958	182
285.605	180
287.252	204
288.898	208
290.543	226
292.188	236
293.833	264
295.477	260
297.121	266
298.765	252
300.407	244
302.05	224
303.693	214
305.334	198
306.975	184
308.615	182
310.256	180
311.896	172
313.535	172
315.175	174
316.813	176
318.451	166
320.089	170
321.726	168
323.362	166
324.999	176
326.635	188
328.271	184
329.905	168
331.54	174
333.174	192
334.807	178
336.441	190
338.074	172
339.707	186
341.338	168
342.969	158
344.601	150
346.231	158
347.861	162
349.491	172
351.12	152
352.749	160
354.378	172
356.006	144
357.633	160
359.261	154
360.887	140
362.513	146
364.139	140
365.764	148
367.39	134
369.014	150
370.638	158
372.261	136
373.884	140
375.508	130
377.13	126
378.752	136
380.373	134
381.994	118
383.615	138
385.235	136
386.854	122
388.473	132
390.092	134
391.711	142
393.328	128
394.947	144
396.564	148
398.181	136
399.797	148
401.412	146
403.027	144
404.642	144
406.257	152
407.871	158
409.484	160
411.098	176
412.711	178
414.323	182
415.935	172
417.547	170
419.158	162
420.768	142
422.378	126
423.988	130
425.597	122
427.206	114
428.814	110
430.422	106
432.03	110
433.637	102
435.243	102
436.85	104
438.456	100
440.062	94
441.666	96
443.271	88
444.876	92
446.479	96
448.082	90
449.685	84
451.287	88
452.89	84
454.492	84
456.092	80
457.693	84
459.293	86
460.893	82
462.492	82
464.092	86
465.691	88
467.288	94
468.887	102
470.483	118
472.081	106
473.677	118
475.273	124
476.869	126
478.463	142
480.059	150
481.653	162
483.247	168
484.84	186
486.433	182
488.026	160
489.618	134
491.21	112
492.801	116
494.392	94
495.983	92
497.573	94
499.162	78
500.752	90
502.341	88
503.929	86
505.517	84
507.105	90
508.692	96
510.279	110
511.865	134
513.45	134
515.037	138
516.621	122
518.206	120
519.79	102
521.374	102
522.957	110
524.54	110
526.123	114
527.705	140
529.287	146
530.868	164
532.448	180
534.029	210
535.609	238
537.188	232
538.768	258
540.346	256
541.925	232
543.502	220
545.08	218
546.657	160
548.234	154
549.81	154
551.386	134
552.961	130
554.536	140
556.11	158
557.684	166
559.258	180
560.832	206
562.405	282
563.977	350
565.55	490
567.12	668
568.692	886
570.263	1028
571.833	1032
573.403	898
574.973	658
576.542	438
578.111	324
579.679	244
581.247	194
582.815	184
584.382	202
585.948	188
587.514	168
589.081	170
590.645	170
592.211	150
593.775	164
595.339	160
596.904	138
598.466	136
600.03	124
601.592	112
603.154	94
604.715	98
606.277	100
607.838	94
609.398	110
610.958	98
612.518	104
614.077	118
615.636	138
617.194	162
618.753	246
620.31	326
621.867	306
623.424	194
624.98	158
626.537	130
628.092	132
629.647	122
631.202	112
632.756	116
634.31	116
635.864	110
637.417	106
638.969	98
640.521	98
642.074	98
643.625	96
645.176	98
646.726	82
648.276	94
649.827	82
651.376	80
652.925	70
654.473	72
656.021	64
657.569	74
659.117	70
660.664	64
662.21	60
663.757	68
665.302	68
666.847	70
668.392	68
669.937	62
671.481	56
673.025	62
674.568	58
676.111	60
677.653	62
679.195	66
680.737	72
682.279	62
683.82	64
685.36	58
686.9	64
688.44	68
689.979	64
691.517	62
693.056	60
694.594	66
696.132	60
697.669	68
699.206	66
700.742	76
702.278	68
703.814	72
705.35	76
706.884	68
708.419	66
709.953	80
711.487	80
713.019	84
714.552	80
716.085	90
717.617	86
719.148	86
720.68	88
722.21	84
723.741	100
725.271	96
726.8	82
728.33	90
729.858	92
731.387	82
732.915	90
734.443	98
735.97	88
737.497	106
739.023	108
740.549	118
742.075	108
743.6	120
745.125	128
746.65	136
748.173	132
749.697	126
751.22	132
752.743	136
754.266	140
755.788	140
757.309	144
758.831	124
760.351	140
761.871	124
763.392	112
764.912	128
766.431	116
767.95	112
769.468	116
770.986	112
772.504	108
774.022	124
775.538	118
777.055	118
778.571	114
780.086	124
781.602	130
783.117	114
784.632	142
786.146	150
787.659	152
789.173	156
790.685	154
792.198	162
793.71	162
795.222	158
796.733	158
798.244	124
799.755	136
801.265	128
802.775	120
804.284	124
805.793	102
807.302	110
808.81	104
810.318	100
811.826	94
813.333	90
814.84	90
816.346	92
817.851	78
819.357	86
820.862	88
822.367	92
823.871	92
825.376	98
826.878	120
828.382	138
829.885	184
831.387	254
832.889	306
834.391	292
835.892	242
837.392	176
838.893	130
840.393	120
841.893	114
843.392	106
844.891	104
846.389	110
847.888	96
849.386	106
850.882	94
852.38	98
853.876	94
855.372	88
856.868	88
858.363	90
859.858	86
861.353	88
862.847	84
864.341	78
865.834	88
867.328	86
868.82	80
870.313	76
871.805	82
873.296	82
874.787	80
876.278	74
877.769	68
879.258	82
880.748	78
882.237	76
883.726	74
885.214	72
886.702	82
888.19	72
889.677	72
891.164	78
892.651	76
894.137	70
895.623	78
897.108	78
898.593	74
900.077	78
901.562	76
903.046	82
904.529	84
906.012	78
907.495	82
908.977	80
910.459	84
911.941	72
913.422	80
914.903	80
916.383	72
917.863	76
919.343	70
920.822	72
922.301	70
923.779	74
925.257	68
926.735	70
928.213	72
929.69	72
931.166	68
932.643	68
934.119	70
935.594	76
937.069	72
938.543	80
940.018	70
941.492	82
942.966	78
944.439	92
945.911	90
947.384	90
948.856	98
950.328	116
951.799	122
953.27	138
954.741	168
956.21	180
957.68	186
959.15	202
960.619	206
962.088	210
963.556	184
965.023	168
966.491	148
967.958	148
969.425	132
970.891	118
972.357	116
973.824	112
975.288	114
976.754	96
978.218	98
979.682	116
981.146	106
982.609	112
984.072	148
985.534	136
986.997	160
988.459	200
989.92	246
991.382	300
992.842	306
994.302	310
995.763	356
997.222	534
998.681	860
1000.14	1200
1001.6	1274
1003.06	1036
1004.52	670
1005.97	422
1007.43	254
1008.89	182
1010.34	128
1011.8	118
1013.25	108
1014.71	104
1016.16	112
1017.62	114
1019.07	112
1020.53	134
1021.98	142
1023.43	158
1024.89	192
1026.34	250
1027.79	296
1029.24	356
1030.69	384
1032.14	376
1033.59	324
1035.04	276
1036.49	230
1037.94	188
1039.39	174
1040.84	142
1042.29	126
1043.73	120
1045.18	102
1046.63	106
1048.08	104
1049.52	90
1050.97	100
1052.41	94
1053.86	102
1055.3	90
1056.75	96
1058.19	98
1059.64	90
1061.08	94
1062.52	98
1063.96	102
1065.41	98
1066.85	106
1068.29	104
1069.73	96
1071.17	98
1072.61	100
1074.05	96
1075.49	98
1076.93	90
1078.37	88
1079.81	102
1081.25	94
1082.68	98
1084.12	100
1085.56	98
1087	102
1088.43	100
1089.87	104
1091.3	100
1092.74	102
1094.17	112
1095.61	104
1097.04	100
1098.48	98
1099.91	100
1101.34	102
1102.78	106
1104.21	110
1105.64	114
1107.07	142
1108.5	158
1109.93	186
1111.36	214
1112.8	202
1114.22	170
1115.65	148
1117.08	130
1118.51	106
1119.94	100
1121.37	92
1122.8	96
1124.22	86
1125.65	84
1127.08	90
1128.5	80
1129.93	82
1131.35	80
1132.78	80
1134.2	80
1135.63	86
1137.05	86
1138.48	82
1139.9	96
1141.32	100
1142.75	94
1144.17	94
1145.59	90
1147.01	98
1148.43	104
1149.85	118
1151.27	134
1152.69	160
1154.11	178
1155.53	196
1156.95	172
1158.37	156
1159.79	148
1161.21	134
1162.62	134
1164.04	120
1165.46	120
1166.87	116
1168.29	112
1169.71	124
1171.12	136
1172.54	134
1173.95	142
1175.37	156
1176.78	180
1178.19	214
1179.61	246
1181.02	260
1182.43	270
1183.84	266
1185.26	276
1186.67	252
1188.08	254
1189.49	246
1190.9	246
1192.31	238
1193.72	234
1195.13	250
1196.54	244
1197.95	254
1199.36	250
1200.76	246
1202.17	238
1203.58	232
1204.99	218
1206.39	194
1207.8	182
1209.2	176
1210.61	158
1212.01	134
1213.42	134
1214.82	134
1216.23	128
1217.63	122
1219.03	134
1220.44	118
1221.84	124
1223.24	108
1224.64	118
1226.05	132
1227.45	132
1228.85	132
1230.25	130
1231.65	120
1233.05	124
1234.45	110
1235.85	110
1237.25	114
1238.64	106
1240.04	108
1241.44	102
1242.84	106
1244.23	106
1245.63	116
1247.03	100
1248.42	102
1249.82	114
1251.21	110
1252.61	102
1254	102
1255.4	94
1256.79	104
1258.19	110
1259.58	112
1260.97	108
1262.36	110
1263.76	112
1265.15	112
1266.54	110
1267.93	108
1269.32	108
1270.71	112
1272.1	110
1273.49	112
1274.88	112
1276.27	112
1277.66	114
1279.05	120
1280.43	112
1281.82	122
1283.21	130
1284.6	124
1285.98	140
1287.37	128
1288.75	128
1290.14	140
1291.53	148
1292.91	156
1294.29	168
1295.68	194
1297.06	206
1298.45	222
1299.83	256
1301.21	324
1302.59	370
1303.98	430
1305.36	426
1306.74	384
1308.12	334
1309.5	290
1310.88	258
1312.26	214
1313.64	212
1315.02	204
1316.4	178
1317.78	192
1319.16	164
1320.53	180
1321.91	186
1323.29	186
1324.67	176
1326.04	190
1327.42	188
1328.79	198
1330.17	174
1331.54	190
1332.92	176
1334.29	164
1335.67	178
1337.04	170
1338.42	166
1339.79	168
1341.16	178
1342.53	154
1343.91	166
1345.28	158
1346.65	170
1348.02	170
1349.39	174
1350.76	160
1352.13	186
1353.5	176
1354.87	170
1356.24	170
1357.61	160
1358.98	168
1360.34	172
1361.71	176
1363.08	158
1364.45	174
1365.81	166
1367.18	160
1368.54	182
1369.91	190
1371.28	176
1372.64	206
1374.01	224
1375.37	260
1376.73	252
1378.1	286
1379.46	294
1380.82	294
1382.19	272
1383.55	256
1384.91	230
1386.27	202
1387.63	182
1388.99	168
1390.35	170
1391.71	164
1393.07	152
1394.43	140
1395.79	150
1397.15	148
1398.51	150
1399.87	154
1401.23	150
1402.58	156
1403.94	142
1405.3	140
1406.65	148
1408.01	148
1409.37	138
1410.72	152
1412.08	160
1413.43	134
1414.79	152
1416.14	160
1417.49	140
1418.85	162
1420.2	164
1421.55	156
1422.91	144
1424.26	164
1425.61	164
1426.96	160
1428.31	156
1429.66	178
1431.01	172
1432.36	178
1433.71	180
1435.06	180
1436.41	192
1437.76	182
1439.11	214
1440.46	198
1441.81	196
1443.15	202
1444.5	220
1445.85	196
1447.19	216
1448.54	202
1449.89	196
1451.23	212
1452.58	200
1453.92	182
1455.27	190
1456.61	176
1457.95	180
1459.3	160
1460.64	148
1461.98	150
1463.33	146
1464.67	144
1466.01	140
1467.35	142
1468.69	146
1470.03	136
1471.37	142
1472.71	128
1474.05	136
1475.39	138
1476.73	132
1478.07	134
1479.41	130
1480.75	136
1482.09	124
1483.42	130
1484.76	124
1486.1	124
1487.43	130
1488.77	136
1490.11	132
1491.44	118
1492.78	132
1494.11	128
1495.45	122
1496.78	120
1498.12	112
1499.45	114
1500.78	110
1502.11	108
1503.45	112
1504.78	114
1506.11	108
1507.44	116
1508.77	116
1510.11	124
1511.44	114
1512.77	112
1514.1	124
1515.43	106
1516.76	110
1518.08	114
1519.41	110
1520.74	120
1522.07	108
1523.4	110
1524.72	110
1526.05	112
1527.38	122
1528.7	102
1530.03	112
1531.36	100
1532.68	120
1534.01	120
1535.33	102
1536.66	112
1537.98	120
1539.3	108
1540.63	106
1541.95	122
1543.27	118
1544.6	114
1545.92	114
1547.24	112
1548.56	106
1549.88	110
1551.2	108
1552.52	110
1553.84	116
1555.17	108
1556.48	114
1557.8	102
1559.12	120
1560.44	100
1561.76	116
1563.08	118
1564.4	108
1565.71	108
1567.03	124
1568.35	112
1569.66	118
1570.98	122
1572.29	128
1573.61	142
1574.93	132
1576.24	146
1577.55	156
1578.87	162
1580.18	178
1581.5	210
1582.81	224
1584.12	216
1585.43	204
1586.75	202
1588.06	174
1589.37	196
1590.68	214
1591.99	222
1593.3	234
1594.61	258
1595.92	284
1597.23	328
1598.54	362
1599.85	422
1601.16	428
1602.47	444
1603.78	398
1605.08	368
1606.39	338
1607.7	280
1609	260
1610.31	242
1611.62	208
1612.92	192
1614.23	194
1615.53	158
1616.84	156
1618.14	152
1619.45	142
1620.75	138
1622.06	120
1623.36	120
1624.66	110
1625.96	108
1627.27	110
1628.57	106
1629.87	114
1631.17	98
1632.47	98
1633.77	104
1635.07	100
1636.37	100
1637.67	104
1638.97	102
1640.27	100
1641.57	106
1642.87	100
1644.17	92
1645.47	98
1646.76	98
1648.06	100
1649.36	94
1650.66	96
1651.95	90
1653.25	96
1654.54	92
1655.84	82
1657.13	94
1658.43	88
1659.72	82
1661.02	90
1662.31	92
1663.6	90
1664.9	88
1666.19	88
1667.48	92
1668.78	86
1670.07	88
1671.36	82
1672.65	90
1673.94	74
1675.23	84
1676.52	88
1677.81	92
1679.1	86
1680.39	92
1681.68	82
1682.97	84
1684.26	76
1685.55	84
1686.83	88
1688.12	86
1689.41	90
1690.7	84
1691.98	88
1693.27	92
1694.55	82
1695.84	82
1697.13	82
1698.41	86
1699.69	80
1700.98	84
1702.26	88
