204.377	670
206.045	616
207.713	638
209.38	656
211.048	672
212.715	640
214.381	648
216.047	636
217.712	662
219.377	650
221.042	672
222.706	684
224.369	724
226.032	734
227.695	756
229.357	784
231.019	822
232.68	832
234.341	874
236.001	888
237.661	830
239.321	724
240.98	732
242.639	640
244.297	584
245.955	534
247.612	462
249.268	444
250.924	396
252.58	356
254.236	344
255.891	306
257.546	294
259.2	284
260.854	260
262.507	258
264.16	254
265.812	242
267.463	234
269.115	234
270.766	232
272.417	218
274.067	232
275.717	228
277.365	226
279.014	206
280.663	232
282.311	224
283.958	238
285.605	252
287.252	256
288.898	278
290.543	268
292.188	302
293.833	312
295.477	330
297.121	318
298.765	304
300.407	300
302.05	282
303.693	264
305.334	268
306.975	234
308.615	248
310.256	248
311.896	220
313.535	232
315.175	214
316.813	210
318.451	216
320.089	214
321.726	216
323.362	214
324.999	232
326.635	206
328.271	222
329.905	242
331.54	234
333.174	246
334.807	242
336.441	224
338.074	224
339.707	234
341.338	214
342.969	200
344.601	196
346.231	202
347.861	210
349.491	212
351.12	202
352.749	208
354.378	208
356.006	218
357.633	212
359.261	186
360.887	188
362.513	194
364.139	196
365.764	182
367.39	186
369.014	192
370.638	194
372.261	190
373.884	186
375.508	192
377.13	182
378.752	184
380.373	172
381.994	168
383.615	186
385.235	174
386.854	162
388.473	174
390.092	164
391.711	172
393.328	166
394.947	168
396.564	192
398.181	184
399.797	180
401.412	192
403.027	186
404.642	200
406.257	204
407.871	206
409.484	216
411.098	228
412.711	232
414.323	224
415.935	220
417.547	226
419.158	202
420.768	178
422.378	180
423.988	176
425.597	156
427.206	152
428.814	142
430.422	140
432.03	146
433.637	134
435.243	142
436.85	128
438.456	130
440.062	128
441.666	128
443.271	124
444.876	122
446.479	118
448.082	120
449.685	122
451.287	124
452.89	114
454.492	126
456.092	110
457.693	104
459.293	114
460.893	116
462.492	114
464.092	110
465.691	118
467.288	120
468.887	136
470.483	134
472.081	150
473.677	164
475.273	162
476.869	172
478.463	190
480.059	192
481.653	188
483.247	210
484.84	216
486.433	222
488.026	198
489.618	168
491.21	144
492.801	140
494.392	132
495.983	122
497.573	130
499.162	114
500.752	114
502.341	112
503.929	128
505.517	122
507.105	128
508.692	114
510.279	140
511.865	160
513.45	174
515.037	158
516.621	146
518.206	136
519.79	130
521.374	136
522.957	132
524.54	152
526.123	144
527.705	164
529.287	176
530.868	212
532.448	244
534.029	272
535.609	306
537.188	310
538.768	302
540.346	322
541.925	286
543.502	286
545.08	254
546.657	228
548.234	204
549.81	174
551.386	170
552.961	182
554.536	202
556.11	194
557.684	198
559.258	228
560.832	270
562.405	314
563.977	438
565.55	576
567.12	804
568.692	1052
570.263	1240
571.833	1248
573.403	1076
574.973	824
576.542	548
578.111	398
579.679	316
581.247	246
582.815	230
584.382	228
585.948	222
587.514	232
589.081	222
590.645	196
592.211	204
593.775	194
595.339	182
596.904	178
598.466	170
600.03	138
601.592	136
603.154	134
604.715	136
606.277	132
607.838	138
609.398	134
610.958	138
612.518	148
614.077	148
615.636	184
617.194	238
618.753	332
620.31	418
621.867	404
623.424	294
624.98	210
626.537	168
628.092	168
629.647	152
631.202	162
632.756	142
634.31	148
635.864	148
637.417	136
638.969	132
640.521	130
642.074	122
643.625	120
645.176	114
646.726	114
648.276	94
649.827	114
651.376	92
652.925	96
654.473	90
656.021	90
657.569	82
659.117	90
660.664	80
662.21	90
663.757	88
665.302	84
666.847	80
668.392	90
669.937	88
671.481	90
673.025	78
674.568	78
676.111	88
677.653	72
679.195	68
680.737	78
682.279	82
683.82	88
685.36	80
686.9	80
688.44	82
689.979	82
691.517	78
693.056	90
694.594	80
696.132	90
697.669	78
699.206	90
700.742	92
702.278	94
703.814	92
705.35	90
706.884	96
708.419	104
709.953	106
711.487	112
713.019	106
714.552	122
716.085	110
717.617	96
719.148	112
720.68	118
722.21	112
723.741	126
725.271	122
726.8	110
728.33	108
729.858	104
731.387	116
732.915	124
734.443	128
735.97	124
737.497	138
739.023	148
740.549	140
742.075	158
743.6	162
745.125	154
746.65	170
748.173	180
749.697	178
751.22	172
752.743	178
754.266	178
755.788	180
757.309	188
758.831	168
760.351	176
761.871	166
763.392	166
764.912	168
766.431	162
767.95	152
769.468	152
770.986	152
772.504	162
774.022	154
775.538	154
777.055	156
778.571	150
780.086	162
781.602	184
783.117	170
784.632	192
786.146	174
787.659	208
789.173	208
790.685	198
792.198	218
793.71	208
795.222	224
796.733	204
798.244	200
799.755	184
801.265	170
802.775	156
804.284	154
805.793	146
807.302	134
808.81	134
810.318	124
811.826	134
813.333	126
814.84	130
816.346	108
817.851	122
819.357	110
820.862	114
822.367	112
823.871	120
825.376	128
826.878	144
828.382	170
829.885	228
831.387	296
832.889	362
834.391	360
835.892	298
837.392	208
838.893	174
840.393	156
841.893	144
843.392	144
844.891	134
846.389	132
847.888	124
849.386	118
850.882	126
852.38	118
853.876	128
855.372	116
856.868	122
858.363	114
859.858	120
861.353	110
862.847	114
864.341	104
865.834	110
867.328	94
868.82	104
870.313	108
871.805	86
873.296	102
874.787	100
876.278	104
877.769	100
879.258	104
880.748	92
882.237	94
883.726	92
885.214	108
886.702	100
888.19	98
889.677	98
891.164	104
892.651	92
894.137	96
895.623	106
897.108	98
898.593	106
900.077	100
901.562	118
903.046	112
904.529	114
906.012	114
907.495	118
908.977	108
910.459	110
911.941	106
913.422	92
914.903	106
916.383	86
917.863	88
919.343	96
920.822	92
922.301	90
923.779	88
925.257	90
926.735	86
928.213	94
929.69	98
931.166	94
932.643	94
934.119	92
935.594	94
937.069	98
938.543	96
940.018	90
941.492	96
942.966	100
944.439	108
945.911	114
947.384	110
948.856	120
950.328	142
951.799	154
953.27	172
954.741	202
956.21	222
957.68	258
959.15	242
960.619	276
962.088	250
963.556	236
965.023	226
966.491	194
967.958	188
969.425	176
970.891	162
972.357	158
973.824	148
975.288	136
976.754	138
978.218	130
979.682	148
981.146	158
982.609	148
984.072	170
985.534	188
986.997	206
988.459	282
989.92	372
991.382	450
992.842	462
994.302	454
995.763	490
997.222	688
998.681	1114
1000.14	1608
1001.6	1820
1003.06	1416
1004.52	972
1005.97	580
1007.43	352
1008.89	218
1010.34	198
1011.8	154
1013.25	152
1014.71	144
1016.16	134
1017.62	144
1019.07	158
1020.53	166
1021.98	194
1023.43	216
1024.89	248
1026.34	316
1027.79	418
1029.24	462
1030.69	516
1032.14	514
1033.59	450
1035.04	378
1036.49	306
1037.94	256
1039.39	226
1040.84	192
1042.29	154
1043.73	154
1045.18	158
1046.63	128
1048.08	140
1049.52	120
1050.97	124
1052.41	114
1053.86	126
1055.3	114
1056.75	120
1058.19	116
1059.64	120
1061.08	126
1062.52	128
1063.96	132
1065.41	130
1066.85	130
1068.29	136
1069.73	136
1071.17	132
1072.61	132
1074.05	138
1075.49	132
1076.93	122
1078.37	132
1079.81	140
1081.25	134
1082.68	140
1084.12	136
1085.56	130
1087	132
1088.43	126
1089.87	144
1091.3	128
1092.74	128
1094.17	138
1095.61	138
1097.04	136
1098.48	130
1099.91	142
1101.34	142
1102.78	138
1104.21	142
1105.64	150
1107.07	164
1108.5	198
1109.93	228
1111.36	256
1112.8	258
1114.22	220
1115.65	186
1117.08	156
1118.51	128
1119.94	132
1121.37	132
1122.8	114
1124.22	120
1125.65	118
1127.08	114
1128.5	108
1129.93	112
1131.35	108
1132.78	110
1134.2	116
1135.63	112
1137.05	114
1138.48	122
1139.9	112
1141.32	130
1142.75	132
1144.17	138
1145.59	136
1147.01	142
1148.43	162
1149.85	166
1151.27	208
1152.69	238
1154.11	250
1155.53	256
1156.95	258
1158.37	228
1159.79	190
1161.21	184
1162.62	158
1164.04	160
1165.46	164
1166.87	170
1168.29	162
1169.71	164
1171.12	176
1172.54	186
1173.95	194
1175.37	240
1176.78	242
1178.19	294
1179.61	318
1181.02	332
1182.43	374
1183.84	370
1185.26	366
1186.67	352
1188.08	338
1189.49	338
1190.9	316
1192.31	340
1193.72	354
1195.13	348
1196.54	364
1197.95	360
1199.36	374
1200.76	350
1202.17	328
1203.58	312
1204.99	300
1206.39	290
1207.8	276
1209.2	236
1210.61	230
1212.01	198
1213.42	190
1214.82	174
1216.23	172
1217.63	168
1219.03	166
1220.44	186
1221.84	180
1223.24	170
1224.64	172
1226.05	182
1227.45	196
1228.85	178
1230.25	180
1231.65	174
1233.05	166
1234.45	164
1235.85	168
1237.25	152
1238.64	154
1240.04	154
1241.44	146
1242.84	150
1244.23	154
1245.63	140
1247.03	150
1248.42	148
1249.82	160
1251.21	160
1252.61	156
1254	162
1255.4	152
1256.79	148
1258.19	160
1259.58	168
1260.97	168
1262.36	152
1263.76	164
1265.15	160
1266.54	168
1267.93	168
1269.32	172
1270.71	160
1272.1	148
1273.49	156
1274.88	160
1276.27	170
1277.66	176
1279.05	172
1280.43	172
1281.82	176
1283.21	186
1284.6	186
1285.98	182
1287.37	204
1288.75	202
1290.14	188
1291.53	226
1292.91	222
1294.29	244
1295.68	264
1297.06	276
1298.45	316
1299.83	350
1301.21	422
1302.59	490
1303.98	522
1305.36	546
1306.74	506
1308.12	444
1309.5	408
1310.88	342
1312.26	330
1313.64	302
1315.02	290
1316.4	280
1317.78	276
1319.16	272
1320.53	274
1321.91	268
1323.29	294
1324.67	270
1326.04	300
1327.42	304
1328.79	294
1330.17	284
1331.54	278
1332.92	272
1334.29	274
1335.67	282
1337.04	252
1338.42	274
1339.79	252
1341.16	256
1342.53	264
1343.91	278
1345.28	274
1346.65	274
1348.02	282
1349.39	292
1350.76	284
1352.13	274
1353.5	262
1354.87	282
1356.24	280
1357.61	274
1358.98	278
1360.34	266
1361.71	278
1363.08	280
1364.45	274
1365.81	302
1367.18	298
1368.54	280
1369.91	298
1371.28	310
1372.64	332
1374.01	364
1375.37	396
1376.73	398
1378.1	412
1379.46	444
1380.82	428
1382.19	410
1383.55	400
1384.91	354
1386.27	342
1387.63	322
1388.99	300
1390.35	286
1391.71	278
1393.07	264
1394.43	262
1395.79	266
1397.15	254
1398.51	258
1399.87	260
1401.23	246
1402.58	248
1403.94	244
1405.3	252
1406.65	242
1408.01	240
1409.37	244
1410.72	236
1412.08	226
1413.43	268
1414.79	250
1416.14	244
1417.49	254
1418.85	246
1420.2	266
1421.55	254
1422.91	268
1424.26	258
1425.61	250
1426.96	254
1428.31	274
1429.66	282
1431.01	256
1432.36	270
1433.71	274
1435.06	286
1436.41	306
1437.76	292
1439.11	304
1440.46	304
1441.81	312
1443.15	318
1444.5	316
1445.85	300
1447.19	304
1448.54	318
1449.89	312
1451.23	308
1452.58	294
1453.92	298
1455.27	280
1456.61	270
1457.95	268
1459.3	248
1460.64	254
1461.98	228
1463.33	236
1464.67	242
1466.01	234
1467.35	232
1468.69	228
1470.03	214
1471.37	218
1472.71	218
1474.05	220
1475.39	226
1476.73	208
1478.07	218
1479.41	184
1480.75	200
1482.09	212
1483.42	198
1484.76	216
1486.1	204
1487.43	190
1488.77	202
1490.11	200
1491.44	196
1492.78	204
1494.11	214
1495.45	196
1496.78	178
1498.12	202
1499.45	176
1500.78	194
1502.11	196
1503.45	194
1504.78	190
1506.11	182
1507.44	186
1508.77	182
1510.11	186
1511.44	194
1512.77	192
1514.1	166
1515.43	188
1516.76	170
1518.08	182
1519.41	178
1520.74	184
1522.07	172
1523.4	178
1524.72	178
1526.05	174
1527.38	170
1528.7	172
1530.03	184
1531.36	176
1532.68	168
1534.01	174
1535.33	170
1536.66	180
1537.98	176
1539.3	176
1540.63	180
1541.95	184
1543.27	170
1544.6	186
1545.92	176
1547.24	180
1548.56	182
1549.88	182
1551.2	174
1552.52	186
1553.84	172
1555.17	178
1556.48	174
1557.8	176
1559.12	170
1560.44	182
1561.76	182
1563.08	164
1564.4	182
1565.71	194
1567.03	186
1568.35	182
1569.66	206
1570.98	190
1572.29	194
1573.61	194
1574.93	214
1576.24	224
1577.55	220
1578.87	262
1580.18	280
1581.5	304
1582.81	328
1584.12	330
1585.43	312
1586.75	288
1588.06	302
1589.37	278
1590.68	294
1591.99	320
1593.3	336
1594.61	374
1595.92	394
1597.23	460
1598.54	506
1599.85	576
1601.16	604
1602.47	610
1603.78	574
1605.08	516
1606.39	482
1607.7	420
1609	376
1610.31	334
1611.62	310
1612.92	300
1614.23	278
1615.53	248
1616.84	232
1618.14	230
1619.45	212
1620.75	196
1622.06	196
1623.36	174
1624.66	184
1625.96	174
1627.27	168
1628.57	172
1629.87	178
1631.17	168
1632.47	154
1633.77	166
1635.07	166
1636.37	166
1637.67	158
1638.97	156
1640.27	160
1641.57	154
1642.87	148
1644.17	158
1645.47	160
1646.76	160
1648.06	146
1649.36	146
1650.66	154
1651.95	152
1653.25	150
1654.54	150
1655.84	140
1657.13	148
1658.43	132
1659.72	142
1661.02	142
1662.31	140
1663.6	144
1664.9	140
1666.19	136
1667.48	144
1668.78	144
1670.07	132
1671.36	140
1672.65	148
1673.94	136
1675.23	136
1676.52	140
1677.81	122
1679.1	130
1680.39	134
1681.68	134
1682.97	130
1684.26	128
1685.55	132
1686.83	136
1688.12	128
1689.41	138
1690.7	132
1691.98	134
1693.27	128
1694.55	128
1695.84	126
1697.13	140
1698.41	132
1699.69	144
1700.98	130
1702.26	128
