204.377	642
206.045	628
207.713	640
209.38	646
211.048	644
212.715	632
214.381	652
216.047	652
217.712	658
219.377	674
221.042	668
222.706	672
224.369	706
226.032	706
227.695	744
229.357	734
231.019	806
232.68	844
234.341	848
236.001	808
237.661	842
239.321	750
240.98	698
242.639	626
244.297	576
245.955	524
247.612	476
249.268	450
250.924	394
252.58	362
254.236	340
255.891	308
257.546	292
259.2	278
260.854	254
262.507	258
264.16	234
265.812	240
267.463	232
269.115	234
270.766	224
272.417	226
274.067	204
275.717	226
277.365	214
279.014	212
280.663	218
282.311	224
283.958	216
285.605	246
287.252	248
288.898	256
290.543	278
292.188	304
293.833	300
295.477	310
297.121	318
298.765	298
300.407	284
302.05	268
303.693	274
305.334	238
306.975	214
308.615	228
310.256	232
311.896	214
313.535	214
315.175	210
316.813	210
318.451	206
320.089	218
321.726	218
323.362	224
324.999	226
326.635	240
328.271	212
329.905	218
331.54	226
333.174	236
334.807	222
336.441	220
338.074	210
339.707	220
341.338	196
342.969	196
344.601	210
346.231	202
347.861	196
349.491	210
351.12	206
352.749	214
354.378	194
356.006	200
357.633	184
359.261	194
360.887	176
362.513	180
364.139	184
365.764	190
367.39	170
369.014	186
370.638	180
372.261	192
373.884	182
375.508	182
377.13	162
378.752	174
380.373	174
381.994	174
383.615	170
385.235	158
386.854	166
388.473	166
390.092	166
391.711	162
393.328	174
394.947	156
396.564	176
398.181	180
399.797	172
401.412	184
403.027	186
404.642	206
406.257	194
407.871	206
409.484	218
411.098	210
412.711	214
414.323	226
415.935	208
417.547	194
419.158	172
420.768	172
422.378	166
423.988	156
425.597	146
427.206	160
428.814	146
430.422	138
432.03	132
433.637	130
435.243	126
436.85	118
438.456	120
440.062	118
441.666	116
443.271	124
444.876	126
446.479	114
448.082	110
449.685	104
451.287	102
452.89	102
454.492	110
456.092	104
457.693	96
459.293	106
460.893	98
462.492	106
464.092	106
465.691	106
467.288	120
468.887	122
470.483	126
472.081	136
473.677	146
475.273	150
476.869	164
478.463	180
480.059	178
481.653	188
483.247	206
484.84	202
486.433	202
488.026	174
489.618	158
491.21	146
492.801	138
494.392	136
495.983	132
497.573	122
499.162	116
500.752	110
502.341	104
503.929	110
505.517	118
507.105	106
508.692	134
510.279	128
511.865	158
513.45	162
515.037	170
516.621	152
518.206	140
519.79	140
521.374	134
522.957	138
524.54	148
526.123	152
527.705	160
529.287	174
530.868	210
532.448	236
534.029	248
535.609	270
537.188	288
538.768	306
540.346	298
541.925	282
543.502	272
545.08	256
546.657	242
548.234	188
549.81	180
551.386	184
552.961	164
554.536	174
556.11	194
557.684	192
559.258	228
560.832	260
562.405	322
563.977	426
565.55	588
567.12	764
568.692	1066
570.263	1206
571.833	1188
573.403	1006
574.973	790
576.542	554
578.111	400
579.679	308
581.247	254
582.815	234
584.382	232
585.948	222
587.514	200
589.081	210
590.645	200
592.211	196
593.775	190
595.339	186
596.904	172
598.466	156
600.03	154
601.592	148
603.154	124
604.715	124
606.277	132
607.838	132
609.398	130
610.958	124
612.518	138
614.077	140
615.636	170
617.194	212
618.753	330
620.31	450
621.867	410
623.424	294
624.98	222
626.537	164
628.092	144
629.647	144
631.202	138
632.756	148
634.31	138
635.864	130
637.417	126
638.969	138
640.521	118
642.074	122
643.625	104
645.176	106
646.726	104
648.276	94
649.827	94
651.376	86
652.925	90
654.473	88
656.021	94
657.569	88
659.117	88
660.664	90
662.21	86
663.757	82
665.302	82
666.847	78
668.392	80
669.937	80
671.481	74
673.025	74
674.568	78
676.111	74
677.653	76
679.195	78
680.737	72
682.279	68
683.82	78
685.36	68
686.9	80
688.44	74
689.979	74
691.517	72
693.056	88
694.594	76
696.132	84
697.669	86
699.206	94
700.742	82
702.278	90
703.814	94
705.35	86
706.884	92
708.419	94
709.953	84
711.487	100
713.019	98
714.552	104
716.085	110
717.617	102
719.148	102
720.68	106
722.21	108
723.741	112
725.271	126
726.8	120
728.33	108
729.858	108
731.387	100
732.915	110
734.443	112
735.97	134
737.497	128
739.023	134
740.549	150
742.075	148
743.6	158
745.125	166
746.65	172
748.173	172
749.697	170
751.22	174
752.743	182
754.266	192
755.788	182
757.309	176
758.831	180
760.351	174
761.871	168
763.392	158
764.912	158
766.431	150
767.95	158
769.468	148
770.986	144
772.504	164
774.022	156
775.538	142
777.055	150
778.571	150
780.086	156
781.602	176
783.117	178
784.632	188
786.146	178
787.659	206
789.173	204
790.685	222
792.198	216
793.71	210
795.222	206
796.733	206
798.244	196
799.755	194
801.265	166
802.775	166
804.284	136
805.793	136
807.302	132
808.81	130
810.318	136
811.826	128
813.333	122
814.84	120
816.346	114
817.851	98
819.357	110
820.862	104
822.367	110
823.871	114
825.376	120
826.878	138
828.382	162
829.885	226
831.387	300
832.889	370
834.391	356
835.892	278
837.392	220
838.893	166
840.393	158
841.893	154
843.392	130
844.891	134
846.389	120
847.888	122
849.386	120
850.882	120
852.38	122
853.876	100
855.372	110
856.868	108
858.363	108
859.858	114
861.353	106
862.847	106
864.341	110
865.834	104
867.328	108
868.82	110
870.313	98
871.805	104
873.296	110
874.787	90
876.278	92
877.769	98
879.258	106
880.748	108
882.237	96
883.726	86
885.214	92
886.702	104
888.19	84
889.677	98
891.164	90
892.651	92
894.137	98
895.623	96
897.108	96
898.593	98
900.077	104
901.562	112
903.046	102
904.529	110
906.012	108
907.495	110
908.977	108
910.459	98
911.941	100
913.422	102
914.903	88
916.383	92
917.863	86
919.343	84
920.822	88
922.301	84
923.779	90
925.257	90
926.735	82
928.213	88
929.69	88
931.166	92
932.643	82
934.119	94
935.594	90
937.069	78
938.543	88
940.018	90
941.492	94
942.966	112
944.439	108
945.911	114
947.384	122
948.856	136
950.328	138
951.799	158
953.27	178
954.741	192
956.21	212
957.68	248
959.15	246
960.619	252
962.088	234
963.556	240
965.023	206
966.491	212
967.958	188
969.425	174
970.891	170
972.357	154
973.824	134
975.288	154
976.754	128
978.218	126
979.682	148
981.146	140
982.609	154
984.072	166
985.534	192
986.997	216
988.459	256
989.92	324
991.382	374
992.842	408
994.302	374
995.763	468
997.222	694
998.681	1160
1000.14	1696
1001.6	1906
1003.06	1552
1004.52	1016
1005.97	608
1007.43	370
1008.89	254
1010.34	186
1011.8	156
1013.25	156
1014.71	134
1016.16	130
1017.62	148
1019.07	150
1020.53	168
1021.98	198
1023.43	226
1024.89	254
1026.34	324
1027.79	400
1029.24	466
1030.69	522
1032.14	508
1033.59	460
1035.04	396
1036.49	292
1037.94	258
1039.39	214
1040.84	190
1042.29	170
1043.73	156
1045.18	142
1046.63	136
1048.08	128
1049.52	130
1050.97	124
1052.41	126
1053.86	122
1055.3	126
1056.75	122
1058.19	124
1059.64	126
1061.08	116
1062.52	124
1063.96	126
1065.41	126
1066.85	126
1068.29	136
1069.73	136
1071.17	132
1072.61	132
1074.05	130
1075.49	122
1076.93	132
1078.37	126
1079.81	114
1081.25	130
1082.68	120
1084.12	122
1085.56	122
1087	128
1088.43	130
1089.87	134
1091.3	124
1092.74	122
1094.17	134
1095.61	124
1097.04	118
1098.48	124
1099.91	126
1101.34	136
1102.78	140
1104.21	142
1105.64	144
1107.07	168
1108.5	190
1109.93	232
1111.36	252
1112.8	242
1114.22	238
1115.65	178
1117.08	156
1118.51	152
1119.94	124
1121.37	124
1122.8	124
1124.22	116
1125.65	110
1127.08	112
1128.5	106
1129.93	112
1131.35	100
1132.78	102
1134.2	106
1135.63	106
1137.05	116
1138.48	110
1139.9	120
1141.32	110
1142.75	114
1144.17	126
1145.59	122
1147.01	130
1148.43	150
1149.85	164
1151.27	196
1152.69	226
1154.11	262
1155.53	260
1156.95	254
1158.37	224
1159.79	204
1161.21	182
1162.62	186
1164.04	160
1165.46	168
1166.87	170
1168.29	162
1169.71	168
1171.12	178
1172.54	180
1173.95	194
1175.37	216
1176.78	242
1178.19	288
1179.61	336
1181.02	370
1182.43	360
1183.84	374
1185.26	336
1186.67	366
1188.08	348
1189.49	342
1190.9	348
1192.31	342
1193.72	334
1195.13	342
1196.54	350
1197.95	340
1199.36	340
1200.76	334
1202.17	348
1203.58	328
1204.99	310
1206.39	266
1207.8	254
1209.2	246
1210.61	210
1212.01	202
1213.42	182
1214.82	166
1216.23	166
1217.63	168
1219.03	168
1220.44	148
1221.84	158
1223.24	164
1224.64	162
1226.05	166
1227.45	174
1228.85	168
1230.25	176
1231.65	168
1233.05	158
1234.45	156
1235.85	152
1237.25	146
1238.64	132
1240.04	148
1241.44	142
1242.84	144
1244.23	142
1245.63	156
1247.03	142
1248.42	142
1249.82	134
1251.21	136
1252.61	148
1254	128
1255.4	142
1256.79	150
1258.19	148
1259.58	146
1260.97	140
1262.36	134
1263.76	142
1265.15	150
1266.54	138
1267.93	140
1269.32	134
1270.71	148
1272.1	152
1273.49	158
1274.88	158
1276.27	148
1277.66	168
1279.05	162
1280.43	166
1281.82	166
1283.21	170
1284.6	172
1285.98	180
1287.37	186
1288.75	196
1290.14	194
1291.53	210
1292.91	206
1294.29	210
1295.68	244
1297.06	266
1298.45	290
1299.83	338
1301.21	404
1302.59	458
1303.98	530
1305.36	518
1306.74	518
1308.12	434
1309.5	380
1310.88	316
1312.26	292
1313.64	288
1315.02	258
1316.4	274
1317.78	244
1319.16	266
1320.53	254
1321.91	248
1323.29	246
1324.67	264
1326.04	264
1327.42	254
1328.79	268
1330.17	262
1331.54	272
1332.92	256
1334.29	240
1335.67	246
1337.04	246
1338.42	242
1339.79	228
1341.16	232
1342.53	232
1343.91	240
1345.28	224
1346.65	238
1348.02	248
1349.39	242
1350.76	236
1352.13	244
1353.5	230
1354.87	238
1356.24	246
1357.61	244
1358.98	230
1360.34	240
1361.71	242
1363.08	240
1364.45	252
1365.81	242
1367.18	244
1368.54	258
1369.91	258
1371.28	268
1372.64	294
1374.01	324
1375.37	350
1376.73	368
1378.1	396
1379.46	406
1380.82	396
1382.19	388
1383.55	358
1384.91	304
1386.27	276
1387.63	262
1388.99	234
1390.35	222
1391.71	222
1393.07	212
1394.43	222
1395.79	212
1397.15	210
1398.51	208
1399.87	222
1401.23	222
1402.58	216
1403.94	226
1405.3	210
1406.65	214
1408.01	220
1409.37	218
1410.72	210
1412.08	202
1413.43	222
1414.79	206
1416.14	216
1417.49	214
1418.85	224
1420.2	224
1421.55	248
1422.91	230
1424.26	228
1425.61	224
1426.96	234
1428.31	238
1429.66	250
1431.01	242
1432.36	238
1433.71	242
1435.06	256
1436.41	250
1437.76	266
1439.11	280
1440.46	270
1441.81	284
1443.15	288
1444.5	272
1445.85	308
1447.19	280
1448.54	282
1449.89	298
1451.23	266
1452.58	276
1453.92	268
1455.27	260
1456.61	250
1457.95	218
1459.3	226
1460.64	212
1461.98	210
1463.33	210
1464.67	204
1466.01	202
1467.35	202
1468.69	198
1470.03	198
1471.37	182
1472.71	184
1474.05	204
1475.39	186
1476.73	186
1478.07	186
1479.41	194
1480.75	186
1482.09	182
1483.42	164
1484.76	178
1486.1	174
1487.43	172
1488.77	176
1490.11	160
1491.44	182
1492.78	172
1494.11	184
1495.45	166
1496.78	162
1498.12	168
1499.45	166
1500.78	170
1502.11	160
1503.45	186
1504.78	160
1506.11	152
1507.44	150
1508.77	168
1510.11	158
1511.44	164
1512.77	152
1514.1	150
1515.43	152
1516.76	164
1518.08	154
1519.41	158
1520.74	162
1522.07	156
1523.4	160
1524.72	166
1526.05	150
1527.38	148
1528.7	162
1530.03	162
1531.36	158
1532.68	162
1534.01	158
1535.33	158
1536.66	158
1537.98	156
1539.3	142
1540.63	156
1541.95	166
1543.27	144
1544.6	154
1545.92	152
1547.24	160
1548.56	160
1549.88	160
1551.2	156
1552.52	150
1553.84	156
1555.17	148
1556.48	158
1557.8	162
1559.12	154
1560.44	148
1561.76	158
1563.08	158
1564.4	162
1565.71	158
1567.03	150
1568.35	166
1569.66	170
1570.98	176
1572.29	172
1573.61	178
1574.93	178
1576.24	188
1577.55	202
1578.87	222
1580.18	258
1581.5	276
1582.81	326
1584.12	320
1585.43	296
1586.75	272
1588.06	266
1589.37	244
1590.68	280
1591.99	304
1593.3	314
1594.61	350
1595.92	392
1597.23	434
1598.54	506
1599.85	550
1601.16	604
1602.47	596
1603.78	570
1605.08	500
1606.39	468
1607.7	414
1609	332
1610.31	328
1611.62	280
1612.92	284
1614.23	244
1615.53	226
1616.84	218
1618.14	194
1619.45	198
1620.75	188
1622.06	172
1623.36	164
1624.66	172
1625.96	164
1627.27	150
1628.57	154
1629.87	140
1631.17	136
1632.47	128
1633.77	138
1635.07	134
1636.37	128
1637.67	136
1638.97	134
1640.27	122
1641.57	134
1642.87	138
1644.17	126
1645.47	126
1646.76	134
1648.06	130
1649.36	128
1650.66	126
1651.95	136
1653.25	138
1654.54	124
1655.84	126
1657.13	126
1658.43	118
1659.72	110
1661.02	120
1662.31	124
1663.6	116
1664.9	116
1666.19	116
1667.48	122
1668.78	110
1670.07	114
1671.36	124
1672.65	122
1673.94	120
1675.23	122
1676.52	108
1677.81	104
1679.1	120
1680.39	120
1681.68	110
1682.97	114
1684.26	104
1685.55	120
1686.83	126
1688.12	110
1689.41	118
1690.7	112
1691.98	116
1693.27	116
1694.55	116
1695.84	118
1697.13	108
1698.41	110
1699.69	112
1700.98	118
1702.26	108
