204.377	638
206.045	604
207.713	650
209.38	652
211.048	648
212.715	638
214.381	676
216.047	658
217.712	676
219.377	662
221.042	704
222.706	682
224.369	670
226.032	714
227.695	712
229.357	782
231.019	802
232.68	838
234.341	872
236.001	844
237.661	806
239.321	766
240.98	692
242.639	620
244.297	552
245.955	548
247.612	478
249.268	456
250.924	394
252.58	378
254.236	342
255.891	314
257.546	310
259.2	302
260.854	280
262.507	260
264.16	252
265.812	252
267.463	254
269.115	258
270.766	252
272.417	238
274.067	232
275.717	246
277.365	234
279.014	236
280.663	236
282.311	242
283.958	244
285.605	228
287.252	254
288.898	274
290.543	288
292.188	294
293.833	324
295.477	316
297.121	308
298.765	324
300.407	274
302.05	268
303.693	270
305.334	256
306.975	234
308.615	238
310.256	246
311.896	234
313.535	234
315.175	216
316.813	232
318.451	236
320.089	222
321.726	220
323.362	226
324.999	242
326.635	230
328.271	240
329.905	240
331.54	240
333.174	246
334.807	238
336.441	230
338.074	230
339.707	216
341.338	228
342.969	214
344.601	218
346.231	218
347.861	204
349.491	202
351.12	204
352.749	196
354.378	222
356.006	224
357.633	202
359.261	210
360.887	198
362.513	192
364.139	182
365.764	198
367.39	200
369.014	198
370.638	204
372.261	188
373.884	192
375.508	188
377.13	178
378.752	162
380.373	170
381.994	182
383.615	176
385.235	176
386.854	180
388.473	180
390.092	172
391.711	188
393.328	186
394.947	194
396.564	188
398.181	182
399.797	184
401.412	216
403.027	206
404.642	202
406.257	224
407.871	224
409.484	218
411.098	226
412.711	238
414.323	230
415.935	208
417.547	216
419.158	206
420.768	182
422.378	168
423.988	170
425.597	162
427.206	152
428.814	156
430.422	150
432.03	158
433.637	154
435.243	132
436.85	146
438.456	136
440.062	126
441.666	138
443.271	122
444.876	124
446.479	134
448.082	126
449.685	110
451.287	128
452.89	124
454.492	106
456.092	124
457.693	118
459.293	124
460.893	114
462.492	114
464.092	120
465.691	120
467.288	138
468.887	140
470.483	148
472.081	130
473.677	148
475.273	162
476.869	170
478.463	190
480.059	188
481.653	182
483.247	212
484.84	214
486.433	204
488.026	188
489.618	160
491.21	158
492.801	144
494.392	154
495.983	136
497.573	128
499.162	128
500.752	126
502.341	130
503.929	122
505.517	134
507.105	134
508.692	134
510.279	144
511.865	164
513.45	178
515.037	178
516.621	140
518.206	150
519.79	140
521.374	124
522.957	150
524.54	158
526.123	176
527.705	178
529.287	184
530.868	204
532.448	214
534.029	260
535.609	272
537.188	298
538.768	306
540.346	310
541.925	296
543.502	276
545.08	248
546.657	250
548.234	210
549.81	198
551.386	192
552.961	188
554.536	190
556.11	190
557.684	202
559.258	226
560.832	270
562.405	310
563.977	414
565.55	552
567.12	792
568.692	1022
570.263	1188
571.833	1138
573.403	1020
574.973	772
576.542	554
578.111	414
579.679	316
581.247	258
582.815	238
584.382	240
585.948	224
587.514	222
589.081	224
590.645	210
592.211	200
593.775	194
595.339	200
596.904	184
598.466	174
600.03	166
601.592	134
603.154	126
604.715	154
606.277	140
607.838	130
609.398	136
610.958	126
612.518	146
614.077	152
615.636	182
617.194	220
618.753	338
620.31	418
621.867	412
623.424	302
624.98	210
626.537	168
628.092	158
629.647	150
631.202	154
632.756	150
634.31	156
635.864	150
637.417	140
638.969	134
640.521	142
642.074	128
643.625	120
645.176	120
646.726	110
648.276	112
649.827	100
651.376	110
652.925	106
654.473	98
656.021	96
657.569	86
659.117	92
660.664	90
662.21	90
663.757	90
665.302	86
666.847	90
668.392	82
669.937	84
671.481	86
673.025	84
674.568	88
676.111	88
677.653	84
679.195	86
680.737	88
682.279	82
683.82	72
685.36	88
686.9	80
688.44	80
689.979	88
691.517	84
693.056	92
694.594	86
696.132	80
697.669	96
699.206	94
700.742	94
702.278	96
703.814	92
705.35	104
706.884	104
708.419	94
709.953	102
711.487	100
713.019	108
714.552	114
716.085	114
717.617	120
719.148	114
720.68	114
722.21	114
723.741	128
725.271	118
726.8	110
728.33	126
729.858	120
731.387	108
732.915	128
734.443	142
735.97	130
737.497	142
739.023	138
740.549	148
742.075	166
743.6	170
745.125	172
746.65	174
748.173	180
749.697	176
751.22	178
752.743	182
754.266	202
755.788	198
757.309	186
758.831	178
760.351	162
761.871	174
763.392	162
764.912	160
766.431	150
767.95	158
769.468	166
770.986	146
772.504	174
774.022	146
775.538	164
777.055	158
778.571	164
780.086	170
781.602	188
783.117	176
784.632	188
786.146	192
787.659	194
789.173	206
790.685	220
792.198	214
793.71	222
795.222	226
796.733	198
798.244	206
799.755	194
801.265	166
802.775	160
804.284	162
805.793	162
807.302	142
808.81	140
810.318	130
811.826	130
813.333	136
814.84	112
816.346	110
817.851	132
819.357	110
820.862	118
822.367	124
823.871	112
825.376	132
826.878	146
828.382	170
829.885	216
831.387	290
832.889	358
834.391	346
835.892	286
837.392	200
838.893	182
840.393	158
841.893	154
843.392	152
844.891	142
846.389	138
847.888	134
849.386	124
850.882	128
852.38	122
853.876	120
855.372	120
856.868	124
858.363	118
859.858	122
861.353	116
862.847	124
864.341	126
865.834	108
867.328	112
868.82	106
870.313	112
871.805	104
873.296	106
874.787	110
876.278	98
877.769	106
879.258	98
880.748	104
882.237	116
883.726	98
885.214	96
886.702	98
888.19	94
889.677	102
891.164	92
892.651	100
894.137	112
895.623	98
897.108	104
898.593	104
900.077	106
901.562	116
903.046	122
904.529	102
906.012	130
907.495	110
908.977	104
910.459	106
911.941	108
913.422	108
914.903	106
916.383	102
917.863	96
919.343	104
920.822	100
922.301	90
923.779	96
925.257	100
926.735	92
928.213	90
929.69	90
931.166	90
932.643	86
934.119	92
935.594	90
937.069	104
938.543	98
940.018	114
941.492	96
942.966	110
944.439	114
945.911	108
947.384	122
948.856	124
950.328	142
951.799	140
953.27	182
954.741	196
956.21	212
957.68	246
959.15	256
960.619	266
962.088	244
963.556	230
965.023	218
966.491	200
967.958	190
969.425	178
970.891	156
972.357	162
973.824	142
975.288	122
976.754	138
978.218	150
979.682	154
981.146	144
982.609	160
984.072	170
985.534	184
986.997	212
988.459	254
989.92	354
991.382	404
992.842	414
994.302	404
995.763	482
997.222	672
998.681	1102
1000.14	1600
1001.6	1798
1003.06	1454
1004.52	944
1005.97	580
1007.43	348
1008.89	248
1010.34	196
1011.8	164
1013.25	154
1014.71	138
1016.16	138
1017.62	134
1019.07	156
1020.53	150
1021.98	194
1023.43	222
1024.89	274
1026.34	328
1027.79	404
1029.24	474
1030.69	510
1032.14	532
1033.59	456
1035.04	368
1036.49	302
1037.94	258
1039.39	228
1040.84	188
1042.29	172
1043.73	154
1045.18	154
1046.63	132
1048.08	134
1049.52	118
1050.97	134
1052.41	122
1053.86	124
1055.3	130
1056.75	128
1058.19	130
1059.64	132
1061.08	128
1062.52	138
1063.96	134
1065.41	132
1066.85	126
1068.29	138
1069.73	136
1071.17	128
1072.61	136
1074.05	140
1075.49	132
1076.93	128
1078.37	134
1079.81	138
1081.25	132
1082.68	138
1084.12	124
1085.56	140
1087	144
1088.43	134
1089.87	140
1091.3	142
1092.74	142
1094.17	132
1095.61	148
1097.04	142
1098.48	142
1099.91	142
1101.34	134
1102.78	150
1104.21	142
1105.64	152
1107.07	174
1108.5	208
1109.93	240
1111.36	268
1112.8	252
1114.22	212
1115.65	176
1117.08	160
1118.51	150
1119.94	138
1121.37	128
1122.8	122
1124.22	124
1125.65	114
1127.08	118
1128.5	124
1129.93	110
1131.35	106
1132.78	108
1134.2	118
1135.63	118
1137.05	114
1138.48	124
1139.9	124
1141.32	136
1142.75	136
1144.17	138
1145.59	144
1147.01	156
1148.43	140
1149.85	170
1151.27	210
1152.69	236
1154.11	262
1155.53	276
1156.95	258
1158.37	218
1159.79	204
1161.21	182
1162.62	182
1164.04	184
1165.46	188
1166.87	166
1168.29	176
1169.71	174
1171.12	180
1172.54	188
1173.95	186
1175.37	234
1176.78	264
1178.19	294
1179.61	318
1181.02	372
1182.43	376
1183.84	374
1185.26	364
1186.67	338
1188.08	334
1189.49	348
1190.9	330
1192.31	344
1193.72	332
1195.13	370
1196.54	352
1197.95	364
1199.36	350
1200.76	344
1202.17	330
1203.58	330
1204.99	306
1206.39	296
1207.8	270
1209.2	248
1210.61	218
1212.01	210
1213.42	198
1214.82	186
1216.23	184
1217.63	186
1219.03	182
1220.44	168
1221.84	180
1223.24	180
1224.64	182
1226.05	180
1227.45	182
1228.85	180
1230.25	184
1231.65	172
1233.05	182
1234.45	174
1235.85	172
1237.25	166
1238.64	158
1240.04	168
1241.44	160
1242.84	162
1244.23	164
1245.63	164
1247.03	152
1248.42	156
1249.82	156
1251.21	162
1252.61	164
1254	152
1255.4	150
1256.79	158
1258.19	170
1259.58	164
1260.97	158
1262.36	172
1263.76	166
1265.15	166
1266.54	164
1267.93	164
1269.32	160
1270.71	166
1272.1	158
1273.49	164
1274.88	174
1276.27	166
1277.66	176
1279.05	194
1280.43	198
1281.82	182
1283.21	182
1284.6	194
1285.98	206
1287.37	198
1288.75	212
1290.14	212
1291.53	216
1292.91	224
1294.29	246
1295.68	252
1297.06	286
1298.45	310
1299.83	372
1301.21	404
1302.59	472
1303.98	544
1305.36	540
1306.74	488
1308.12	454
1309.5	410
1310.88	334
1312.26	310
1313.64	298
1315.02	280
1316.4	276
1317.78	274
1319.16	286
1320.53	276
1321.91	276
1323.29	288
1324.67	288
1326.04	294
1327.42	288
1328.79	298
1330.17	298
1331.54	278
1332.92	284
1334.29	282
1335.67	270
1337.04	276
1338.42	262
1339.79	276
1341.16	274
1342.53	280
1343.91	262
1345.28	276
1346.65	282
1348.02	282
1349.39	290
1350.76	278
1352.13	292
1353.5	282
1354.87	278
1356.24	284
1357.61	284
1358.98	292
1360.34	282
1361.71	278
1363.08	296
1364.45	292
1365.81	294
1367.18	286
1368.54	300
1369.91	296
1371.28	304
1372.64	314
1374.01	346
1375.37	394
1376.73	414
1378.1	440
1379.46	426
1380.82	452
1382.19	414
1383.55	396
1384.91	350
1386.27	330
1387.63	296
1388.99	300
1390.35	278
1391.71	288
1393.07	272
1394.43	254
1395.79	248
1397.15	270
1398.51	250
1399.87	238
1401.23	278
1402.58	268
1403.94	260
1405.3	264
1406.65	262
1408.01	258
1409.37	260
1410.72	262
1412.08	252
1413.43	256
1414.79	268
1416.14	260
1417.49	266
1418.85	266
1420.2	260
1421.55	256
1422.91	274
1424.26	270
1425.61	270
1426.96	266
1428.31	274
1429.66	276
1431.01	262
1432.36	280
1433.71	280
1435.06	286
1436.41	306
1437.76	314
1439.11	296
1440.46	312
1441.81	318
1443.15	310
1444.5	318
1445.85	316
1447.19	304
1448.54	304
1449.89	312
1451.23	314
1452.58	308
1453.92	302
1455.27	304
1456.61	288
1457.95	274
1459.3	272
1460.64	236
1461.98	224
1463.33	240
1464.67	238
1466.01	232
1467.35	232
1468.69	228
1470.03	226
1471.37	220
1472.71	224
1474.05	226
1475.39	216
1476.73	222
1478.07	214
1479.41	220
1480.75	234
1482.09	216
1483.42	204
1484.76	208
1486.1	212
1487.43	204
1488.77	204
1490.11	196
1491.44	184
1492.78	210
1494.11	220
1495.45	198
1496.78	200
1498.12	190
1499.45	198
1500.78	200
1502.11	196
1503.45	180
1504.78	204
1506.11	200
1507.44	200
1508.77	192
1510.11	178
1511.44	190
1512.77	178
1514.1	186
1515.43	194
1516.76	204
1518.08	186
1519.41	188
1520.74	180
1522.07	190
1523.4	176
1524.72	200
1526.05	200
1527.38	188
1528.7	182
1530.03	174
1531.36	174
1532.68	184
1534.01	184
1535.33	176
1536.66	176
1537.98	174
1539.3	170
1540.63	188
1541.95	180
1543.27	184
1544.6	184
1545.92	176
1547.24	182
1548.56	184
1549.88	174
1551.2	174
1552.52	194
1553.84	188
1555.17	188
1556.48	178
1557.8	190
1559.12	174
1560.44	176
1561.76	182
1563.08	182
1564.4	184
1565.71	188
1567.03	198
1568.35	196
1569.66	190
1570.98	192
1572.29	202
1573.61	194
1574.93	216
1576.24	232
1577.55	232
1578.87	254
1580.18	272
1581.5	328
1582.81	340
1584.12	338
1585.43	314
1586.75	300
1588.06	274
1589.37	290
1590.68	296
1591.99	314
1593.3	340
1594.61	368
1595.92	408
1597.23	452
1598.54	506
1599.85	578
1601.16	590
1602.47	596
1603.78	560
1605.08	518
1606.39	448
1607.7	412
1609	360
1610.31	336
1611.62	314
1612.92	286
1614.23	266
1615.53	236
1616.84	246
1618.14	226
1619.45	216
1620.75	204
1622.06	202
1623.36	182
1624.66	178
1625.96	182
1627.27	176
1628.57	184
1629.87	176
1631.17	176
1632.47	168
1633.77	166
1635.07	164
1636.37	168
1637.67	158
1638.97	160
1640.27	150
1641.57	156
1642.87	156
1644.17	168
1645.47	164
1646.76	162
1648.06	158
1649.36	154
1650.66	154
1651.95	160
1653.25	154
1654.54	134
1655.84	160
1657.13	142
1658.43	154
1659.72	134
1661.02	138
1662.31	150
1663.6	152
1664.9	138
1666.19	140
1667.48	144
1668.78	156
1670.07	152
1671.36	140
1672.65	126
1673.94	138
1675.23	134
1676.52	128
1677.81	136
1679.1	144
1680.39	140
1681.68	136
1682.97	130
1684.26	146
1685.55	136
1686.83	128
1688.12	136
1689.41	134
1690.7	136
1691.98	136
1693.27	134
1694.55	130
1695.84	144
1697.13	136
1698.41	142
1699.69	124
1700.98	132
1702.26	136
