204.377	498
206.045	498
207.713	476
209.38	514
211.048	512
212.715	504
214.381	514
216.047	508
217.712	524
219.377	514
221.042	542
222.706	530
224.369	520
226.032	562
227.695	574
229.357	632
231.019	654
232.68	720
234.341	678
236.001	698
237.661	676
239.321	610
240.98	600
242.639	514
244.297	486
245.955	420
247.612	396
249.268	348
250.924	306
252.58	294
254.236	274
255.891	244
257.546	228
259.2	226
260.854	224
262.507	214
264.16	192
265.812	184
267.463	186
269.115	174
270.766	174
272.417	178
274.067	178
275.717	162
277.365	174
279.014	178
280.663	172
282.311	174
283.958	184
285.605	208
287.252	192
288.898	204
290.543	230
292.188	240
293.833	254
295.477	264
297.121	264
298.765	230
300.407	240
302.05	226
303.693	206
305.334	214
306.975	202
308.615	192
310.256	178
311.896	184
313.535	174
315.175	178
316.813	174
318.451	176
320.089	180
321.726	170
323.362	182
324.999	166
326.635	194
328.271	182
329.905	188
331.54	202
333.174	194
334.807	180
336.441	170
338.074	182
339.707	176
341.338	180
342.969	160
344.601	154
346.231	150
347.861	158
349.491	162
351.12	170
352.749	164
354.378	164
356.006	156
357.633	162
359.261	160
360.887	150
362.513	146
364.139	154
365.764	136
367.39	146
369.014	152
370.638	162
372.261	148
373.884	148
375.508	146
377.13	138
378.752	138
380.373	136
381.994	120
383.615	130
385.235	132
386.854	130
388.473	128
390.092	132
391.711	136
393.328	128
394.947	138
396.564	126
398.181	130
399.797	132
401.412	152
403.027	144
404.642	158
406.257	162
407.871	166
409.484	166
411.098	170
412.711	184
414.323	178
415.935	176
417.547	156
419.158	160
420.768	142
422.378	140
423.988	128
425.597	120
427.206	102
428.814	106
430.422	102
432.03	92
433.637	92
435.243	84
436.85	94
438.456	96
440.062	96
441.666	96
443.271	100
444.876	92
446.479	94
448.082	92
449.685	90
451.287	86
452.89	86
454.492	78
456.092	86
457.693	78
459.293	86
460.893	84
462.492	86
464.092	88
465.691	82
467.288	94
468.887	96
470.483	100
472.081	114
473.677	124
475.273	112
476.869	134
478.463	138
480.059	144
481.653	174
483.247	162
484.84	172
486.433	166
488.026	154
489.618	130
491.21	100
492.801	104
494.392	98
495.983	96
497.573	90
499.162	86
500.752	76
502.341	96
503.929	86
505.517	94
507.105	90
508.692	102
510.279	110
511.865	130
513.45	146
515.037	138
516.621	130
518.206	112
519.79	108
521.374	110
522.957	102
524.54	110
526.123	120
527.705	132
529.287	150
530.868	180
532.448	204
534.029	218
535.609	234
537.188	234
538.768	256
540.346	246
541.925	238
543.502	218
545.08	190
546.657	176
548.234	156
549.81	148
551.386	144
552.961	136
554.536	138
556.11	154
557.684	178
559.258	176
560.832	220
562.405	268
563.977	354
565.55	478
567.12	676
568.692	896
570.263	1066
571.833	1016
573.403	892
574.973	666
576.542	482
578.111	328
579.679	244
581.247	212
582.815	204
584.382	178
585.948	174
587.514	176
589.081	178
590.645	176
592.211	148
593.775	174
595.339	148
596.904	150
598.466	138
600.03	118
601.592	108
603.154	94
604.715	98
606.277	104
607.838	108
609.398	100
610.958	104
612.518	110
614.077	130
615.636	130
617.194	180
618.753	254
620.31	334
621.867	298
623.424	222
624.98	178
626.537	128
628.092	122
629.647	116
631.202	118
632.756	116
634.31	120
635.864	116
637.417	104
638.969	116
640.521	108
642.074	96
643.625	102
645.176	86
646.726	84
648.276	84
649.827	82
651.376	80
652.925	76
654.473	74
656.021	68
657.569	72
659.117	70
660.664	60
662.21	66
663.757	68
665.302	74
666.847	70
668.392	64
669.937	68
671.481	62
673.025	58
674.568	72
676.111	56
677.653	62
679.195	66
680.737	66
682.279	54
683.82	62
685.36	64
686.9	66
688.44	62
689.979	64
691.517	60
693.056	66
694.594	66
696.132	66
697.669	58
699.206	68
700.742	64
702.278	70
703.814	76
705.35	70
706.884	70
708.419	80
709.953	76
711.487	84
713.019	88
714.552	96
716.085	90
717.617	86
719.148	86
720.68	96
722.21	90
723.741	92
725.271	88
726.8	84
728.33	94
729.858	96
731.387	90
732.915	94
734.443	98
735.97	102
737.497	104
739.023	116
740.549	104
742.075	120
743.6	122
745.125	132
746.65	150
748.173	138
749.697	140
751.22	142
752.743	142
754.266	150
755.788	148
757.309	144
758.831	136
760.351	136
761.871	124
763.392	116
764.912	116
766.431	130
767.95	110
769.468	122
770.986	114
772.504	106
774.022	118
775.538	110
777.055	126
778.571	122
780.086	132
781.602	126
783.117	130
784.632	148
786.146	154
787.659	162
789.173	166
790.685	162
792.198	164
793.71	160
795.222	166
796.733	158
798.244	148
799.755	144
801.265	130
802.775	126
804.284	112
805.793	104
807.302	110
808.81	104
810.318	96
811.826	102
813.333	98
814.84	90
816.346	92
817.851	90
819.357	86
820.862	88
822.367	90
823.871	90
825.376	102
826.878	112
828.382	128
829.885	172
831.387	256
832.889	304
834.391	300
835.892	222
837.392	170
838.893	142
840.393	130
841.893	112
843.392	114
844.891	100
846.389	102
847.888	104
849.386	96
850.882	84
852.38	92
853.876	90
855.372	94
856.868	94
858.363	92
859.858	86
861.353	88
862.847	76
864.341	84
865.834	82
867.328	82
868.82	78
870.313	78
871.805	74
873.296	80
874.787	78
876.278	74
877.769	76
879.258	80
880.748	86
882.237	76
883.726	70
885.214	78
886.702	78
888.19	78
889.677	76
891.164	72
892.651	74
894.137	78
895.623	78
897.108	84
898.593	82
900.077	84
901.562	78
903.046	94
904.529	98
906.012	90
907.495	90
908.977	86
910.459	86
911.941	80
913.422	78
914.903	76
916.383	66
917.863	72
919.343	70
920.822	72
922.301	76
923.779	68
925.257	68
926.735	68
928.213	76
929.69	74
931.166	70
932.643	78
934.119	76
935.594	72
937.069	78
938.543	78
940.018	82
941.492	74
942.966	82
944.439	86
945.911	90
947.384	88
948.856	108
950.328	106
951.799	142
953.27	138
954.741	152
956.21	196
957.68	204
959.15	226
960.619	218
962.088	218
963.556	190
965.023	182
966.491	166
967.958	146
969.425	138
970.891	118
972.357	118
973.824	112
975.288	106
976.754	102
978.218	120
979.682	104
981.146	102
982.609	126
984.072	136
985.534	134
986.997	162
988.459	194
989.92	254
991.382	320
992.842	310
994.302	314
995.763	364
997.222	548
998.681	880
1000.14	1240
1001.6	1356
1003.06	1084
1004.52	706
1005.97	432
1007.43	256
1008.89	180
1010.34	140
1011.8	118
1013.25	116
1014.71	110
1016.16	108
1017.62	104
1019.07	120
1020.53	120
1021.98	138
1023.43	166
1024.89	200
1026.34	246
1027.79	320
1029.24	362
1030.69	378
1032.14	398
1033.59	346
1035.04	276
1036.49	248
1037.94	178
1039.39	170
1040.84	148
1042.29	132
1043.73	118
1045.18	116
1046.63	108
1048.08	102
1049.52	106
1050.97	96
1052.41	100
1053.86	88
1055.3	92
1056.75	100
1058.19	90
1059.64	92
1061.08	84
1062.52	104
1063.96	102
1065.41	98
1066.85	96
1068.29	86
1069.73	104
1071.17	92
1072.61	108
1074.05	98
1075.49	102
1076.93	94
1078.37	98
1079.81	94
1081.25	92
1082.68	90
1084.12	94
1085.56	90
1087	100
1088.43	104
1089.87	102
1091.3	98
1092.74	102
1094.17	92
1095.61	100
1097.04	92
1098.48	106
1099.91	102
1101.34	112
1102.78	104
1104.21	104
1105.64	110
1107.07	140
1108.5	156
1109.93	192
1111.36	198
1112.8	184
1114.22	174
1115.65	154
1117.08	124
1118.51	110
1119.94	94
1121.37	102
1122.8	88
1124.22	96
1125.65	88
1127.08	86
1128.5	82
1129.93	78
1131.35	82
1132.78	74
1134.2	86
1135.63	74
1137.05	84
1138.48	88
1139.9	88
1141.32	84
1142.75	86
1144.17	98
1145.59	104
1147.01	98
1148.43	116
1149.85	120
1151.27	130
1152.69	170
1154.11	192
1155.53	200
1156.95	184
1158.37	166
1159.79	150
1161.21	128
1162.62	126
1164.04	118
1165.46	118
1166.87	124
1168.29	118
1169.71	124
1171.12	118
1172.54	136
1173.95	146
1175.37	148
1176.78	178
1178.19	228
1179.61	246
1181.02	258
1182.43	262
1183.84	280
1185.26	250
1186.67	254
1188.08	270
1189.49	254
1190.9	248
1192.31	244
1193.72	254
1195.13	260
1196.54	254
1197.95	262
1199.36	260
1200.76	258
1202.17	254
1203.58	246
1204.99	222
1206.39	220
1207.8	174
1209.2	170
1210.61	154
1212.01	150
1213.42	140
1214.82	128
1216.23	126
1217.63	120
1219.03	122
1220.44	128
1221.84	122
1223.24	120
1224.64	106
1226.05	124
1227.45	118
1228.85	136
1230.25	126
1231.65	118
1233.05	126
1234.45	104
1235.85	110
1237.25	106
1238.64	110
1240.04	106
1241.44	108
1242.84	112
1244.23	104
1245.63	94
1247.03	94
1248.42	96
1249.82	100
1251.21	102
1252.61	102
1254	94
1255.4	98
1256.79	102
1258.19	102
1259.58	94
1260.97	114
1262.36	102
1263.76	108
1265.15	98
1266.54	104
1267.93	114
1269.32	110
1270.71	98
1272.1	106
1273.49	108
1274.88	108
1276.27	116
1277.66	124
1279.05	106
1280.43	110
1281.82	122
1283.21	136
1284.6	124
1285.98	126
1287.37	130
1288.75	132
1290.14	144
1291.53	156
1292.91	150
1294.29	164
1295.68	180
1297.06	206
1298.45	240
1299.83	256
1301.21	302
1302.59	364
1303.98	410
1305.36	424
1306.74	386
1308.12	342
1309.5	278
1310.88	234
1312.26	222
1313.64	204
1315.02	186
1316.4	176
1317.78	168
1319.16	174
1320.53	166
1321.91	172
1323.29	188
1324.67	192
1326.04	186
1327.42	168
1328.79	188
1330.17	176
1331.54	172
1332.92	170
1334.29	152
1335.67	160
1337.04	166
1338.42	148
1339.79	148
1341.16	162
1342.53	138
1343.91	154
1345.28	154
1346.65	162
1348.02	150
1349.39	150
1350.76	164
1352.13	164
1353.5	148
1354.87	152
1356.24	156
1357.61	144
1358.98	144
1360.34	156
1361.71	142
1363.08	152
1364.45	164
1365.81	150
1367.18	162
1368.54	160
1369.91	162
1371.28	192
1372.64	198
1374.01	222
1375.37	240
1376.73	270
1378.1	276
1379.46	274
1380.82	276
1382.19	256
1383.55	250
1384.91	210
1386.27	186
1387.63	182
1388.99	164
1390.35	142
1391.71	142
1393.07	140
1394.43	136
1395.79	136
1397.15	138
1398.51	128
1399.87	144
1401.23	138
1402.58	148
1403.94	128
1405.3	122
1406.65	142
1408.01	130
1409.37	134
1410.72	134
1412.08	118
1413.43	140
1414.79	126
1416.14	128
1417.49	130
1418.85	140
1420.2	134
1421.55	146
1422.91	146
1424.26	148
1425.61	154
1426.96	154
1428.31	148
1429.66	156
1431.01	156
1432.36	166
1433.71	162
1435.06	166
1436.41	182
1437.76	174
1439.11	184
1440.46	176
1441.81	172
1443.15	182
1444.5	196
1445.85	192
1447.19	198
1448.54	198
1449.89	198
1451.23	184
1452.58	198
1453.92	176
1455.27	180
1456.61	152
1457.95	158
1459.3	136
1460.64	132
1461.98	146
1463.33	128
1464.67	136
1466.01	128
1467.35	126
1468.69	138
1470.03	120
1471.37	136
1472.71	120
1474.05	122
1475.39	132
1476.73	126
1478.07	120
1479.41	124
1480.75	122
1482.09	118
1483.42	126
1484.76	120
1486.1	116
1487.43	114
1488.77	112
1490.11	120
1491.44	112
1492.78	110
1494.11	110
1495.45	122
1496.78	108
1498.12	102
1499.45	100
1500.78	102
1502.11	110
1503.45	100
1504.78	108
1506.11	98
1507.44	102
1508.77	110
1510.11	106
1511.44	106
1512.77	98
1514.1	106
1515.43	108
1516.76	98
1518.08	102
1519.41	112
1520.74	94
1522.07	110
1523.4	104
1524.72	104
1526.05	102
1527.38	96
1528.7	108
1530.03	90
1531.36	110
1532.68	96
1534.01	110
1535.33	96
1536.66	102
1537.98	104
1539.3	102
1540.63	94
1541.95	102
1543.27	104
1544.6	94
1545.92	94
1547.24	100
1548.56	114
1549.88	106
1551.2	98
1552.52	104
1553.84	98
1555.17	100
1556.48	96
1557.8	104
1559.12	100
1560.44	98
1561.76	100
1563.08	108
1564.4	110
1565.71	110
1567.03	104
1568.35	108
1569.66	106
1570.98	108
1572.29	118
1573.61	116
1574.93	126
1576.24	136
1577.55	140
1578.87	170
1580.18	188
1581.5	216
1582.81	212
1584.12	226
1585.43	208
1586.75	180
1588.06	188
1589.37	202
1590.68	182
1591.99	222
1593.3	228
1594.61	262
1595.92	274
1597.23	318
1598.54	368
1599.85	434
1601.16	442
1602.47	426
1603.78	426
1605.08	368
1606.39	326
1607.7	290
1609	256
1610.31	230
1611.62	210
1612.92	198
1614.23	174
1615.53	172
1616.84	146
1618.14	150
1619.45	132
1620.75	136
1622.06	110
1623.36	116
1624.66	106
1625.96	112
1627.27	94
1628.57	108
1629.87	92
1631.17	100
1632.47	96
1633.77	100
1635.07	92
1636.37	84
1637.67	94
1638.97	88
1640.27	84
1641.57	98
1642.87	94
1644.17	88
1645.47	88
1646.76	84
1648.06	94
1649.36	90
1650.66	84
1651.95	92
1653.25	82
1654.54	86
1655.84	88
1657.13	78
1658.43	84
1659.72	78
1661.02	80
1662.31	80
1663.6	80
1664.9	82
1666.19	82
1667.48	84
1668.78	76
1670.07	78
1671.36	80
1672.65	80
1673.94	80
1675.23	82
1676.52	78
1677.81	76
1679.1	84
1680.39	76
1681.68	80
1682.97	74
1684.26	82
1685.55	68
1686.83	78
1688.12	72
1689.41	76
1690.7	82
1691.98	76
1693.27	76
1694.55	74
1695.84	74
1697.13	80
1698.41	78
1699.69	74
1700.98	84
1702.26	76
