186.85	164.222
189.449	163.111
192.047	153.333
194.645	155.333
197.241	147.111
199.837	148
202.431	148.889
205.025	145.778
207.619	141.778
210.21	143.111
212.802	147.556
215.392	144.667
217.982	136.444
220.57	132.889
223.158	138.222
225.744	132.667
228.331	130.222
230.915	128.667
233.5	131.556
236.083	125.556
238.666	131.333
241.247	128
243.827	125.111
246.408	123.556
248.986	124
251.565	122.444
254.142	126.444
256.719	121.333
259.294	124
261.868	129.333
264.443	126.222
267.015	125.111
269.587	123.333
272.159	122.667
274.729	122
277.298	117.333
279.867	125.556
282.435	117.778
285.001	123.333
287.568	122
290.133	117.333
292.697	116.222
295.26	118
297.824	115.111
300.385	111.556
302.945	112.667
305.505	114.444
308.064	113.111
310.623	111.333
313.18	110.222
315.737	109.778
318.292	108.667
320.847	109.333
323.402	109.333
325.955	112.444
328.507	108.222
331.058	109.111
333.609	109.778
336.158	110.222
338.707	105.556
341.255	107.333
343.802	112.222
346.349	108.667
348.895	113.556
351.439	111.111
353.983	107.333
356.526	110
359.068	107.111
361.609	110.444
364.149	110.889
366.689	112.667
369.227	114.444
371.765	110.444
374.302	115.111
376.838	115.111
379.374	113.556
381.908	120.444
384.442	116.889
386.973	117.111
389.505	117.778
392.036	117.556
394.567	118
397.096	120.444
399.625	118.222
402.153	118.444
404.68	121.111
407.206	123.111
409.73	124.444
412.254	127.111
414.778	120
417.301	119.778
419.823	116.444
422.343	123.333
424.863	123.111
427.383	116
429.901	115.778
432.418	121.111
434.935	115.111
437.451	117.333
439.966	113.333
442.48	114.222
444.993	116.889
447.506	118.667
450.019	120.667
452.528	117.556
455.039	116.222
457.549	113.333
460.056	108.222
462.564	110.222
465.07	117.333
467.576	119.778
470.082	117.778
472.585	117.556
475.089	124.222
477.591	133.333
480.093	137.111
482.595	148.444
485.094	156.889
487.594	154
490.091	150.889
492.59	137.778
495.086	128.667
497.582	124
500.076	121.333
502.571	114
505.064	120.667
507.558	121.556
510.049	116
512.54	120
515.03	123.556
517.518	121.778
520.008	121.111
522.495	112.444
524.983	117.778
527.468	121.111
529.954	112.222
532.438	116
534.921	118.444
537.404	112.222
539.886	118.889
542.366	117.333
544.848	114
547.327	117.556
549.805	113.333
552.284	115.111
554.76	114.222
557.236	107.556
559.711	114.889
562.186	114
564.66	114.889
567.132	115.333
569.604	116.667
572.076	114.667
574.547	111.111
577.016	113.333
579.484	117.778
581.952	116
584.419	116.889
586.887	113.333
589.352	117.556
591.816	115.778
594.28	119.333
596.743	120.889
599.205	117.111
601.667	121.556
604.127	122.222
606.588	125.556
609.047	132.889
611.505	134
613.963	141.556
616.419	138.667
618.875	136
621.33	134.444
623.784	128.667
626.238	131.556
628.69	127.556
631.142	132.667
633.593	139.333
636.043	138.444
638.493	127.556
640.941	126.444
643.389	119.556
645.835	117.111
648.281	117.111
650.727	115.111
653.171	120.444
655.615	120.222
658.058	117.333
660.501	115.111
662.942	120
665.382	114
667.822	116.667
670.261	119.556
672.699	115.333
675.137	118.889
677.574	120.889
680.008	121.556
682.443	119.333
684.878	117.778
687.312	130.444
689.743	131.556
692.175	133.556
694.607	134.667
697.037	144.889
699.466	144.444
701.895	145.111
704.323	148
706.749	138.667
709.175	136.444
711.601	132.444
714.025	131.556
716.449	128.667
718.871	128
721.294	132.444
723.716	135.778
726.136	129.333
728.556	129.556
730.975	122.444
733.394	124.222
735.812	124
738.228	119.778
740.644	119.778
743.058	123.333
745.473	121.333
747.886	122
750.3	123.778
752.711	119.333
755.123	117.778
757.533	120.444
759.942	121.111
762.351	122.889
764.759	116.667
767.167	126.889
769.573	125.333
771.979	135.333
774.383	125.111
776.787	123.778
779.191	125.333
781.593	119.778
783.994	120.444
786.396	124
788.796	118
791.195	120.667
793.595	122.444
795.992	126
798.389	126.889
800.786	128.667
803.181	131.556
805.576	142.444
807.969	142.222
810.363	147.778
812.755	151.333
815.147	152.444
817.537	155.778
819.927	146.444
822.318	137.111
824.706	132.667
827.093	125.778
829.48	124.222
831.866	121.111
834.251	122.889
836.636	119.778
839.021	118.667
841.404	116.444
843.786	115.333
846.167	122.889
848.548	120.222
850.928	119.333
853.307	118.889
855.685	114.889
858.063	120
860.44	124.444
862.816	123.333
865.192	126
867.566	127.333
869.94	125.778
872.313	123.111
874.685	135.556
877.057	137.778
879.428	135.111
881.798	138
884.167	134.889
886.536	129.778
888.902	129.111
891.269	130.222
893.636	126.222
896.001	117.111
898.366	122.667
900.73	125.111
903.094	125.111
905.455	116
907.817	117.778
910.178	115.778
912.538	119.111
914.898	121.111
917.255	115.556
919.613	119.333
921.971	122.667
924.327	116.444
926.682	119.333
929.037	111.111
931.391	117.556
933.744	118.667
936.096	117.111
938.449	114.222
940.799	110.667
943.149	118.444
945.499	117.778
947.847	116.222
950.195	114.222
952.542	118.667
954.889	116.222
957.235	111.333
959.579	117.778
961.924	117.556
964.266	113.111
966.609	110.889
968.951	114.667
971.292	107.778
973.632	116.667
975.972	116.222
978.31	118.444
980.649	115.333
982.986	112.667
985.323	112
987.659	114
989.994	116.222
992.328	109.111
994.662	108
996.995	114.667
999.326	115.333
1001.66	118.667
1003.99	120.889
1006.32	126.444
1008.65	131.778
1010.98	130.667
1013.3	128.667
1015.63	125.111
1017.96	113.778
1020.28	116.444
1022.61	112
1024.93	121.333
1027.25	118.222
1029.58	118.444
1031.9	131.556
1034.22	136
1036.54	134.667
1038.86	133.111
1041.18	123.333
1043.49	130.222
1045.81	136.667
1048.13	149.111
1050.44	148.222
1052.76	157.111
1055.07	153.333
1057.39	139.111
1059.7	128
1062.01	127.556
1064.32	120
1066.63	121.333
1068.94	116.444
1071.25	119.556
1073.56	117.111
1075.87	115.333
1078.17	118.889
1080.48	125.778
1082.79	119.778
1085.09	120.222
1087.39	129.111
1089.7	129.556
1092	137.111
1094.3	141.111
1096.6	151.778
1098.9	149.111
1101.2	158
1103.5	157.111
1105.8	153.556
1108.1	149.111
1110.39	150
1112.69	144.222
1114.98	152.667
1117.28	168.444
1119.57	190
1121.86	226.444
1124.16	262.222
1126.45	294.444
1128.74	304.444
1131.03	261.778
1133.32	236.444
1135.61	200.222
1137.89	174.444
1140.18	167.111
1142.47	157.778
1144.75	158.667
1147.04	169.778
1149.32	172.222
1151.61	193.778
1153.89	197.778
1156.17	195.111
1158.45	193.556
1160.73	190.889
1163.01	179.333
1165.29	162.222
1167.57	160.889
1169.85	161.556
1172.12	158
1174.4	170.444
1176.68	181.778
1178.95	230.222
1181.22	239.111
1183.5	218
1185.77	180
1188.04	153.778
1190.31	140.889
1192.58	129.556
1194.85	130.222
1197.12	127.111
1199.39	126.889
1201.66	131.111
1203.92	131.333
1206.19	131.111
1208.45	133.556
1210.72	149.333
1212.98	166.889
1215.25	173.556
1217.51	194.889
1219.77	195.556
1222.03	193.333
1224.29	193.333
1226.55	182.667
1228.81	168.667
1231.07	168
1233.33	150.222
1235.58	155.778
1237.84	145.556
1240.09	143.556
1242.35	138.222
1244.6	138.444
1246.86	136.667
1249.11	131.111
1251.36	130.667
1253.61	133.111
1255.86	126.444
1258.11	128
1260.36	132
1262.61	128.222
1264.86	133.111
1267.1	130
1269.35	139.333
1271.6	138.222
1273.84	138.444
1276.08	139.333
1278.33	143.111
1280.57	138.667
1282.81	136.222
1285.05	127.778
1287.29	127.111
1289.53	131.333
1291.77	130
1294.01	134
1296.25	133.111
1298.48	130
1300.72	129.333
1302.96	128.444
1305.19	134.222
1307.42	134
1309.66	139.111
1311.89	144.889
1314.12	148.889
1316.35	144.444
1318.58	147.111
1320.81	145.556
1323.04	148.667
1325.27	155.333
1327.5	165.556
1329.73	177.111
1331.95	183.778
1334.18	206
1336.4	226.889
1338.63	252.222
1340.85	280.222
1343.08	318.222
1345.3	351.111
1347.52	362
1349.74	365.111
1351.96	366.222
1354.18	354.222
1356.4	338.444
1358.61	332
1360.83	316
1363.05	301.111
1365.27	281.778
1367.48	267.333
1369.69	252.889
1371.91	240.667
1374.12	220
1376.33	203.556
1378.55	189.556
1380.76	184.444
1382.97	173.778
1385.18	170.667
1387.39	160.444
1389.59	155.778
1391.8	148.889
1394.01	148
1396.21	143.333
1398.42	145.111
1400.63	140.889
1402.83	144
1405.03	146.889
1407.24	148.222
1409.44	150.444
1411.64	157.333
1413.84	169.111
1416.04	174.667
1418.24	177.111
1420.44	167.778
1422.64	157.556
1424.83	151.333
1427.03	144.222
1429.23	144.889
1431.42	141.778
1433.62	141.778
1435.81	143.556
1438	138
1440.19	142.444
1442.39	144
1444.58	143.556
1446.77	142.667
1448.96	146
1451.15	151.778
1453.34	156.444
1455.52	159.111
1457.71	161.556
1459.9	161.333
1462.08	170.444
1464.27	176.667
1466.45	184.667
1468.64	195.778
1470.82	216.667
1473	234.444
1475.18	251.333
1477.36	266.222
1479.54	271.778
1481.72	268.889
1483.9	262.667
1486.08	242.667
1488.26	232.444
1490.43	225.333
1492.61	213.556
1494.78	222.667
1496.96	231.778
1499.13	258.667
1501.31	288.889
1503.48	328.667
1505.65	353.556
1507.82	354.444
1509.99	343.556
1512.16	320.667
1514.33	291.111
1516.5	261.556
1518.67	232
1520.84	208.222
1523	188.222
1525.17	181.333
1527.34	167.556
1529.5	159.111
1531.66	155.556
1533.83	153.333
1535.99	142.444
1538.15	147.556
1540.31	144.444
1542.47	145.333
1544.63	146.222
1546.79	144.222
1548.95	145.333
1551.11	146.444
1553.27	147.556
1555.42	150.222
1557.58	150.444
1559.73	158.444
1561.89	155.778
1564.04	161.556
1566.2	159.778
1568.35	158.667
1570.5	160
1572.65	161.111
1574.8	163.333
1576.95	160.222
1579.1	157.333
1581.25	164.667
1583.4	171.333
1585.55	178.667
1587.69	186
1589.84	206.222
1591.99	232.667
1594.13	262.222
1596.27	313.556
1598.42	411.111
1600.56	511.333
1602.7	575.778
1604.84	526.222
1606.98	422.222
1609.12	305.778
1611.26	237.111
1613.4	195.111
1615.54	176
1617.68	161.778
1619.81	154.444
1621.95	148.222
1624.08	147.556
1626.22	145.111
1628.35	146.667
1630.49	144.222
1632.62	143.778
1634.75	140.444
1636.88	135.778
1639.01	141.111
1641.14	140.889
1643.27	134.889
1645.4	140.889
1647.53	145.556
1649.66	140.889
1651.79	144.444
1653.91	137.556
1656.04	140.222
1658.16	140.222
1660.29	145.556
1662.41	143.333
1664.53	148.222
1666.66	145.333
1668.78	147.778
1670.9	154.667
1673.02	153.111
1675.14	153.556
1677.26	150.889
1679.38	148.444
1681.49	146.667
1683.61	150
1685.73	145.778
1687.84	145.556
1689.96	145.333
1692.07	145.111
1694.19	142.667
1696.3	135.556
1698.41	137.111
1700.52	131.111
1702.64	135.111
1704.75	136.889
1706.86	128.222
1708.97	126.444
1711.07	128.667
1713.18	130.222
1715.29	128.222
1717.4	125.556
1719.5	132.889
1721.61	125.778
1723.71	124
1725.82	121.556
1727.92	122.889
1730.02	125.556
1732.12	122.667
1734.23	124
1736.33	128.667
1738.43	129.556
1740.53	125.111
1742.63	125.111
1744.72	125.111
1746.82	124.222
1748.92	124
1751.02	121.556
1753.11	124.444
1755.21	120.222
1757.3	122.222
1759.4	126.667
1761.49	126.889
1763.58	122
1765.67	118
1767.76	122
1769.86	126.889
1771.95	121.111
1774.03	124
1776.12	117.556
1778.21	120.222
1780.3	125.556
1782.39	122.444
1784.47	116.889
1786.56	122.222
1788.64	116.889
1790.73	120.444
1792.81	123.111
1794.89	120
1796.98	121.333
1799.06	124.889
1801.14	122.222
1803.22	122.444
1805.3	128.667
1807.38	121.778
1809.46	125.333
1811.54	120.889
1813.61	121.111
1815.69	126
1817.77	128
1819.84	124
1821.92	122
1823.99	128.222
1826.06	123.778
1828.14	124.222
1830.21	122.889
1832.28	122.444
1834.35	121.111
1836.42	125.333
1838.49	120.444
1840.56	119.778
1842.63	118.444
1844.7	119.111
1846.77	120.667
1848.83	123.333
1850.9	123.333
1852.96	122.222
1855.03	118.667
1857.09	122.444
1859.15	121.111
1861.22	118.667
1863.28	124.222
1865.34	121.778
1867.4	119.778
1869.46	122.667
1871.52	120.222
1873.58	127.111
1875.64	119.333
1877.7	120.444
1879.76	119.556
1881.81	127.556
1883.87	122.667
1885.92	121.333
1887.98	121.333
1890.03	123.111
1892.09	121.111
1894.14	117.111
1896.19	122.444
1898.24	122.667
1900.29	122.222
1902.34	120.889
1904.4	123.111
1906.44	124
1908.49	125.333
1910.54	117.556
1912.59	120.889
1914.63	122
1916.68	121.556
1918.73	123.556
1920.77	118.889
1922.81	118.889
1924.86	124.222
1926.9	120.222
1928.94	121.556
1930.99	120.667
1933.03	122.667
1935.07	121.556
1937.11	115.778
1939.15	123.778
1941.19	120.222
1943.22	121.778
1945.26	121.556
1947.3	118.444
1949.33	118.667
1951.37	121.778
1953.4	126.667
1955.44	123.111
1957.47	119.778
1959.51	118
1961.54	121.111
1963.57	118.889
1965.6	122
1967.63	121.333
1969.66	119.333
1971.69	119.333
1973.72	116.889
1975.75	124.667
1977.78	119.333
1979.8	119.778
1981.83	125.111
1983.86	118.889
1985.88	119.556
1987.91	122.889
1989.93	120.444
1991.95	121.111
1993.98	120.444
1996	117.778
1998.02	124.889
2000.04	119.778
2002.06	117.111
2004.08	119.556
2006.1	122.222
2008.12	122.444
2010.14	120
2012.15	122.222
2014.17	127.111
2016.19	122.667
2018.2	123.333
2020.22	120.667
2022.23	117.556
2024.25	123.333
2026.26	122.667
2028.27	124.667
2030.28	121.778
2032.29	129.778
2034.3	126.889
2036.32	122.667
2038.32	118.889
2040.33	119.778
2042.34	127.111
2044.35	120.222
2046.36	120.667
2048.36	128
2050.37	124.444
2052.37	126.444
2054.38	125.333
2056.38	125.111
2058.39	126.222
2060.39	123.778
2062.39	122.889
2064.39	120.444
2066.39	118.667
2068.39	126.889
2070.39	120.444
2072.39	125.556
2074.39	123.111
2076.39	121.556
2078.39	121.556
2080.39	122.444
2082.38	124
2084.38	122.889
2086.37	121.556
2088.37	124.889
2090.36	122.889
2092.35	125.778
2094.35	126
2096.34	124.667
2098.33	122.222
2100.32	123.111
2102.31	117.111
2104.3	121.333
2106.29	123.778
2108.28	120.444
2110.27	124.667
2112.25	120.444
2114.24	124
2116.23	124.889
2118.21	114.667
2120.2	124
2122.18	118.444
2124.17	120.222
2126.15	123.333
2128.13	118.222
2130.11	118.889
2132.09	128
2134.08	118.667
2136.06	118
2138.04	121.778
2140.02	122.889
2141.99	119.556
2143.97	122.222
2145.95	121.778
2147.93	121.111
2149.9	124
2151.88	118
2153.85	122.667
2155.83	125.333
2157.8	120.222
2159.77	121.556
2161.75	118.444
2163.72	126.667
2165.69	120
2167.66	119.556
2169.63	124
2171.6	120
2173.57	124.889
2175.54	124
2177.51	121.556
2179.47	114.222
2181.44	120.444
2183.41	116.889
2185.37	119.556
2187.34	120.889
2189.3	115.778
2191.27	122.667
2193.23	117.111
2195.19	120.444
2197.15	122.222
2199.11	119.333
2201.08	122.222
2203.04	123.556
2205	121.333
2206.96	119.778
2208.91	124
2210.87	124.667
2212.83	120
2214.79	120.667
2216.74	120
2218.7	118.667
2220.65	115.111
2222.61	125.556
2224.56	123.778
2226.52	118.889
2228.47	125.111
2230.42	118.889
2232.37	117.556
2234.32	120
2236.27	118.444
2238.22	120.444
2240.17	127.111
2242.12	121.111
2244.07	122.222
2246.02	120.889
2247.97	119.333
2249.91	120
2251.86	118.889
2253.8	120.222
2255.75	119.333
2257.69	120.667
2259.64	120.444
2261.58	120.444
2263.52	123.111
2265.46	119.556
2267.4	121.556
2269.35	118
2271.29	119.333
2273.23	118.444
2275.16	118.222
2277.1	117.778
2279.04	114.889
2280.98	120.444
2282.92	120.222
2284.85	119.778
2286.79	118.889
2288.72	119.556
2290.66	120
2292.59	120
2294.52	119.556
2296.46	115.556
2298.39	120
2300.32	116.667
2302.25	119.111
2304.18	114.889
2306.11	119.333
2308.04	113.333
2309.97	121.111
2311.9	117.111
2313.83	118.889
2315.75	120.222
2317.68	118.444
2319.61	116.667
2321.53	118.444
2323.46	119.111
2325.38	118.444
2327.3	113.556
2329.23	120.444
2331.15	123.111
2333.07	116.222
2334.99	119.556
2336.91	120
2338.83	120.222
2340.75	112.444
2342.67	119.778
2344.59	123.333
2346.51	121.111
2348.43	116
2350.35	119.333
2352.26	119.111
2354.18	120.667
2356.09	119.111
2358.01	117.333
2359.92	116.889
2361.83	117.556
2363.75	117.556
2365.66	118.444
2367.57	115.111
2369.48	125.333
2371.39	119.778
2373.31	119.333
2375.21	112.222
2377.12	116.889
2379.03	115.333
2380.94	120.444
2382.85	120
2384.76	116.667
2386.66	114.222
2388.57	115.556
2390.47	117.778
2392.38	117.111
2394.28	114.222
2396.18	113.556
2398.09	112
2399.99	119.556
2401.89	118.889
2403.79	116.667
2405.69	122
2407.59	120.889
2409.49	116.889
2411.39	118.667
2413.29	120.444
2415.19	116.667
2417.09	117.111
2418.98	126.222
2420.88	114.444
2422.78	116.889
2424.67	120.889
2426.57	116.889
2428.46	117.333
2430.35	120.667
2432.25	114.889
2434.14	114.222
2436.03	116.222
2437.92	120.667
2439.81	117.778
2441.7	116.222
2443.59	116.889
2445.48	115.333
2447.37	117.556
2449.26	118.222
2451.15	118.667
2453.03	118.222
