186.85	159.778
189.449	162.667
192.047	154.222
194.645	153.778
197.241	151.778
199.837	155.556
202.431	145.778
205.025	143.778
207.619	147.333
210.21	142.222
212.802	141.333
215.392	137.778
217.982	137.778
220.57	132.667
223.158	134.222
225.744	131.111
228.331	129.333
230.915	133.778
233.5	127.778
236.083	127.111
238.666	123.333
241.247	124.444
243.827	128.667
246.408	127.333
248.986	126
251.565	124.667
254.142	119.333
256.719	127.333
259.294	128.444
261.868	127.333
264.443	127.333
267.015	129.556
269.587	128.222
272.159	125.778
274.729	122.222
277.298	126.889
279.867	124.444
282.435	117.556
285.001	120
287.568	122.444
290.133	121.778
292.697	119.111
295.26	118
297.824	117.778
300.385	115.111
302.945	114.667
305.505	114.667
308.064	109.111
310.623	108.889
313.18	107.111
315.737	110.889
318.292	109.778
320.847	103.333
323.402	113.111
325.955	105.778
328.507	105.556
331.058	108.889
333.609	110.222
336.158	109.778
338.707	109.333
341.255	114.222
343.802	113.556
346.349	113.333
348.895	109.778
351.439	112.222
353.983	115.333
356.526	110.222
359.068	112.667
361.609	109.778
364.149	110.889
366.689	114
369.227	113.778
371.765	115.778
374.302	112.667
376.838	116
379.374	119.556
381.908	117.556
384.442	123.778
386.973	123.778
389.505	121.556
392.036	121.778
394.567	117.778
397.096	121.556
399.625	121.333
402.153	118.667
404.68	125.111
407.206	128.222
409.73	123.111
412.254	121.111
414.778	122.889
417.301	121.333
419.823	120.444
422.343	115.333
424.863	118.222
427.383	120.889
429.901	122
432.418	116.222
434.935	117.333
437.451	119.556
439.966	118.222
442.48	115.111
444.993	120.222
447.506	116.889
450.019	113.556
452.528	116.667
455.039	111.778
457.549	115.778
460.056	114.222
462.564	115.111
465.07	116.444
467.576	112
470.082	116.889
472.585	119.556
475.089	122.667
477.591	124.889
480.093	131.333
482.595	144.222
485.094	157.333
487.594	155.333
490.091	149.333
492.59	141.333
495.086	131.778
497.582	126.889
500.076	119.778
502.571	123.333
505.064	118.444
507.558	113.111
510.049	119.333
512.54	123.333
515.03	123.333
517.518	124
520.008	120.222
522.495	120.222
524.983	121.556
527.468	120.889
529.954	120.222
532.438	117.556
534.921	118.667
537.404	121.333
539.886	120.222
542.366	115.556
544.848	110.889
547.327	113.333
549.805	110
552.284	110.889
554.76	111.333
557.236	114
559.711	112.222
562.186	111.111
564.66	113.778
567.132	116
569.604	116
572.076	112.444
574.547	112
577.016	113.778
579.484	114.222
581.952	109.333
584.419	112.222
586.887	118.667
589.352	110.667
591.816	111.333
594.28	113.778
596.743	118.444
599.205	120.889
601.667	118.889
604.127	122.222
606.588	127.778
609.047	131.556
611.505	138.444
613.963	137.778
616.419	141.556
618.875	135.333
621.33	135.556
623.784	135.778
626.238	132.667
628.69	125.556
631.142	130
633.593	137.111
636.043	139.333
638.493	129.778
640.941	132.667
643.389	127.111
645.835	118.667
648.281	123.556
650.727	117.556
653.171	114.667
655.615	120.222
658.058	119.778
660.501	116.889
662.942	118.889
665.382	120.444
667.822	122.667
670.261	120.667
672.699	119.111
675.137	118.444
677.574	122.889
680.008	118.667
682.443	122.222
684.878	129.111
687.312	122.222
689.743	133.333
692.175	132.667
694.607	142
697.037	142.222
699.466	147.778
701.895	148
704.323	149.111
706.749	138.667
709.175	136.667
711.601	132.889
714.025	134.889
716.449	135.111
718.871	136.667
721.294	135.333
723.716	134.444
726.136	134.444
728.556	128.889
730.975	128.889
733.394	121.111
735.812	120.667
738.228	122.667
740.644	122.444
743.058	123.333
745.473	122.444
747.886	123.333
750.3	118.222
752.711	123.111
755.123	118.444
757.533	121.111
759.942	118.889
762.351	123.333
764.759	125.556
767.167	121.111
769.573	132.667
771.979	125.556
774.383	132
776.787	130.444
779.191	121.111
781.593	126
783.994	117.778
786.396	123.556
788.796	123.333
791.195	124
793.595	123.778
795.992	122.667
798.389	125.111
800.786	128.444
803.181	133.778
805.576	141.333
807.969	143.111
810.363	146.444
812.755	152.667
815.147	152.222
817.537	150.222
819.927	148.889
822.318	136.889
824.706	130.222
827.093	131.333
829.48	123.333
831.866	124.444
834.251	122.222
836.636	124
839.021	117.333
841.404	119.778
843.786	120
846.167	118.444
848.548	121.556
850.928	116.889
853.307	118.889
855.685	118.889
858.063	120.222
860.44	122.222
862.816	125.333
865.192	120
867.566	122.889
869.94	125.778
872.313	129.778
874.685	131.333
877.057	136.667
879.428	139.333
881.798	135.111
884.167	140.889
886.536	127.556
888.902	128.667
891.269	127.111
893.636	117.111
896.001	119.111
898.366	118
900.73	118.222
903.094	122.222
905.455	119.111
907.817	116.667
910.178	115.778
912.538	120.667
914.898	119.556
917.255	118.667
919.613	122.889
921.971	122.222
924.327	118.444
926.682	119.111
929.037	116.444
931.391	117.333
933.744	115.556
936.096	112
938.449	115.556
940.799	115.778
943.149	110.667
945.499	116.667
947.847	116
950.195	113.556
952.542	113.556
954.889	113.778
957.235	117.778
959.579	114.667
961.924	115.111
964.266	115.111
966.609	113.111
968.951	112
971.292	114
973.632	114
975.972	119.333
978.31	119.111
980.649	115.778
982.986	112
985.323	112.667
987.659	115.778
989.994	113.556
992.328	117.778
994.662	112.889
996.995	112.444
999.326	114.667
1001.66	115.778
1003.99	124.444
1006.32	126.889
1008.65	133.111
1010.98	131.778
1013.3	126.667
1015.63	124
1017.96	119.111
1020.28	117.778
1022.61	118.667
1024.93	120.667
1027.25	119.778
1029.58	122.667
1031.9	132.222
1034.22	134
1036.54	135.556
1038.86	131.556
1041.18	125.778
1043.49	136.889
1045.81	141.778
1048.13	149.778
1050.44	166
1052.76	160.667
1055.07	146.667
1057.39	135.111
1059.7	129.333
1062.01	126.444
1064.32	121.111
1066.63	124.667
1068.94	115.333
1071.25	116.222
1073.56	116.889
1075.87	117.333
1078.17	120.667
1080.48	123.333
1082.79	123.556
1085.09	121.111
1087.39	129.333
1089.7	125.111
1092	132.444
1094.3	139.556
1096.6	144.222
1098.9	156.889
1101.2	164.444
1103.5	158.222
1105.8	148.444
1108.1	153.778
1110.39	147.111
1112.69	147.111
1114.98	154.889
1117.28	172
1119.57	183.111
1121.86	214.667
1124.16	257.111
1126.45	293.111
1128.74	305.778
1131.03	278.444
1133.32	255.111
1135.61	204.222
1137.89	184.667
1140.18	165.333
1142.47	163.111
1144.75	160.444
1147.04	166
1149.32	178.889
1151.61	186.889
1153.89	196.444
1156.17	200
1158.45	200.444
1160.73	186.667
1163.01	177.556
1165.29	172.667
1167.57	164
1169.85	160.667
1172.12	165.778
1174.4	176.889
1176.68	194.889
1178.95	225.778
1181.22	239.778
1183.5	220
1185.77	182.667
1188.04	158.889
1190.31	135.556
1192.58	134.222
1194.85	133.778
1197.12	127.778
1199.39	130.667
1201.66	128.667
1203.92	130.222
1206.19	132.222
1208.45	133.333
1210.72	141.778
1212.98	160.444
1215.25	169.778
1217.51	186
1219.77	196
1222.03	199.111
1224.29	194.667
1226.55	180.889
1228.81	174.444
1231.07	163.556
1233.33	151.333
1235.58	152.222
1237.84	146
1240.09	144.667
1242.35	139.111
1244.6	137.111
1246.86	128.667
1249.11	136.444
1251.36	126.889
1253.61	128.667
1255.86	136
1258.11	128.222
1260.36	136
1262.61	132.444
1264.86	134
1267.1	139.556
1269.35	135.111
1271.6	138.444
1273.84	146.222
1276.08	139.556
1278.33	136.667
1280.57	140
1282.81	137.556
1285.05	133.556
1287.29	130.222
1289.53	130
1291.77	131.778
1294.01	131.778
1296.25	130.222
1298.48	137.778
1300.72	136.667
1302.96	135.556
1305.19	134.889
1307.42	136.222
1309.66	139.111
1311.89	142.222
1314.12	145.778
1316.35	145.778
1318.58	141.778
1320.81	148.444
1323.04	151.111
1325.27	156.889
1327.5	162.889
1329.73	175.111
1331.95	186.222
1334.18	207.778
1336.4	226.444
1338.63	250.889
1340.85	286.667
1343.08	317.111
1345.3	341.333
1347.52	354.889
1349.74	358.667
1351.96	362.444
1354.18	355.556
1356.4	339.556
1358.61	330.889
1360.83	323.556
1363.05	296.222
1365.27	288.444
1367.48	271.778
1369.69	255.333
1371.91	249.111
1374.12	222
1376.33	210
1378.55	196.444
1380.76	186
1382.97	177.556
1385.18	165.333
1387.39	158.889
1389.59	159.556
1391.8	152.222
1394.01	149.778
1396.21	147.556
1398.42	147.556
1400.63	146.667
1402.83	140.889
1405.03	144.667
1407.24	147.778
1409.44	152.444
1411.64	154.667
1413.84	168
1416.04	176.889
1418.24	180.222
1420.44	173.111
1422.64	164
1424.83	156.889
1427.03	153.556
1429.23	143.111
1431.42	145.333
1433.62	141.111
1435.81	144.222
1438	139.556
1440.19	149.778
1442.39	147.778
1444.58	146.667
1446.77	142.667
1448.96	147.333
1451.15	150.444
1453.34	151.111
1455.52	158.222
1457.71	155.111
1459.9	163.556
1462.08	173.556
1464.27	179.333
1466.45	188
1468.64	206
1470.82	212.444
1473	231.556
1475.18	248.444
1477.36	270
1479.54	270
1481.72	278.444
1483.9	268.444
1486.08	254.667
1488.26	235.333
1490.43	227.556
1492.61	221.333
1494.78	220.889
1496.96	231.556
1499.13	251.333
1501.31	286.222
1503.48	330.667
1505.65	360.667
1507.82	367.111
1509.99	346.667
1512.16	333.778
1514.33	290
1516.5	267.556
1518.67	235.778
1520.84	208.667
1523	197.556
1525.17	175.333
1527.34	167.556
1529.5	160.889
1531.66	159.333
1533.83	152.444
1535.99	147.333
1538.15	148
1540.31	144
1542.47	148
1544.63	144.444
1546.79	146.222
1548.95	147.556
1551.11	149.556
1553.27	152.222
1555.42	150.222
1557.58	150
1559.73	159.333
1561.89	158.889
1564.04	160.444
1566.2	162.222
1568.35	161.333
1570.5	160.222
1572.65	163.111
1574.8	167.111
1576.95	159.333
1579.1	162
1581.25	172.444
1583.4	177.333
1585.55	183.111
1587.69	195.556
1589.84	204
1591.99	232.889
1594.13	263.778
1596.27	314.889
1598.42	405.556
1600.56	506.667
1602.7	573.111
1604.84	534.222
1606.98	429.556
1609.12	310.222
1611.26	243.333
1613.4	199.333
1615.54	176.889
1617.68	161.333
1619.81	157.556
1621.95	152.444
1624.08	150
1626.22	145.556
1628.35	142.667
1630.49	145.333
1632.62	145.778
1634.75	143.333
1636.88	141.556
1639.01	137.778
1641.14	142
1643.27	145.333
1645.4	144.444
1647.53	143.333
1649.66	144.667
1651.79	142.667
1653.91	142.222
1656.04	143.556
1658.16	146.444
1660.29	145.333
1662.41	150.667
1664.53	146.222
1666.66	147.778
1668.78	150
1670.9	148.889
1673.02	147.333
1675.14	151.333
1677.26	155.778
1679.38	151.556
1681.49	152.889
1683.61	154
1685.73	151.556
1687.84	151.333
1689.96	146.222
1692.07	147.333
1694.19	142.444
1696.3	144.444
1698.41	139.556
1700.52	138.667
1702.64	134.667
1704.75	136.667
1706.86	135.111
1708.97	128.889
1711.07	128.889
1713.18	132.222
1715.29	130.444
1717.4	128.667
1719.5	130.444
1721.61	128.889
1723.71	126.889
1725.82	129.556
1727.92	126.667
1730.02	125.556
1732.12	128.222
1734.23	124.667
1736.33	127.778
1738.43	130.222
1740.53	125.778
1742.63	130.889
1744.72	123.111
1746.82	124.222
1748.92	126.889
1751.02	128.222
1753.11	125.111
1755.21	126
1757.3	124.444
1759.4	127.333
1761.49	128.444
1763.58	122.444
1765.67	125.333
1767.76	126.222
1769.86	124.444
1771.95	125.556
1774.03	126.444
1776.12	127.111
1778.21	121.556
1780.3	120.667
1782.39	122
1784.47	124.667
1786.56	124
1788.64	123.556
1790.73	127.778
1792.81	124.222
1794.89	118.667
1796.98	125.333
1799.06	125.556
1801.14	127.778
1803.22	127.556
1805.3	124.889
1807.38	126.222
1809.46	124.889
1811.54	122.222
1813.61	120.889
1815.69	120.667
1817.77	123.778
1819.84	121.333
1821.92	127.111
1823.99	120.667
1826.06	123.111
1828.14	126.889
1830.21	124.889
1832.28	128.667
1834.35	124.222
1836.42	120.222
1838.49	121.778
1840.56	121.556
1842.63	123.111
1844.7	125.778
1846.77	125.111
1848.83	131.778
1850.9	123.111
1852.96	122.889
1855.03	123.333
1857.09	130.444
1859.15	122.444
1861.22	126.444
1863.28	124.444
1865.34	129.333
1867.4	124.889
1869.46	123.111
1871.52	126.667
1873.58	126.667
1875.64	127.333
1877.7	123.333
1879.76	124.444
1881.81	118.222
1883.87	125.333
1885.92	124.444
1887.98	122
1890.03	126
1892.09	125.556
1894.14	121.333
1896.19	121.778
1898.24	123.333
1900.29	127.333
1902.34	120.667
1904.4	124.889
1906.44	120.889
1908.49	123.111
1910.54	124.667
1912.59	123.333
1914.63	121.778
1916.68	127.111
1918.73	123.333
1920.77	125.778
1922.81	122.222
1924.86	127.111
1926.9	125.111
1928.94	124.889
1930.99	125.111
1933.03	125.111
1935.07	127.556
1937.11	122
1939.15	124.222
1941.19	122.889
1943.22	123.333
1945.26	121.778
1947.3	124.444
1949.33	128
1951.37	121.556
1953.4	124.444
1955.44	120.667
1957.47	120.444
1959.51	121.556
1961.54	127.556
1963.57	124
1965.6	122.444
1967.63	124
1969.66	120.444
1971.69	121.333
1973.72	121.778
1975.75	124.222
1977.78	124.889
1979.8	124.444
1981.83	122.222
1983.86	120.222
1985.88	124.222
1987.91	126.667
1989.93	124.222
1991.95	121.333
1993.98	122.889
1996	123.333
1998.02	122.444
2000.04	128.444
2002.06	127.111
2004.08	124.222
2006.1	124.667
2008.12	124.889
2010.14	127.333
2012.15	120
2014.17	121.778
2016.19	127.111
2018.2	122.222
2020.22	124.667
2022.23	124.889
2024.25	125.111
2026.26	126.444
2028.27	126.889
2030.28	127.333
2032.29	121.333
2034.3	129.778
2036.32	123.111
2038.32	127.111
2040.33	123.778
2042.34	125.778
2044.35	123.556
2046.36	128
2048.36	127.111
2050.37	125.333
2052.37	120
2054.38	122.444
2056.38	124.222
2058.39	121.778
2060.39	125.111
2062.39	123.111
2064.39	125.778
2066.39	122.889
2068.39	124.667
2070.39	122.222
2072.39	124.444
2074.39	123.778
2076.39	124.222
2078.39	118.889
2080.39	123.556
2082.38	128.444
2084.38	124.889
2086.37	124
2088.37	125.556
2090.36	124.889
2092.35	127.778
2094.35	124.889
2096.34	127.333
2098.33	129.778
2100.32	120
2102.31	124
2104.3	125.556
2106.29	123.778
2108.28	124.222
2110.27	124.222
2112.25	124.889
2114.24	127.333
2116.23	121.556
2118.21	126
2120.2	125.556
2122.18	123.778
2124.17	123.778
2126.15	120.222
2128.13	128.667
2130.11	122
2132.09	120.889
2134.08	122.444
2136.06	123.333
2138.04	124.444
2140.02	124.667
2141.99	124.222
2143.97	123.778
2145.95	123.111
2147.93	124.889
2149.9	127.778
2151.88	124.444
2153.85	125.111
2155.83	131.333
2157.8	127.111
2159.77	124.222
2161.75	128.222
2163.72	129.333
2165.69	122.444
2167.66	128.222
2169.63	126.444
2171.6	120.222
2173.57	119.333
2175.54	126
2177.51	120
2179.47	128
2181.44	122.222
2183.41	124.444
2185.37	120
2187.34	122.444
2189.3	123.333
2191.27	123.556
2193.23	124.667
2195.19	123.556
2197.15	125.333
2199.11	124
2201.08	126.222
2203.04	119.111
2205	123.778
2206.96	119.556
2208.91	124
2210.87	121.333
2212.83	125.111
2214.79	124.444
2216.74	120.222
2218.7	122
2220.65	123.556
2222.61	124.667
2224.56	121.778
2226.52	117.778
2228.47	123.333
2230.42	124
2232.37	120.222
2234.32	128.667
2236.27	120.667
2238.22	126.889
2240.17	124
2242.12	127.111
2244.07	124.444
2246.02	119.111
2247.97	128
2249.91	125.333
2251.86	124
2253.8	122.889
2255.75	117.556
2257.69	124.889
2259.64	120.667
2261.58	122
2263.52	124.667
2265.46	121.333
2267.4	125.778
2269.35	120.889
2271.29	120.444
2273.23	125.556
2275.16	123.111
2277.1	122.222
2279.04	124.667
2280.98	115.778
2282.92	124.222
2284.85	120.667
2286.79	120.222
2288.72	117.111
2290.66	118.444
2292.59	118.667
2294.52	120.222
2296.46	119.778
2298.39	119.111
2300.32	125.333
2302.25	120.222
2304.18	120.889
2306.11	120
2308.04	121.778
2309.97	119.778
2311.9	121.333
2313.83	122.444
2315.75	114.889
2317.68	120.222
2319.61	123.333
2321.53	119.556
2323.46	122.667
2325.38	122.889
2327.3	123.333
2329.23	121.111
2331.15	124.444
2333.07	121.333
2334.99	125.556
2336.91	122
2338.83	118.444
2340.75	118.222
2342.67	124
2344.59	125.111
2346.51	120
2348.43	121.778
2350.35	122
2352.26	119.333
2354.18	123.778
2356.09	118.444
2358.01	118.889
2359.92	120.667
2361.83	120.667
2363.75	118.667
2365.66	121.333
2367.57	119.556
2369.48	124.222
2371.39	119.111
2373.31	121.556
2375.21	125.556
2377.12	119.556
2379.03	115.778
2380.94	117.556
2382.85	116.667
2384.76	121.778
2386.66	120.667
2388.57	119.111
2390.47	119.778
2392.38	119.556
2394.28	119.333
2396.18	126.222
2398.09	116.889
2399.99	124.444
2401.89	114.444
2403.79	122.667
2405.69	123.556
2407.59	117.333
2409.49	123.333
2411.39	117.778
2413.29	120.444
2415.19	119.333
2417.09	117.778
2418.98	118.222
2420.88	121.333
2422.78	120.444
2424.67	118.222
2426.57	122.667
2428.46	120.667
2430.35	120.222
2432.25	120.889
2434.14	118.222
2436.03	120.444
2437.92	114.889
2439.81	118.667
2441.7	118.889
2443.59	120.889
2445.48	127.333
2447.37	121.556
2449.26	122
2451.15	121.111
2453.03	117.333
