176.074	243.111
178.677	234.333
181.279	219.556
183.879	207.111
186.48	198.222
189.08	191.222
191.677	176.444
194.275	173.111
196.871	161.111
199.467	160.556
202.061	157.222
204.656	149.556
207.249	142.778
209.841	143.111
212.433	140.222
215.022	134.556
217.613	134.111
220.201	128.111
222.789	121.889
225.375	123
227.962	120
230.547	122.333
233.132	118.333
235.714	115.444
238.296	118.333
240.879	111.556
243.459	113.778
246.04	112.111
248.618	111
251.198	109.333
253.774	112.333
256.35	110.778
258.927	108.333
261.501	108.778
264.074	106.444
266.648	107.111
269.22	103.222
271.791	106
274.362	105.556
276.931	106.444
279.5	106.667
282.069	108.556
284.635	102.222
287.201	107.778
289.766	105.444
292.331	106.222
294.894	107.222
297.457	104.667
300.018	103
302.58	106.111
305.14	105
307.699	106.222
310.257	104.889
312.814	104.556
315.372	106.111
317.928	106.556
320.482	103
323.036	103
325.589	105.333
328.142	105.667
330.693	103.444
333.243	108.111
335.795	105.444
338.343	106.111
340.891	106.778
343.439	108.556
345.985	106.444
348.53	109.111
351.075	109.111
353.619	108.667
356.162	106.667
358.704	109.222
361.245	110.667
363.786	111
366.325	111.333
368.864	111.778
371.402	115
373.939	114.111
376.475	121.556
379.011	115.667
381.545	117.111
384.079	118.444
386.611	116.556
389.143	117.222
391.674	115.667
394.204	114.556
396.734	119.111
399.263	119.889
401.791	125.222
404.318	132.889
406.843	142.889
409.368	143.333
411.893	136
414.417	125.333
416.94	121.889
419.46	118.222
421.982	113.222
424.502	112.667
427.022	115.667
429.541	113.444
432.057	113.111
434.574	113.889
437.091	111.444
439.605	110.778
442.12	109.556
444.634	108.222
447.145	111.444
449.657	109.333
452.169	109.333
454.678	110.556
457.188	105.667
459.697	107.556
462.204	108.889
464.711	106.556
467.217	109.111
469.722	109.333
472.227	107.778
474.729	107.778
477.232	106.667
479.735	109
482.235	110.778
484.736	109
487.234	108.222
489.734	111.111
492.23	112.667
494.728	111.333
497.223	109.889
499.719	111.444
502.213	107.333
504.707	107.556
507.199	109.222
509.69	108.444
512.182	111.444
514.672	107.556
517.162	105.444
519.65	108.889
522.139	107
524.625	108.889
527.111	110
529.597	107.333
532.081	106.444
534.564	109.556
537.047	105.778
539.529	110.333
542.01	110.333
544.491	108.333
546.97	110.222
549.448	109.889
551.927	107.444
554.404	110.556
556.88	112
559.355	110.222
561.831	109.333
564.304	111.778
566.777	111.667
569.249	112.556
571.72	110.778
574.191	113.111
576.661	111.556
579.129	112.444
581.597	114.556
584.064	115
586.531	115.667
588.997	116.222
591.462	119.556
593.926	122.444
596.389	131.556
598.851	139.667
601.313	166.333
603.773	192.111
606.233	195
608.692	186.111
611.151	168.222
613.608	157.111
616.065	144.222
618.521	134.111
620.976	130.111
623.43	126.333
625.883	128.444
628.336	131.778
630.788	130.333
633.239	133.333
635.69	134.333
638.139	140.556
640.588	143.222
643.036	153.889
645.483	169.667
647.929	195.333
650.375	250
652.818	320.222
655.262	325.222
657.706	277.778
660.148	211.444
662.59	167
665.031	148.778
667.471	136.444
669.909	131.111
672.347	126.111
674.785	121.667
677.222	123.667
679.656	119.778
682.092	121.556
684.526	120.444
686.96	117.889
689.392	117.444
691.824	119.556
694.256	118.222
696.686	116.111
699.115	118.111
701.544	121.889
703.972	118.111
706.398	124.889
708.825	121.333
711.25	124
713.675	120.667
716.099	120.111
718.522	118.778
720.944	115.444
723.366	113.889
725.786	118.556
728.207	115.778
730.625	114
733.044	110.444
735.461	116.444
737.879	113.222
740.294	114.556
742.71	115.667
745.123	119.333
747.538	116
749.95	123.333
752.363	124.333
754.773	121.222
757.185	121.222
759.594	117.889
762.002	114.111
764.411	111.556
766.818	112.111
769.225	110.778
771.63	112.889
774.035	111.778
776.44	113.778
778.843	111
781.245	114.222
783.648	110.222
786.048	110
788.448	112.222
790.848	112.333
793.247	109.556
795.644	110.667
798.042	111.889
800.438	110.556
802.834	113.889
805.228	110.444
807.623	116.333
810.016	118.222
812.408	120.778
814.8	120.556
817.191	117.667
819.58	116.556
821.971	114.556
824.359	113.444
826.747	108.444
829.134	117.222
831.52	111.333
833.905	110.444
836.29	111.667
838.675	107.889
841.058	111.889
843.44	112.222
845.822	111.222
848.203	109.333
850.583	109.778
852.962	113.222
855.341	111.444
857.718	112.444
860.095	116.333
862.471	113
864.847	109.111
867.222	110.667
869.596	117.333
871.969	116
874.341	117
876.713	122.222
879.083	121.222
881.453	124.667
883.822	128
886.191	127.556
888.559	129.111
890.926	125.778
893.293	120.333
895.658	118.556
898.022	117
900.386	116.111
902.75	113.889
905.112	115.889
907.474	114.111
909.834	114
912.194	115
914.554	112.333
916.913	111.111
919.27	115.556
921.627	116.333
923.984	121.111
926.34	116
928.694	115.778
931.048	113.111
933.402	115.111
935.754	118.778
938.106	119.778
940.458	125.556
942.807	125.556
945.157	122.778
947.505	125.444
949.853	122.111
952.201	123.111
954.547	121.444
956.893	123.889
959.237	124.222
961.582	124.333
963.925	124.667
966.268	127.444
968.609	130.333
970.951	137.333
973.291	143.556
975.631	163.667
977.97	212
980.309	264.222
982.645	282.667
984.983	308.778
987.318	530
989.653	1484.44
991.988	2608.33
994.321	2479.78
996.655	1743.11
998.987	1110.67
1001.32	676.556
1003.65	376.333
1005.98	239.889
1008.31	186.889
1010.64	169.333
1012.96	171.778
1015.29	183.111
1017.62	195.111
1019.94	216
1022.27	239.111
1024.59	297.444
1026.91	509
1029.24	1293.78
1031.56	2300.22
1033.88	2125.33
1036.2	1183.44
1038.52	483.222
1040.84	256.444
1043.16	200
1045.47	168.444
1047.79	163
1050.1	158.556
1052.42	155.222
1054.74	153.556
1057.05	150.222
1059.36	146
1061.67	143.778
1063.98	153
1066.29	163.667
1068.6	176.667
1070.91	173.667
1073.22	164.222
1075.53	147
1077.84	135.333
1080.14	129
1082.45	128.222
1084.75	122.667
1087.06	124.222
1089.36	123.444
1091.66	121.333
1093.96	120.667
1096.27	119.778
1098.57	117.667
1100.87	122.222
1103.16	124.333
1105.46	124.556
1107.76	126.667
1110.06	126.778
1112.35	127.111
1114.65	128.222
1116.94	128.889
1119.23	124.444
1121.53	122.778
1123.82	121.444
1126.11	125.444
1128.4	125.333
1130.69	125.667
1132.98	127.778
1135.27	130
1137.56	131.111
1139.85	137.111
1142.13	143.222
1144.42	158.333
1146.7	168.111
1148.99	172.222
1151.27	169.778
1153.55	154.222
1155.84	144.222
1158.12	134.333
1160.4	127.444
1162.68	126.333
1164.96	125.444
1167.23	120.778
1169.51	122.667
1171.79	122.333
1174.06	122.222
1176.34	120.111
1178.62	116
1180.89	119.333
1183.16	122.444
1185.44	123.333
1187.71	120.556
1189.98	124.889
1192.25	123.778
1194.52	124
1196.79	132.111
1199.06	131.444
1201.32	138
1203.59	145.111
1205.86	156
1208.12	167.333
1210.39	193.889
1212.65	224.556
1214.91	277.667
1217.18	333.333
1219.44	349.556
1221.7	323.444
1223.96	281.111
1226.22	252.889
1228.48	238.222
1230.74	213.111
1232.99	186.222
1235.25	172.667
1237.51	153.556
1239.76	141.444
1242.02	136.667
1244.27	129.889
1246.53	128.556
1248.78	127.444
1251.03	124
1253.28	124
1255.53	121.889
1257.78	120.333
1260.03	120
1262.28	120.111
1264.53	121.333
1266.77	115
1269.02	116
1271.26	117.222
1273.51	117.333
1275.75	115.222
1278	116.889
1280.24	118.667
1282.48	117.222
1284.72	112.778
1286.96	115.556
1289.2	114
1291.44	118.222
1293.68	117
1295.92	115.222
1298.15	113.778
1300.39	112.444
1302.63	116.111
1304.86	114.778
1307.1	113
1309.33	114.889
1311.56	116.778
1313.79	112.111
1316.02	112.222
1318.26	112.889
1320.49	115.333
1322.71	115.111
1324.94	115.333
1327.17	114.444
1329.4	114.111
1331.62	112.111
1333.85	113.889
1336.08	113.667
1338.3	114
1340.52	120.333
1342.75	114.222
1344.97	116.333
1347.19	116.333
1349.41	119.556
1351.63	118.222
1353.85	122.556
1356.07	123.111
1358.29	120
1360.5	122.556
1362.72	121.889
1364.94	119
1367.15	114.667
1369.37	117.333
1371.58	118.667
1373.79	113.889
1376.01	115.444
1378.22	112.667
1380.43	115.778
1382.64	116.667
1384.85	111.444
1387.06	115.333
1389.27	115.222
1391.47	115.444
1393.68	114.778
1395.89	113.778
1398.09	117.111
1400.3	115.667
1402.5	117.556
1404.71	117.222
1406.91	113.889
1409.11	118.667
1411.31	116.444
1413.51	120
1415.71	116.667
1417.91	120.333
1420.11	118.333
1422.31	117.778
1424.51	117.778
1426.7	121.444
1428.9	119.222
1431.1	118.333
1433.29	118.111
1435.48	118.444
1437.68	123.667
1439.87	120.222
1442.06	123
1444.25	119.333
1446.44	121.222
1448.63	118.333
1450.82	118.778
1453.01	118.111
1455.2	116.889
1457.39	119
1459.57	119.667
1461.76	122.444
1463.94	115.111
1466.13	117.778
1468.31	115.111
1470.49	119.778
1472.68	119.556
1474.86	121.556
1477.04	132
1479.22	137.333
1481.4	158.111
1483.58	171.111
1485.75	165.778
1487.93	141.444
1490.11	135.444
1492.29	128.333
1494.46	124.222
1496.64	125.889
1498.81	122.111
1500.98	124
1503.16	121.444
1505.33	120.778
1507.5	116.444
1509.67	121.556
1511.84	118.111
1514.01	121.556
1516.18	118.667
1518.35	119.556
1520.51	120.667
1522.68	117.222
1524.85	119.111
1527.01	118.889
1529.18	117.556
1531.34	122.667
1533.51	123.778
1535.67	122.889
1537.83	122.333
1539.99	125.222
1542.15	127.222
1544.31	124
1546.47	129.556
1548.63	128.778
1550.79	133.556
1552.95	138.556
1555.1	139.222
1557.26	139.333
1559.41	148.556
1561.57	156.111
1563.72	169
1565.88	180.222
1568.03	205.556
1570.18	236.111
1572.33	287.556
1574.48	309.222
1576.63	311.556
1578.78	289.111
1580.93	301.222
1583.08	314.556
1585.23	296.222
1587.37	272.111
1589.52	245.889
1591.66	220.333
1593.81	202.222
1595.95	201.889
1598.1	215.778
1600.24	209
1602.38	194
1604.52	176.222
1606.66	163.111
1608.8	151.333
1610.94	149.222
1613.08	145.889
1615.22	138
1617.36	134.333
1619.49	131
1621.63	129.667
1623.77	132.111
1625.9	127.222
1628.03	127.444
1630.17	127.333
1632.3	125.333
1634.43	124.778
1636.56	125.111
1638.7	125.556
1640.83	124.333
1642.96	124
1645.08	124.667
1647.21	122.778
1649.34	122
1651.47	116.556
1653.59	120.556
1655.72	121.667
1657.84	121.333
1659.97	114.667
1662.09	118.222
1664.21	118.778
1666.34	117.889
1668.46	116.667
1670.58	118.889
1672.7	115
1674.82	118.444
1676.94	115.778
1679.06	117.222
1681.18	119.222
1683.29	119.889
1685.41	117.889
1687.52	118.667
1689.64	115.222
1691.76	120.333
1693.87	118.222
1695.98	119.889
1698.09	120.333
1700.21	117.222
1702.32	113.667
1704.43	118.778
1706.54	117.667
1708.65	116.667
1710.76	118.778
1712.86	121.778
1714.97	115.889
1717.08	112.889
1719.19	113.667
1721.29	114.667
1723.4	116.333
1725.5	114.556
1727.6	116.778
1729.71	116.556
1731.81	117.111
1733.91	113.444
1736.01	115.667
1738.11	118.667
1740.21	116.444
1742.31	118.667
1744.41	117.333
1746.51	115.778
1748.6	114.556
1750.7	117.333
1752.8	118
1754.89	113.667
1756.99	117.333
1759.08	115.556
1761.17	119.778
1763.27	116
1765.36	117
1767.45	115.222
1769.54	115.889
1771.63	114.222
1773.72	118.111
1775.81	116.333
1777.9	115.889
1779.98	116.333
1782.07	114.778
1784.16	115.333
1786.24	113.111
1788.33	116.667
1790.41	119.556
1792.5	115
1794.58	116.222
1796.66	119.222
1798.74	113.333
1800.83	117.333
1802.91	116.556
1804.99	117.444
1807.06	117
1809.14	116.889
1811.22	114.444
1813.3	111.111
1815.38	114.778
1817.45	114.222
1819.53	115.333
1821.6	116.111
1823.68	114.111
1825.75	118.778
1827.82	115
1829.9	113.556
1831.97	114.556
1834.04	115.111
1836.11	112.333
1838.18	116.333
1840.25	112.778
1842.32	115.556
1844.38	113.778
1846.45	112.889
1848.52	116.556
1850.58	115
1852.65	116.889
1854.72	120.111
1856.78	112.556
1858.84	116
1860.91	116.778
1862.97	116.222
1865.03	114.667
1867.09	113.111
1869.15	118.111
1871.21	114.222
1873.27	118.111
1875.33	118.444
1877.39	118.556
1879.44	113.333
1881.5	116.556
1883.56	115.778
1885.61	120.333
1887.67	115.333
1889.72	116.889
1891.78	115.889
1893.83	115.111
1895.88	116.222
1897.93	118.556
1899.98	117.889
1902.03	115.778
1904.08	115
1906.13	117
1908.18	116.333
1910.23	114.778
1912.28	114.222
1914.32	116.333
1916.37	114
1918.41	116.778
1920.46	113.889
1922.5	118.778
1924.55	117.111
1926.59	113.556
1928.63	118.556
1930.68	119.333
1932.72	116.778
1934.76	118.333
1936.8	120.444
1938.84	119.889
1940.87	119.111
1942.91	116.333
1944.95	117.222
1946.99	115.111
1949.02	114.333
1951.06	115.778
1953.09	112.667
1955.13	113.556
1957.16	116.333
1959.2	116.556
1961.23	115.667
1963.26	116.111
1965.29	116.889
1967.32	117.778
1969.35	113.556
1971.38	113.889
1973.41	113.111
1975.44	116.889
1977.47	116.667
1979.5	116.222
1981.52	113.333
1983.55	115.333
1985.57	113.778
1987.6	115.222
1989.62	114.444
1991.64	116.111
1993.67	112.889
1995.69	115.889
1997.71	115.333
1999.73	116.111
2001.75	114.667
2003.77	111.778
2005.79	118.444
2007.81	114.111
2009.83	114.444
2011.85	117
2013.86	114.556
2015.88	116.778
2017.89	114.889
2019.91	118
2021.92	113.444
2023.94	114.889
2025.95	114.111
2027.96	114.222
2029.97	120.111
2031.99	115.111
2034	115.111
2036.01	113.889
2038.02	115.111
2040.03	114.889
2042.03	113.222
2044.04	116.667
2046.05	119.222
2048.06	112.444
2050.06	115.889
2052.07	113.333
2054.07	114
2056.08	117.444
2058.08	110.556
2060.08	115.222
2062.08	115
2064.09	115.556
2066.09	114.778
2068.09	109.889
2070.09	114.444
2072.09	116.889
2074.09	113.889
2076.08	111
2078.08	115.556
2080.08	113.889
2082.07	112.556
2084.07	115.111
2086.07	114.222
2088.06	114.556
2090.05	114.556
2092.05	118
2094.04	113.889
2096.03	113.222
2098.02	115
2100.01	114.333
2102	117.444
2103.99	114.556
2105.98	113
2107.97	110.444
2109.96	114.556
2111.95	113.444
2113.94	113.111
2115.92	117.222
2117.91	112.667
2119.89	114.222
2121.88	115.444
2123.86	114.667
2125.84	113
2127.83	114.556
2129.81	116.444
2131.79	115.333
2133.77	117.667
2135.75	109.222
2137.73	115.333
2139.71	115.556
2141.69	115
2143.67	112.667
2145.64	115.333
2147.62	112.333
2149.6	113.556
2151.57	110.333
2153.55	114.111
2155.52	116.333
2157.5	115.111
2159.47	116.222
2161.44	113
2163.41	111.222
2165.39	113.667
2167.36	116.333
2169.33	116.444
2171.3	114.778
2173.27	116.556
2175.24	114.889
2177.2	113
2179.17	118.556
2181.14	116.333
2183.1	116
2185.07	114.778
2187.03	117.111
2189	113
2190.96	117.556
2192.93	117
2194.89	116
2196.85	117.222
2198.81	114.222
2200.77	118.333
2202.73	114.222
2204.69	115.222
2206.65	111.889
2208.61	112.333
2210.57	109.333
2212.53	111.778
2214.48	113.667
2216.44	113.444
2218.4	114.444
2220.35	114.778
2222.31	116.111
2224.26	116.222
2226.21	116.111
2228.17	111.556
2230.12	114.667
2232.07	113.889
2234.02	116
2235.97	113.222
2237.92	109.889
2239.87	111.556
2241.82	115
2243.77	111.222
2245.72	113.444
2247.66	110.778
2249.61	107.889
2251.56	114.889
2253.5	112
2255.45	111.222
2257.39	112.667
2259.33	109.556
2261.28	110.778
2263.22	111.667
2265.16	110.667
2267.1	111.889
2269.04	112
2270.99	110.556
2272.92	111.556
2274.86	111.111
2276.8	114.111
2278.74	112
2280.68	111.556
2282.61	111.111
2284.55	113.444
2286.49	108.111
2288.42	114.333
2290.36	114.222
2292.29	117.333
2294.22	111.444
2296.16	114.222
2298.09	114.778
2300.02	115.444
2301.95	115.667
2303.88	114.111
2305.81	113.444
2307.74	111.889
2309.67	113.333
2311.6	112.778
2313.53	109.667
2315.45	107.111
2317.38	110.889
2319.31	109.889
2321.23	113.222
2323.16	111.667
2325.08	109.667
2327	109.778
2328.93	111.222
2330.85	109.444
2332.77	108.889
2334.69	114.889
2336.62	110.667
2338.54	112.889
2340.46	108.889
2342.38	111.778
2344.29	109.222
2346.21	110.778
2348.13	112.333
2350.05	113.111
2351.96	111
2353.88	111.556
2355.79	112.667
2357.71	112.111
2359.62	111.778
2361.54	116.444
2363.45	112.222
2365.36	117.444
2367.27	114.444
2369.19	116.667
2371.1	115.889
2373.01	120.111
2374.92	124.889
2376.83	124.333
2378.73	124.111
2380.64	117.556
2382.55	114.889
2384.46	113.556
2386.36	113.222
2388.27	113
2390.17	110.778
2392.08	112.667
2393.98	108.889
2395.89	112.444
2397.79	110.444
2399.69	110
2401.59	110.778
2403.5	105.222
2405.4	110
2407.3	109.222
2409.2	110.667
2411.09	110.778
2412.99	110.889
2414.89	111.778
2416.79	105.889
2418.69	107.222
2420.58	109.889
2422.48	110.889
2424.37	111.667
2426.27	114
2428.16	114.111
2430.06	110.222
2431.95	113.444
2433.84	116.444
2435.73	114.667
2437.62	116.111
2439.52	114.556
2441.41	113.111
2443.3	120.444
2445.19	119.444
