186.85	908.444
189.449	897.333
192.047	899.333
194.645	900.222
197.241	892
199.837	900.222
202.431	877.556
205.025	890.444
207.619	893.556
210.21	875.333
212.802	867.333
215.392	878.889
217.982	861.778
220.57	851.333
223.158	864.444
225.744	844
228.331	856.444
230.915	839.333
233.5	854.445
236.083	847.556
238.666	844.667
241.247	856.667
243.827	851.111
246.408	851.111
248.986	850
251.565	852.222
254.142	851.333
256.719	865.778
259.294	873.333
261.868	886.667
264.443	875.333
267.015	885.778
269.587	888.222
272.159	902.444
274.729	884.444
277.298	897.778
279.867	882.667
282.435	888.444
285.001	876.222
287.568	897.111
290.133	885.778
292.697	890.889
295.26	890.667
297.824	897.333
300.385	922.667
302.945	906.667
305.505	907.556
308.064	903.778
310.623	877.556
313.18	888.222
315.737	870.667
318.292	865.111
320.847	877.333
323.402	882
325.955	873.556
328.507	882.444
331.058	887.778
333.609	894.889
336.158	872.444
338.707	893.555
341.255	895.333
343.802	910
346.349	915.111
348.895	917.778
351.439	932.667
353.983	972.445
356.526	990.444
359.068	1021.56
361.609	1047.78
364.149	1035.33
366.689	1023.33
369.227	1007.33
371.765	972.222
374.302	959.778
376.838	939.778
379.374	929.556
381.908	920
384.442	918
386.973	890.444
389.505	892.889
392.036	885.111
394.567	888
397.096	889.111
399.625	902.667
402.153	891.778
404.68	927.333
407.206	902.444
409.73	912
412.254	906
414.778	886
417.301	910.444
419.823	880.444
422.343	901.778
424.863	888.445
427.383	879.333
429.901	884.667
432.418	899.333
434.935	909.556
437.451	899.111
439.966	916.667
442.48	926.444
444.993	919.333
447.506	914.889
450.019	907.111
452.528	903.111
455.039	913.333
457.549	894.667
460.056	923.556
462.564	898.889
465.07	898.667
467.576	899.111
470.082	906
472.585	906.667
475.089	902.444
477.591	911.111
480.093	920.889
482.595	920.667
485.094	930.444
487.594	941.111
490.091	935.778
492.59	964.222
495.086	946
497.582	950.889
500.076	946.889
502.571	943.111
505.064	933.111
507.558	925.111
510.049	914.222
512.54	922
515.03	919.111
517.518	923.333
520.008	923.778
522.495	921.111
524.983	908.889
527.468	911.111
529.954	905.333
532.438	912.444
534.921	912.889
537.404	902.444
539.886	923.111
542.366	920.222
544.848	930.444
547.327	935.556
549.805	933.556
552.284	938.444
554.76	911.778
557.236	932.667
559.711	928.444
562.186	920.444
564.66	933.556
567.132	941.778
569.604	952.222
572.076	987.556
574.547	1069.56
577.016	1164.89
579.484	1244.67
581.952	1280.22
584.419	1218.22
586.887	1149.11
589.352	1061.11
591.816	992.444
594.28	965.111
596.743	941.333
599.205	931.778
601.667	940.444
604.127	919.111
606.588	933.556
609.047	919.111
611.505	909.111
613.963	928
616.419	926.889
618.875	926.444
621.33	934.222
623.784	928.222
626.238	942
628.69	956.445
631.142	950.444
633.593	949.111
636.043	956.667
638.493	953.111
640.941	949.333
643.389	970.667
645.835	945.555
648.281	961.556
650.727	949.111
653.171	950.889
655.615	942.444
658.058	938.222
660.501	942.889
662.942	938.222
665.382	937.778
667.822	936.889
670.261	949.111
672.699	933.778
675.137	936
677.574	953.778
680.008	948.667
682.443	948.667
684.878	951.778
687.312	950.222
689.743	951.778
692.175	956.889
694.607	941.111
697.037	941.778
699.466	953.111
701.895	972.444
704.323	967.111
706.749	962.444
709.175	965.555
711.601	967.556
714.025	954.444
716.449	942.889
718.871	954.444
721.294	954.444
723.716	964.889
726.136	948
728.556	956.222
730.975	943.333
733.394	960
735.812	934.889
738.228	946.889
740.644	933.111
743.058	953.556
745.473	928.889
747.886	926.222
750.3	921.111
752.711	937.778
755.123	927.111
757.533	930.667
759.942	939.333
762.351	928
764.759	929.778
767.167	939.333
769.573	938
771.979	954.667
774.383	970.222
776.787	979.556
779.191	985.778
781.593	978.889
783.994	955.555
786.396	962
788.796	953.778
791.195	956
793.595	948.444
795.992	957.556
798.389	965.778
800.786	964.445
803.181	963.333
805.576	959.556
807.969	965.556
810.363	972.889
812.755	986.222
815.147	996.222
817.537	998.444
819.927	1001.11
822.318	1013.33
824.706	997.111
827.093	1014.89
829.48	997.333
831.866	981.333
834.251	973.778
836.636	966.444
839.021	962.667
841.404	965.556
843.786	959.111
846.167	951.556
848.548	970.667
850.928	970.889
853.307	969.333
855.685	972
858.063	977.333
860.44	967.556
862.816	965.333
865.192	950
867.566	982
869.94	982.667
872.313	982.889
874.685	971.333
877.057	970.889
879.428	971.333
881.798	974
884.167	981.778
886.536	954.444
888.902	964.889
891.269	972
893.636	973.333
896.001	963.333
898.366	975.778
900.73	972.222
903.094	975.333
905.455	961.556
907.817	969.778
910.178	967.111
912.538	970
914.898	967.111
917.255	964.222
919.613	957.556
921.971	961.111
924.327	953.111
926.682	960
929.037	970.667
931.391	966.444
933.744	959.333
936.096	962
938.449	979.556
940.799	972
943.149	964.889
945.499	977.111
947.847	976
950.195	972
952.542	963.778
954.889	991.111
957.235	986.445
959.579	979.556
961.924	990.889
964.266	981.333
966.609	975.111
968.951	964.667
971.292	980.667
973.632	986.889
975.972	976
978.31	975.778
980.649	976
982.986	977.556
985.323	986.222
987.659	988.444
989.994	1006.22
992.328	998.667
994.662	999.333
996.995	1016.22
999.326	1006.22
1001.66	996.222
1003.99	1007.33
1006.32	1015.78
1008.65	1007.78
1010.98	1011.78
1013.3	1025.56
1015.63	1034.89
1017.96	1018.44
1020.28	1009.56
1022.61	1005.33
1024.93	1011.33
1027.25	996.222
1029.58	1023.56
1031.9	1015.11
1034.22	1020
1036.54	1028.22
1038.86	1037.33
1041.18	1037.33
1043.49	1057.11
1045.81	1065.56
1048.13	1072.22
1050.44	1115.11
1052.76	1133.78
1055.07	1164.22
1057.39	1199.33
1059.7	1285.56
1062.01	1433.78
1064.32	1653.11
1066.63	1954.89
1068.94	2343.78
1071.25	2703.11
1073.56	2842.89
1075.87	2789.56
1078.17	2444.22
1080.48	2098.89
1082.79	1749.78
1085.09	1523.78
1087.39	1399.11
1089.7	1308.67
1092	1279.78
1094.3	1241.78
1096.6	1221.56
1098.9	1209.78
1101.2	1172.89
1103.5	1154
1105.8	1146
1108.1	1122.44
1110.39	1113.11
1112.69	1120
1114.98	1123.78
1117.28	1115.78
1119.57	1122.67
1121.86	1102
1124.16	1116.67
1126.45	1105.33
1128.74	1112
1131.03	1094
1133.32	1079.56
1135.61	1096.44
1137.89	1084.67
1140.18	1093.11
1142.47	1102.22
1144.75	1086.22
1147.04	1107.78
1149.32	1121.78
1151.61	1122.67
1153.89	1127.33
1156.17	1116.89
1158.45	1147.56
1160.73	1164.44
1163.01	1185.33
1165.29	1176.67
1167.57	1223.11
1169.85	1306.22
1172.12	1411.56
1174.4	1583.56
1176.68	1696.22
1178.95	1671.33
1181.22	1544.44
1183.5	1406
1185.77	1318.44
1188.04	1261.56
1190.31	1230.44
1192.58	1234
1194.85	1237.11
1197.12	1262.22
1199.39	1284
1201.66	1255.78
1203.92	1236.89
1206.19	1205.56
1208.45	1182
1210.72	1162.67
1212.98	1170.89
1215.25	1159.11
1217.51	1134.44
1219.77	1149.11
1222.03	1141.11
1224.29	1148.67
1226.55	1141.56
1228.81	1163.11
1231.07	1144.89
1233.33	1169.56
1235.58	1161.56
1237.84	1173.56
1240.09	1178.89
1242.35	1170
1244.6	1170.22
1246.86	1187.78
1249.11	1192.22
1251.36	1200.89
1253.61	1163.56
1255.86	1196.44
1258.11	1170.89
1260.36	1167.56
1262.61	1199.11
1264.86	1174.22
1267.1	1172.22
1269.35	1191.78
1271.6	1185.33
1273.84	1196.22
1276.08	1185.33
1278.33	1204.44
1280.57	1204.67
1282.81	1190.67
1285.05	1177.78
1287.29	1190.67
1289.53	1184.44
1291.77	1191.78
1294.01	1190.44
1296.25	1186.22
1298.48	1198.44
1300.72	1197.33
1302.96	1182.89
1305.19	1184.22
1307.42	1201.11
1309.66	1198.22
1311.89	1188.89
1314.12	1184.44
1316.35	1192.67
1318.58	1197.33
1320.81	1198.67
1323.04	1201.78
1325.27	1192
1327.5	1188.44
1329.73	1184.44
1331.95	1198
1334.18	1200.44
1336.4	1183.11
1338.63	1202.89
1340.85	1188.89
1343.08	1192.44
1345.3	1170.89
1347.52	1195.78
1349.74	1179.78
1351.96	1183.56
1354.18	1189.56
1356.4	1179.78
1358.61	1205.33
1360.83	1206.22
1363.05	1201.78
1365.27	1199.11
1367.48	1198.22
1369.69	1182.44
1371.91	1199.56
1374.12	1187.11
1376.33	1194.44
1378.55	1179.78
1380.76	1201.56
1382.97	1193.56
1385.18	1200.67
1387.39	1186.89
1389.59	1201.33
1391.8	1197.33
1394.01	1192.67
1396.21	1182.89
1398.42	1185.11
1400.63	1189.56
1402.83	1177.56
1405.03	1201.56
1407.24	1194
1409.44	1183.33
1411.64	1190.44
1413.84	1178.22
1416.04	1190.67
1418.24	1172.89
1420.44	1193.56
1422.64	1197.11
1424.83	1190.44
1427.03	1181.56
1429.23	1176.67
1431.42	1193.56
1433.62	1179.78
1435.81	1179.11
1438	1198.89
1440.19	1210.67
1442.39	1210.44
1444.58	1219.78
1446.77	1238.44
1448.96	1234.67
1451.15	1239.33
1453.34	1266.22
1455.52	1265.33
1457.71	1276.44
1459.9	1309.56
1462.08	1324
1464.27	1332.22
1466.45	1343.56
1468.64	1357.11
1470.82	1370.67
1473	1367.78
1475.18	1423.78
1477.36	1393.33
1479.54	1360.67
1481.72	1311.11
1483.9	1298.44
1486.08	1297.33
1488.26	1306.22
1490.43	1291.78
1492.61	1284
1494.78	1302.44
1496.96	1327.33
1499.13	1319.33
1501.31	1312.67
1503.48	1341.11
1505.65	1317.11
1507.82	1312.22
1509.99	1335.78
1512.16	1338.89
1514.33	1358.22
1516.5	1355.56
1518.67	1348.44
1520.84	1351.11
1523	1375.33
1525.17	1368.22
1527.34	1380.67
1529.5	1386
1531.66	1386.67
1533.83	1369.11
1535.99	1378.89
1538.15	1365.78
1540.31	1356.89
1542.47	1373.56
1544.63	1403.78
1546.79	1387.33
1548.95	1401.33
1551.11	1403.78
1553.27	1416.22
1555.42	1415.56
1557.58	1435.33
1559.73	1466.89
1561.89	1494
1564.04	1548.44
1566.2	1614.67
1568.35	1714
1570.5	1824.67
1572.65	1981.33
1574.8	2210.44
1576.95	2494.89
1579.1	2923.78
1581.25	3258.67
1583.4	3466.44
1585.55	3401.11
1587.69	3028.44
1589.84	2592
1591.99	2232.44
1594.13	1998.22
1596.27	1810.22
1598.42	1690
1600.56	1586
1602.7	1530.44
1604.84	1466.67
1606.98	1431.78
1609.12	1389.56
1611.26	1376
1613.4	1325.56
1615.54	1310.22
1617.68	1306.89
1619.81	1257.78
1621.95	1244.89
1624.08	1215.33
1626.22	1210.22
1628.35	1210.44
1630.49	1182.44
1632.62	1189.11
1634.75	1155.33
1636.88	1164.89
1639.01	1140.67
1641.14	1123.11
1643.27	1109.56
1645.4	1106.67
1647.53	1078.22
1649.66	1076.22
1651.79	1068.67
1653.91	1078.89
1656.04	1053.11
1658.16	1038
1660.29	1053.78
1662.41	1023.56
1664.53	1011.33
1666.66	1010.44
1668.78	1004
1670.9	994
1673.02	980.222
1675.14	1001.33
1677.26	980.667
1679.38	972
1681.49	965.111
1683.61	957.111
1685.73	944.889
1687.84	947.333
1689.96	952
1692.07	943.556
1694.19	935.556
1696.3	934
1698.41	937.111
1700.52	920
1702.64	924.444
1704.75	938.444
1706.86	914.444
1708.97	930.667
1711.07	914.444
1713.18	904
1715.29	914.444
1717.4	918.444
1719.5	915.333
1721.61	918.667
1723.71	896.667
1725.82	885.556
1727.92	895.556
1730.02	893.556
1732.12	894
1734.23	885.111
1736.33	894.444
1738.43	886.667
1740.53	887.556
1742.63	886.222
1744.72	870.445
1746.82	879.778
1748.92	877.556
1751.02	852.222
1753.11	864.889
1755.21	856.222
1757.3	858
1759.4	857.333
1761.49	857.778
1763.58	849.333
1765.67	835.333
1767.76	856
1769.86	870.222
1771.95	844
1774.03	847.111
1776.12	834.444
1778.21	840
1780.3	844.667
1782.39	831.111
1784.47	840.889
1786.56	840.222
1788.64	836.889
1790.73	845.111
1792.81	832.444
1794.89	838
1796.98	838.444
1799.06	823.778
1801.14	832.667
1803.22	840.889
1805.3	835.778
1807.38	835.111
1809.46	807.778
1811.54	830
1813.61	820
1815.69	820.444
1817.77	817.556
1819.84	819.778
1821.92	824.444
1823.99	832.222
1826.06	821.333
1828.14	815.333
1830.21	811.556
1832.28	807.556
1834.35	809.778
1836.42	816.889
1838.49	804.444
1840.56	814.667
1842.63	811.778
1844.7	808.889
1846.77	812.222
1848.83	805.556
1850.9	794.667
1852.96	796.889
1855.03	807.111
1857.09	806.889
1859.15	792.222
1861.22	795.111
1863.28	788.444
1865.34	804.889
1867.4	770.222
1869.46	791.111
1871.52	776.222
1873.58	781.333
1875.64	794.667
1877.7	789.111
1879.76	790.889
1881.81	782.667
1883.87	766.667
1885.92	774.444
1887.98	774.444
1890.03	776
1892.09	780.667
1894.14	765.778
1896.19	778.667
1898.24	771.778
1900.29	772.667
1902.34	770.667
1904.4	773.333
1906.44	764.444
1908.49	770.889
1910.54	775.333
1912.59	776.222
1914.63	756.889
1916.68	752.444
1918.73	781.778
1920.77	770
1922.81	771.556
1924.86	773.111
1926.9	768.222
1928.94	760.222
1930.99	763.555
1933.03	764.444
1935.07	746.444
1937.11	758
1939.15	756
1941.19	754.222
1943.22	757.556
1945.26	758
1947.3	755.555
1949.33	748.444
1951.37	740.445
1953.4	753.333
1955.44	756.444
1957.47	742.667
1959.51	748.222
1961.54	732.889
1963.57	740.667
1965.6	735.556
1967.63	732.222
1969.66	731.778
1971.69	732.667
1973.72	739.333
1975.75	742.667
1977.78	727.111
1979.8	740
1981.83	727.333
1983.86	722
1985.88	731.556
1987.91	731.333
1989.93	726.444
1991.95	734.667
1993.98	719.333
1996	725.556
1998.02	704
2000.04	709.778
2002.06	713.111
2004.08	721.111
2006.1	720.667
2008.12	722.667
2010.14	735.111
2012.15	718.889
2014.17	723.333
2016.19	730.667
2018.2	713.333
2020.22	721.333
2022.23	714.222
2024.25	732.667
2026.26	724
2028.27	725.111
2030.28	722.444
2032.29	722.889
2034.3	720
2036.32	718.222
2038.32	725.111
2040.33	720.222
2042.34	698.445
2044.35	717.556
2046.36	719.111
2048.36	725.333
2050.37	719.556
2052.37	721.333
2054.38	720.667
2056.38	698.222
2058.39	714.667
2060.39	714
2062.39	693.556
2064.39	708.889
2066.39	700.667
2068.39	710.444
2070.39	707.556
2072.39	712.667
2074.39	695.111
2076.39	704.222
2078.39	688
2080.39	719.778
2082.38	684.667
2084.38	705.111
2086.37	705.778
2088.37	704.667
2090.36	704.222
2092.35	697.778
2094.35	688
2096.34	688.444
2098.33	700
2100.32	694.444
2102.31	697.778
2104.3	689.778
2106.29	691.778
2108.28	701.333
2110.27	699.333
2112.25	703.333
2114.24	709.111
2116.23	719.556
2118.21	726.444
2120.2	715.111
2122.18	730.222
2124.17	744.889
2126.15	740.667
2128.13	740.889
2130.11	729.111
2132.09	716.889
2134.08	736
2136.06	728.222
2138.04	724
2140.02	708.889
2141.99	726
2143.97	711.333
2145.95	709.778
2147.93	701.778
2149.9	696.222
2151.88	682.667
2153.85	700.444
2155.83	692
2157.8	690.667
2159.77	692.222
2161.75	698.222
2163.72	685.111
2165.69	674.444
2167.66	680.889
2169.63	678.889
2171.6	696.444
2173.57	675.333
2175.54	672
2177.51	684.889
2179.47	676.444
2181.44	676.667
2183.41	663.111
2185.37	669.556
2187.34	663.111
2189.3	645.111
2191.27	673.556
2193.23	675.111
2195.19	670.889
2197.15	666.667
2199.11	664.667
2201.08	676.222
2203.04	692.889
2205	707.556
2206.96	723.111
2208.91	746.889
2210.87	787.333
2212.83	853.778
2214.79	909.333
2216.74	1042.89
2218.7	1184.89
2220.65	1342
2222.61	1454.89
2224.56	1523.78
2226.52	1499.78
2228.47	1402.89
2230.42	1284
2232.37	1168
2234.32	1034
2236.27	941.778
2238.22	870.222
2240.17	807.778
2242.12	766.889
2244.07	739.333
2246.02	710.889
2247.97	705.333
2249.91	676.889
2251.86	686.667
2253.8	690.222
2255.75	663.111
2257.69	658.889
2259.64	632.889
2261.58	633.778
2263.52	632
2265.46	634.444
2267.4	637.111
2269.35	623.333
2271.29	624.889
2273.23	618.222
2275.16	613.778
2277.1	605.556
2279.04	614.667
2280.98	605.778
2282.92	603.333
2284.85	604
2286.79	596
2288.72	596.222
2290.66	600
2292.59	604.889
2294.52	593.333
2296.46	592.667
2298.39	596
2300.32	589.778
2302.25	592.667
2304.18	590.667
2306.11	581.556
2308.04	587.111
2309.97	594
2311.9	594.889
2313.83	580.667
2315.75	589.778
2317.68	579.111
2319.61	576.889
2321.53	580.444
2323.46	592.889
2325.38	581.333
2327.3	580.889
2329.23	584.889
2331.15	588.444
2333.07	590.889
2334.99	579.111
2336.91	577.111
2338.83	578.222
2340.75	575.111
2342.67	577.333
2344.59	589.555
2346.51	576
2348.43	579.778
2350.35	581.556
2352.26	575.111
2354.18	580.889
2356.09	575.333
2358.01	565.333
2359.92	576.889
2361.83	574.889
2363.75	581.111
2365.66	579.111
2367.57	560.667
2369.48	567.778
2371.39	555.111
2373.31	564.444
2375.21	559.778
2377.12	557.333
2379.03	553.778
2380.94	568.667
2382.85	562.444
2384.76	553.556
2386.66	560.889
2388.57	558
2390.47	574
2392.38	554.667
2394.28	552.667
2396.18	553.778
2398.09	550.889
2399.99	544.667
2401.89	544.445
2403.79	558.889
2405.69	540
2407.59	546.889
2409.49	542.667
2411.39	539.333
2413.29	547.778
2415.19	541.778
2417.09	541.778
2418.98	540.889
2420.88	525.111
2422.78	538.444
2424.67	535.556
2426.57	528
2428.46	536.444
2430.35	540
2432.25	525.333
2434.14	544
2436.03	539.333
2437.92	537.555
2439.81	545.333
2441.7	536.667
2443.59	541.778
2445.48	526.667
2447.37	541.111
2449.26	537.556
2451.15	528.889
2453.03	535.333
