365.286	413.778
368.238	419.271
371.189	409.633
374.139	417.712
377.087	436.001
380.034	439.556
382.979	433.892
385.923	430.778
388.866	412.07
391.806	395.969
394.745	391.493
397.684	402.958
400.62	423.448
403.555	439.728
406.49	473.958
409.421	490.667
412.353	544.371
415.282	561.858
418.209	570.927
421.137	533.156
424.062	480.847
426.985	427.111
429.908	417.069
432.829	425.038
435.748	409.445
438.666	402.012
441.583	383.416
444.498	379.804
447.412	382.445
450.324	383.514
453.235	374.237
456.145	372.525
459.052	377.67
461.959	376.027
464.865	372.78
467.769	365.969
470.671	366.49
473.572	372.747
476.471	360.483
479.37	358.014
482.266	356.157
485.162	363.368
488.056	353.992
490.948	352.647
493.839	376.337
496.73	385.553
499.618	427.003
502.505	468.889
505.39	498.9
508.275	525.192
511.157	522.621
514.039	514.237
516.919	514.126
519.798	537.433
522.674	534.621
525.55	555.077
528.425	549.214
531.297	556.188
534.169	545.199
537.039	518.778
539.908	480.636
542.775	429.421
545.642	406.049
548.506	379.859
551.369	349.934
554.231	339.198
557.092	332.012
559.951	320.788
562.808	318.257
565.664	301.16
568.519	302.997
571.373	295.816
574.225	291.112
577.076	301.705
579.925	285.585
582.773	287.413
585.62	278.775
588.466	291.08
591.309	281.102
594.152	281.892
596.993	277.045
599.832	281.08
602.671	281.857
605.508	274.627
608.343	277.969
611.178	288.899
614.011	283.182
616.842	288.177
619.672	277.079
622.501	295.156
625.329	300.36
628.155	291.014
630.98	304.234
633.802	301.157
636.624	297.191
639.445	292.382
642.264	282.969
645.082	283.892
647.898	286.861
650.714	291.382
653.527	286.513
656.34	281.106
659.151	287.143
661.961	283.334
664.769	279.146
667.576	287.371
670.382	280.969
673.186	288.334
675.989	297.516
678.791	309.356
681.591	329.635
684.39	372.528
687.187	428.189
689.983	479.886
692.779	493.59
695.572	412.192
698.363	366.034
701.155	335.413
703.944	297.961
706.733	303.624
709.519	288.049
712.305	290.337
715.089	289.736
717.871	280.778
720.653	283.402
723.433	273.601
726.212	272.156
728.989	278.413
731.765	270.479
734.54	279.18
737.313	269.712
740.085	271.604
742.856	266.745
745.625	270.102
748.394	267.884
751.16	267.194
753.926	262.57
756.689	271.395
759.452	275.448
762.214	269.82
764.974	272.992
767.733	273.049
770.49	273.291
773.246	264.195
776.001	263.083
778.755	278.444
781.507	275.47
784.258	280.824
787.007	298.083
789.756	320.888
792.502	342.444
795.247	371.666
797.992	402.491
800.735	420.67
803.477	394.267
806.217	371.843
808.956	330.115
811.694	323.045
814.43	302.28
817.165	301.49
819.899	290.334
822.631	295.257
825.362	284.593
828.092	292.195
830.82	289.513
833.548	290.47
836.274	284.513
838.998	285.601
841.721	285.413
844.444	280.222
847.165	274.747
849.884	275.34
852.601	272.792
855.318	266.935
858.034	274.78
860.749	263.18
863.461	268.01
866.173	257.995
868.883	258.715
871.592	255.969
874.3	265.51
877.006	252.903
879.712	264.223
882.415	254.813
885.118	260.735
887.819	261.493
890.519	260.137
893.218	252.778
895.914	250.993
898.611	258.813
901.306	257.012
903.999	254.582
906.692	262.348
909.382	262.482
912.072	257.805
914.761	254.567
917.447	248.954
920.133	256.938
922.818	258.604
925.501	259.69
928.183	259.108
930.864	252.371
933.543	258.3
936.221	257.792
938.898	263.403
941.574	261.183
944.248	252.972
946.921	250.778
949.593	273.218
952.263	267.75
954.932	261.245
957.6	263.294
960.267	262.18
962.932	263.778
965.597	262.084
968.26	267.671
970.922	263.115
973.581	267.326
976.241	259.148
978.898	272.295
981.555	271.337
984.21	289.336
986.864	310.072
989.517	313.559
992.169	359.183
994.819	548.677
997.468	860.455
1000.12	773.378
1002.76	497.038
1005.41	372.403
1008.05	340.138
1010.69	347.038
1013.34	373.44
1015.98	433.226
1018.61	590.156
1021.25	743.489
1023.89	653.822
1026.52	471.517
1029.16	373.292
1031.79	342.334
1034.42	337.925
1037.05	329.779
1039.68	335.081
1042.31	350.192
1044.93	356.226
1047.56	395.001
1050.18	409.292
1052.81	428.557
1055.43	447.264
1058.05	510.779
1060.67	617.517
1063.28	790.778
1065.9	1076.07
1068.52	1444.59
1071.13	1838.12
1073.74	2086.2
1076.35	2238.59
1078.96	2154.27
1081.57	1977.9
1084.18	1667.74
1086.79	1344.05
1089.39	1038.74
1092	825.557
1094.6	669.258
1097.2	560.147
1099.8	512.927
1102.4	488.969
1105	458.705
1107.6	445.736
1110.19	429.48
1112.79	416.295
1115.38	396.115
1117.97	383.046
1120.56	357.035
1123.15	352.177
1125.74	346.702
1128.33	335.559
1130.91	328.442
1133.5	318.177
1136.08	307.556
1138.66	297.288
1141.24	285.413
1143.82	288.78
1146.4	286.145
1148.98	284.816
1151.55	297.08
1154.13	292.824
1156.7	283.713
1159.27	288.003
1161.85	290.368
1164.42	295.739
1166.98	293.138
1169.55	314.625
1172.12	310.668
1174.68	334.884
1177.25	373.625
1179.81	395.411
1182.37	429.736
1184.93	430.414
1187.49	371.636
1190.05	330.44
1192.6	295.44
1195.16	273.249
1197.71	261.001
1200.27	268.414
1202.82	258.26
1205.37	258.294
1207.92	253.192
1210.47	253.739
1213.01	261.141
1215.56	259.89
1218.1	261.636
1220.65	256.89
1223.19	265.258
1225.73	272.445
1228.27	261.003
1230.81	265.181
1233.35	272.181
1235.88	278.705
1238.42	271.445
1240.95	272.112
1243.48	287.839
1246.02	278.112
1248.55	289.482
1251.07	292.625
1253.6	293.073
1256.13	311.403
1258.66	312.514
1261.18	312.403
1263.7	316.813
1266.22	324.149
1268.75	335.073
1271.27	343.779
1273.78	351.702
1276.3	357.779
1278.82	375.728
1281.33	383.334
1283.85	381.551
1286.36	377.858
1288.87	377.824
1291.38	373.269
1293.89	383.594
1296.4	367.816
1298.9	358.337
1301.41	346.97
1303.91	341.602
1306.41	336.001
1308.92	342.807
1311.42	345.633
1313.92	334.624
1316.42	326.855
1318.91	326.406
1321.41	307.812
1323.9	307.271
1326.4	300.728
1328.89	292.668
1331.38	288.67
1333.87	278.713
1336.36	282.969
1338.85	282.771
1341.34	264.146
1343.82	262.181
1346.31	255.92
1348.79	262.112
1351.27	250.736
1353.75	254.559
1356.23	255.306
1358.71	250.061
1361.19	250.547
1363.66	258.326
1366.14	266.858
1368.61	272.715
1371.09	267.517
1373.56	275.448
1376.03	278.472
1378.5	279.141
1380.96	271.001
1383.43	280.678
1385.9	281.03
1388.36	273.26
1390.83	267.414
1393.29	271.268
1395.75	269.183
1398.21	260.713
1400.67	249.858
1403.13	240.361
1405.58	248.713
1408.04	239.468
1410.49	231.184
1412.95	233.41
1415.4	233.47
1417.85	234.365
1420.3	238.912
1422.75	234.072
1425.2	238.968
1427.64	239.149
1430.09	234.218
1432.53	241.694
1434.97	228.915
1437.42	228.559
1439.86	224.41
1442.3	215.928
1444.73	210.357
1447.17	206.035
1449.61	199.398
1452.04	196.517
1454.48	195.961
1456.91	195.491
1459.34	203.348
1461.77	202.19
1464.2	204.223
1466.63	206.601
1469.06	218.003
1471.48	231.593
1473.91	236.663
1476.33	239.671
1478.75	250.668
1481.17	260.141
1483.6	258.001
1486.01	232.072
1488.43	215.371
1490.85	195.348
1493.27	191.448
1495.68	183.405
1498.09	177.374
1500.51	173.692
1502.92	169.7
1505.33	165.881
1507.74	174.515
1510.14	183.18
1512.55	184.322
1514.96	178.471
1517.36	187.771
1519.77	191.762
1522.17	191.414
1524.57	191.007
1526.97	187.083
1529.37	187.157
1531.77	180.414
1534.16	185.483
1536.56	189.739
1538.95	188.264
1541.35	194.368
1543.74	199.557
1546.13	199.472
1548.52	203.267
1550.91	214.522
1553.3	220.184
1555.68	230.555
1558.07	252.628
1560.45	263.122
1562.84	282.786
1565.22	341.261
1567.6	410.482
1569.98	528.121
1572.36	628.232
1574.74	689.153
1577.12	719.042
1579.49	798.708
1581.87	925.705
1584.24	1071.29
1586.61	1244.45
1588.98	1375.63
1591.35	1370.46
1593.72	1221.8
1596.09	1043.66
1598.46	829.808
1600.82	682.001
1603.19	537.746
1605.55	456.125
1607.92	399.815
1610.28	365.437
1612.64	335.218
1615	328.41
1617.36	300.035
1619.71	284.098
1622.07	282.779
1624.42	276.647
1626.78	266.732
1629.13	272.368
1631.48	263.31
1633.83	274.149
1636.18	270.712
1638.53	265.92
1640.88	280.18
1643.22	283.114
1645.57	282.167
1647.91	285.786
1650.26	283.263
1652.6	289.715
1654.94	298.271
1657.28	288.972
1659.62	289.747
1661.96	282.669
1664.29	261.933
1666.63	247.551
1668.96	239.919
1671.3	223.527
1673.63	209.892
1675.96	208.857
1678.29	207.869
1680.62	184.339
1682.95	188.846
1685.27	187.071
1687.6	178.707
1689.92	180.206
1692.25	161.516
1694.57	165.718
1696.89	167.454
1699.21	159.743
1701.53	161.846
1703.85	163.184
1706.17	155.282
1708.48	151.555
1710.8	153.402
1713.11	150.559
1715.43	148.676
1717.74	146.971
1720.05	146.12
1722.36	151.592
1724.67	142.447
1726.97	144.048
1729.28	136.117
1731.59	141.964
1733.89	138.087
1736.19	137.91
1738.5	133.149
1740.8	128.197
1743.1	116.938
1745.4	116.424
1747.7	110.707
1749.99	108.021
1752.29	110.53
1754.58	106.722
1756.88	105.363
1759.17	113.795
1761.46	106.607
1763.75	103.93
1766.04	104.121
1768.33	103.891
1770.62	103.451
1772.91	100.857
1775.19	94.4877
1777.48	99.6423
1779.76	102.863
1782.04	94.5724
1784.32	94.9959
1786.6	91.1522
1788.88	94.7847
1791.16	90.0945
1793.44	91.3505
1795.71	93.3771
1797.99	95.6762
1800.26	89.1279
1802.54	82.5962
1804.81	87.1202
1807.08	84.898
1809.35	89.1595
1811.62	89.1522
1813.88	88.5962
1816.15	83.1492
1818.42	81.371
1820.68	80.5962
1822.95	87.3745
1825.21	88.4506
1827.47	84.2603
1829.73	80.6073
1831.99	79.6069
1834.25	78.8689
1836.51	81.5651
1838.76	80.4087
1841.02	78.2318
1843.27	77.8185
1845.52	73.8185
1847.78	74.7074
1850.03	77.93
1852.28	69.6471
1854.53	77.4958
1856.78	78.5651
1859.02	75.9959
1861.27	77.7497
1863.51	74.6733
1865.76	78.6389
1868	78.792
1870.24	77.1202
1872.48	78.9638
1874.72	74.8607
1876.96	76.1279
1879.2	78.1202
1881.44	79.4851
1883.67	67.454
1885.91	71.1865
1888.14	73.0513
1890.37	65.454
1892.61	73.8611
1894.84	71.6069
1897.07	73.4934
1899.29	68.5302
1901.52	72.9296
1903.75	79.8607
1905.97	72.0833
1908.2	70.7837
1910.42	70.0064
1912.64	72.0096
1914.87	69.4928
1917.09	65.8295
1919.31	66.5647
1921.52	66.454
1923.74	69.8291
1925.96	67.3506
1928.17	70.75
1930.39	67.6073
1932.6	68.271
1934.81	66.2318
1937.03	70.9834
1939.24	65.718
1941.45	71.5651
1943.65	67.1173
1945.86	64.1177
1948.07	59.9298
1950.27	65.0833
1952.48	62.1515
1954.68	66.0407
1956.88	59.274
1959.08	61.6389
1961.29	59.7873
1963.48	62.8848
1965.68	61.4511
1967.88	63.274
1970.08	62.5302
1972.27	56.6069
1974.47	64.0091
1976.66	59.3051
1978.85	59.8291
1981.04	62.8291
1983.23	60.1177
1985.42	58.3847
1987.61	63.1279
1989.8	55.5622
1991.99	58.7155
1994.17	60.5278
1996.36	57.4167
1998.54	61.2971
2000.72	58.4617
2002.9	54.7078
2005.08	56.3424
2007.26	57.4928
2009.44	57.93
2011.62	57.0833
2013.8	55.5967
2015.97	52.1202
2018.15	57.3424
2020.32	58.1625
2022.49	55.3745
2024.66	56.3847
2026.83	52.5622
2029	57.9377
2031.17	58.3429
2033.34	54.972
2035.51	53.5651
2037.67	54.6073
2039.84	54.271
2042	50.6044
2044.16	47.1207
2046.32	51.6762
2048.48	55.8266
2050.64	50.0862
2052.8	54.1599
2054.96	52.6044
2057.12	53.7526
2059.27	49.3822
2061.43	49.7873
2063.58	52.7528
2065.73	52.0518
2067.89	52.2706
2070.04	49.3851
2072.19	51.1173
2074.34	52.8611
2076.48	47.5964
2078.63	50.7184
2080.78	50.5273
2082.92	49.6389
2085.07	51.0484
2087.21	50.8984
2089.35	54.9406
2091.49	52.2395
2093.63	50.1207
2095.77	50.4851
2097.91	50.8951
2100.05	50.454
2102.19	49.0518
2104.32	46.2735
2106.45	48.3745
2108.59	50.718
2110.72	52.2313
2112.85	50.2735
2114.98	47.8295
2117.11	48.0411
2119.24	49.3429
2121.37	47.1599
2123.5	49.9748
2125.62	48.7873
2127.75	50.1522
2129.87	47.3051
2131.99	48.5278
2134.11	45.5306
2136.24	48.5967
2138.36	48.4162
2140.47	50.454
2142.59	51.4162
2144.71	46.1599
2146.83	48.1624
2148.94	48.4167
2151.06	48.9406
2153.17	45.1629
2155.28	44.3429
2157.39	46.274
2159.5	44.9403
2161.61	44.2318
2163.72	44.1518
2165.83	46.4962
2167.94	45.2288
2170.04	44.7873
2172.15	41.7873
2174.25	45.0411
2176.35	44.5304
2178.45	42.4933
2180.56	45.8189
2182.66	43.0095
2184.75	39.4856
2186.85	43.1202
2188.95	43.7184
2191.05	40.0411
2193.14	45.0518
2195.24	40.8295
2197.33	39.4511
2199.42	40.0518
2201.51	41.8189
2203.6	40.3745
2205.69	39.4617
2207.78	40.7155
2209.87	40.93
2211.96	37.3745
2214.04	41.1207
2216.13	42.3825
2218.21	37.2633
2220.29	40.975
2222.38	46.2288
2224.46	40.7844
2226.54	39.8611
2228.62	38.0095
2230.69	40.0411
2232.77	40.5967
2234.85	40.1944
2236.92	38.5622
2239	37.6073
2241.07	40.0411
2243.15	37.75
2245.22	39.8611
2247.29	33.6073
2249.36	37.1522
2251.43	39.5278
2253.49	36.1599
2255.56	39.3822
2257.63	35.4511
2259.69	36.1207
2261.76	41.3745
2263.82	37.0066
2265.88	37.4167
2267.95	38.3822
2270.01	34.975
2272.07	34.6839
2274.12	36.1944
2276.18	29.8955
2278.24	36.454
2280.3	33.8984
2282.35	35.7155
2284.41	37.8611
2286.46	32.1629
2288.51	34.2318
2290.56	35.5728
2292.61	36.75
2294.66	34.8295
2296.71	32.1522
2298.76	32.8295
2300.8	33.3056
2302.85	34.271
2304.9	33.4195
2306.94	33.7155
2308.98	34.8984
2311.03	32.6389
2313.07	33.1599
2315.11	34.4962
2317.15	35.2633
2319.19	31.2318
2321.22	27.9377
2323.26	31.9406
2325.3	31.75
2327.33	33.3429
2329.36	33.5967
2331.4	36.1518
2333.43	31.6044
2335.46	32.93
2337.49	32.7078
2339.52	31.0518
2341.55	31.4962
2343.58	29.1177
2345.6	31.2288
2347.63	48.5651
2349.65	31.7873
2351.68	29.718
2353.7	29.8984
2355.72	34.8266
2357.74	31.3429
2359.76	30.2288
2361.78	26.5962
2363.8	32.8189
2365.82	29.1599
2367.84	30.454
2369.85	32.8295
2371.87	29.5651
2373.88	27.271
2375.9	32.1202
2377.91	31.0833
2379.92	29.5622
2381.93	30.3429
2383.94	30.0095
2385.95	31.0095
2387.96	31.75
2389.96	29.1629
2391.97	29.3851
2393.97	29.2288
2395.98	29.3851
2397.98	26.5967
2399.98	30.7873
2401.98	25.454
2403.99	28.4962
2405.99	29.0518
2407.98	29.2288
2409.98	25.8189
2411.98	29.2318
2413.98	28.4167
2415.97	27.454
2417.96	26.4511
2419.96	30.5728
2421.95	27.9406
2423.94	25.8295
2425.93	23.6762
2427.92	28.5278
2429.91	27.1944
2431.9	26.3429
2433.89	23.2633
2435.87	26.8266
2437.86	30.9402
2439.84	25.7873
2441.83	24.1522
2443.81	28.0518
2445.79	28.8611
2447.77	25.6762
2449.75	25.2318
2451.73	27.1599
2453.71	27.6073
2455.69	25.6044
2457.67	24.34
2459.64	28.8611
2461.62	28.5278
2463.59	25.9406
2465.56	25.271
2467.54	22.9722
2469.51	22.8611
2471.48	21.6733
2473.45	27.0411
2475.42	28.5967
2477.38	24.5967
2479.35	26.0518
2481.32	26.3822
2483.28	26.2633
2485.25	28.9719
2487.21	21.8189
2489.17	23.34
2491.13	24.5278
2493.09	22.2633
2495.05	25.8189
2497.01	22.7873
2498.97	21.8611
2500.93	26.3056
2502.89	21.8185
2504.84	26.3056
2506.8	22.271
2508.75	27.0411
2510.7	24.5622
2512.65	19.9406
2514.61	24.4962
2516.56	23.7078
2518.51	22.8295
2520.45	22.1177
2522.4	24.2633
2524.35	23.1207
2526.29	19.8189
2528.24	21.9377
2530.18	25.4856
2532.13	22.8189
2534.07	24.1629
2536.01	24.1522
2537.95	24.3429
2539.89	24.0095
2541.83	21.5651
2543.77	21.7078
2545.71	23.6389
2547.64	23.93
2549.58	20.8955
2551.51	23.2318
2553.45	21.4962
2555.38	26.0095
2557.31	24.1522
2559.25	21.6762
2561.18	23.6839
2563.11	21.5967
2565.03	21.6389
2566.96	22.7184
2568.89	21.6044
2570.82	22.3851
2572.74	22.3429
2574.67	19.34
2576.59	20.7873
2578.51	22.7184
2580.43	20.1522
2582.36	19.0411
2584.28	17.9377
2586.2	22.5967
2588.11	20.1629
2590.03	18.93
2591.95	20.9406
2593.86	23.6762
2595.78	18.6762
2597.69	18.8189
2599.61	21.93
2601.52	22.0513
2603.43	23.454
2605.34	20.1629
2607.25	22.5278
2609.16	24.454
2611.07	21.7184
2612.98	18.6762
2614.89	21.8955
2616.79	21.454
2618.7	17.8189
2620.6	22.3851
2622.5	22.5278
2624.41	21.7078
2626.31	19.75
2628.21	22.0862
2630.11	19.8955
2632.01	22.0518
2633.91	22.8611
2635.8	22.3429
2637.7	20.271
2639.6	20.0411
2641.49	21.1207
2643.39	21.1973
2645.28	27.3745
2647.17	30.4536
2649.06	30.0095
2650.95	24.3429
2652.84	23.93
2654.73	24.6044
2656.62	22.9406
2658.51	25.0518
2660.4	23.5278
2662.28	21.8984
2664.17	20.8984
2666.05	21.7184
2667.93	25.1522
2669.82	29.7078
2671.7	37.6839
2673.58	50.9402
2675.46	69.6069
2677.34	69.3771
2679.21	61.3429
2681.09	47.5651
2682.97	38.2318
2684.84	33.1944
2686.72	29.3429
2688.59	34.2633
2690.47	55.1522
2692.34	82.3851
2694.21	160.787
2696.08	280.052
2697.95	239.65
2699.82	210.385
2701.69	133.351
2703.56	85.7869
2705.42	63.34
2707.29	46.0488
2709.15	37.8295
2711.02	29.3745
2712.88	24.8955
2714.75	23.3822
2716.61	22.1207
2718.47	22.3056
2720.33	20.3056
2722.19	21.4856
2724.05	20.5967
2725.9	21.1944
2727.76	19.7155
2729.62	21.9406
2731.47	18.8189
2733.33	16.75
2735.18	19.1599
2737.03	19.1207
2738.88	18.3429
2740.73	14.0411
2742.59	17.1629
2744.43	20.3822
2746.28	16.8984
2748.13	14.7184
2749.98	17.7184
2751.82	19.2318
2753.67	16.3429
2755.51	17.75
2757.36	14.2633
2759.2	16.7873
2761.04	14.9061
2762.88	14.2288
