365.286	337.908
368.238	340.935
371.189	340.53
374.139	352.897
377.087	358.156
380.034	369.801
382.979	351.835
385.923	332.663
388.866	326.06
391.806	313.325
394.745	319.045
397.684	329.171
400.62	334.233
403.555	341.458
406.49	342.186
409.421	350.619
412.353	368.173
415.282	349.2
418.209	339.508
421.137	326.714
424.062	325.106
426.985	325.293
429.908	328.145
432.829	336.384
435.748	334.899
438.666	331.232
441.583	320.243
444.498	329.253
447.412	321.7
450.324	319.672
453.235	315.106
456.145	334.445
459.052	312.518
461.959	322.4
464.865	318.916
467.769	295.08
470.671	299.499
473.572	302.384
476.471	305.898
479.37	300.924
482.266	287.734
485.162	309.524
488.056	310.337
490.948	313.825
493.839	318.34
496.73	338.525
499.618	350.98
502.505	380.07
505.39	390.955
508.275	417.26
511.157	426.883
514.039	444.337
516.919	451.027
519.798	438.475
522.674	440.732
525.55	444.035
528.425	433.317
531.297	427.969
534.169	427.958
537.039	410.626
539.908	381.825
542.775	357.946
545.642	331.147
548.506	316.735
551.369	298.472
554.231	307.402
557.092	283.26
559.951	281.622
562.808	283.723
565.664	279.083
568.519	271.401
571.373	267.425
574.225	270.623
577.076	271.112
579.925	265.746
582.773	267.58
585.62	260.595
588.466	260.599
591.309	261.885
594.152	260.87
596.993	257.626
599.832	253.491
602.671	255.066
605.508	255.507
608.343	258.735
611.178	264.012
614.011	254.047
616.842	249.021
619.672	259.563
622.501	258.737
625.329	266.413
628.155	262.725
630.98	267.388
633.802	261.273
636.624	256.798
639.445	249.302
642.264	251.526
645.082	252.579
647.898	257.024
650.714	253.269
653.527	245.615
656.34	253.906
659.151	250.086
661.961	246.116
664.769	245.86
667.576	249.4
670.382	247.393
673.186	254.223
675.989	254.083
678.791	264.527
681.591	266.341
684.39	292.139
687.187	302.871
689.983	306.44
692.779	316.132
695.572	309.108
698.363	295.42
701.155	282.075
703.944	262.419
706.733	263.372
709.519	268.218
712.305	261.242
715.089	256.814
717.871	251.619
720.653	244.25
723.433	233.206
726.212	243.298
728.989	234.209
731.765	238.584
734.54	233.857
737.313	233.468
740.085	226.621
742.856	224.059
745.625	229.175
748.394	212.579
751.16	229.338
753.926	221.953
756.689	226.521
759.452	227.15
762.214	223.093
764.974	220.755
767.733	221.989
770.49	218.638
773.246	219.158
776.001	223.755
778.755	234.164
781.507	227.943
784.258	232.571
787.007	241.54
789.756	252.234
792.502	263.646
795.247	280.66
797.992	289.364
800.735	291.25
803.477	286.854
806.217	275.281
808.956	256.009
811.694	243.204
814.43	237.331
817.165	224.191
819.899	223.787
822.631	225.414
825.362	223.912
828.092	225.417
830.82	236.309
833.548	226.485
836.274	222.021
838.998	218.29
841.721	218.778
844.444	216.765
847.165	221.966
849.884	212.648
852.601	213.444
855.318	204.878
858.034	212.372
860.749	202.551
863.461	201.612
866.173	200.984
868.883	197.635
871.592	197.588
874.3	202.428
877.006	199.03
879.712	194.43
882.415	197.884
885.118	197.903
887.819	199.694
890.519	201.39
893.218	199.096
895.914	201.793
898.611	205.348
901.306	204.748
903.999	200.388
906.692	197.547
909.382	198.656
912.072	200.816
914.761	203.238
917.447	187.714
920.133	197.831
922.818	193.703
925.501	193.992
928.183	203.878
930.864	192.141
933.543	194.572
936.221	195.7
938.898	196.387
941.574	197.204
944.248	187.96
946.921	199.547
949.593	197.076
952.263	198.624
954.932	192.361
957.6	202.761
960.267	197.553
962.932	194.186
965.597	200.1
968.26	199.108
970.922	201.538
973.581	195.452
976.241	202.794
978.898	197.457
981.555	198.92
984.21	202.465
986.864	220.04
989.517	237.001
992.169	287.715
994.819	278.234
997.468	254.838
1000.12	232.048
1002.76	216.667
1005.41	224.045
1008.05	231.162
1010.69	238.258
1013.34	258.384
1015.98	269.492
1018.61	262.805
1021.25	241.089
1023.89	237.051
1026.52	227.553
1029.16	226.047
1031.79	225.342
1034.42	233.308
1037.05	228.871
1039.68	228.939
1042.31	247.093
1044.93	245.07
1047.56	254.317
1050.18	268.976
1052.81	296.15
1055.43	305.515
1058.05	340.877
1060.67	397.698
1063.28	448.576
1065.9	535.587
1068.52	618.349
1071.13	746.142
1073.74	849.729
1076.35	912.714
1078.96	950.611
1081.57	942.127
1084.18	862.155
1086.79	761.802
1089.39	647.838
1092	541.01
1094.6	462.773
1097.2	389.008
1099.8	341.588
1102.4	312.595
1105	287.391
1107.6	259.641
1110.19	258.776
1112.79	258.899
1115.38	254.299
1117.97	251.288
1120.56	250.478
1123.15	251.646
1125.74	247.325
1128.33	251.734
1130.91	237.562
1133.5	231.955
1136.08	223.868
1138.66	217.429
1141.24	212.841
1143.82	208.229
1146.4	200.919
1148.98	194.527
1151.55	201.212
1154.13	196.166
1156.7	195.178
1159.27	190.831
1161.85	203.276
1164.42	197.17
1166.98	198.996
1169.55	201.218
1172.12	208.44
1174.68	217.498
1177.25	233.982
1179.81	254.972
1182.37	240.384
1184.93	231.273
1187.49	214.561
1190.05	209.378
1192.6	192.128
1195.16	173.749
1197.71	167.152
1200.27	167.784
1202.82	163.933
1205.37	170.834
1207.92	166.609
1210.47	163.202
1213.01	163.772
1215.56	162.672
1218.1	168.18
1220.65	166.825
1223.19	176.557
1225.73	170.884
1228.27	174.933
1230.81	175.699
1233.35	174.031
1235.88	184.465
1238.42	182.515
1240.95	169.832
1243.48	179.119
1246.02	182.47
1248.55	180.986
1251.07	187.119
1253.6	177.455
1256.13	184.69
1258.66	191.833
1261.18	192.955
1263.7	194.063
1266.22	189.786
1268.75	198.237
1271.27	207.841
1273.78	200.672
1276.3	213.119
1278.82	215.134
1281.33	222.433
1283.85	227.28
1286.36	222.253
1288.87	228.142
1291.38	226.844
1293.89	228.301
1296.4	216.945
1298.9	221.844
1301.41	219.069
1303.91	215.34
1306.41	220.193
1308.92	224.603
1311.42	217.641
1313.92	212.992
1316.42	213.101
1318.91	214.822
1321.41	212.274
1323.9	204.785
1326.4	213.498
1328.89	213.313
1331.38	201.417
1333.87	201.51
1336.36	210.897
1338.85	206.524
1341.34	206.254
1343.82	197.325
1346.31	200.828
1348.79	198.511
1351.27	199.378
1353.75	205.459
1356.23	192.472
1358.71	196.646
1361.19	201.929
1363.66	209.262
1366.14	206.341
1368.61	207.452
1371.09	197.03
1373.56	201.115
1376.03	208.864
1378.5	209.744
1380.96	211.34
1383.43	206.204
1385.9	191.782
1388.36	199.919
1390.83	196.27
1393.29	189.364
1395.75	189.121
1398.21	181.083
1400.67	183.131
1403.13	171.799
1405.58	174.227
1408.04	171.07
1410.49	169.856
1412.95	167.734
1415.4	158.586
1417.85	167.586
1420.3	162.501
1422.75	160.281
1425.2	170.236
1427.64	169.904
1430.09	162.486
1432.53	159.814
1434.97	164.99
1437.42	154.355
1439.86	147.419
1442.3	153.23
1444.73	147.44
1447.17	138.922
1449.61	148.024
1452.04	144.006
1454.48	148.673
1456.91	144.897
1459.34	153.998
1461.77	141.646
1464.2	143.303
1466.63	145.472
1469.06	147.381
1471.48	152.331
1473.91	156.932
1476.33	163.733
1478.75	160.768
1481.17	171.429
1483.6	158.177
1486.01	153.989
1488.43	152.706
1490.85	140.696
1493.27	131.994
1495.68	135.112
1498.09	129.217
1500.51	130.338
1502.92	131.08
1505.33	127.159
1507.74	128.213
1510.14	129.278
1512.55	128.661
1514.96	134.214
1517.36	128.894
1519.77	124.44
1522.17	124.177
1524.57	126.952
1526.97	130.042
1529.37	135.042
1531.77	133.302
1534.16	130.036
1536.56	134.673
1538.95	138.486
1541.35	142.004
1543.74	141.663
1546.13	142.956
1548.52	140.506
1550.91	152.028
1553.3	148.201
1555.68	152.622
1558.07	156.871
1560.45	169.528
1562.84	176.452
1565.22	198.121
1567.6	220.599
1569.98	239.599
1572.36	284.972
1574.74	320.151
1577.12	356.687
1579.49	428.355
1581.87	461.032
1584.24	518.282
1586.61	553.858
1588.98	592.253
1591.35	591.515
1593.72	577.469
1596.09	519.711
1598.46	451.155
1600.82	369.478
1603.19	304.403
1605.55	264.193
1607.92	242.03
1610.28	217.515
1612.64	207.067
1615	196.403
1617.36	183.244
1619.71	180.07
1622.07	185.671
1624.42	169.886
1626.78	171.312
1629.13	165.978
1631.48	169.251
1633.83	175.443
1636.18	172.65
1638.53	176.437
1640.88	169.577
1643.22	178.14
1645.57	178.24
1647.91	168.478
1650.26	183.586
1652.6	177.384
1654.94	187.665
1657.28	181.978
1659.62	186.246
1661.96	176.464
1664.29	163.706
1666.63	166.648
1668.96	153.598
1671.3	150.304
1673.63	149.541
1675.96	140.819
1678.29	144.033
1680.62	137.201
1682.95	132.759
1685.27	126.867
1687.6	131.684
1689.92	130.879
1692.25	124.258
1694.57	128.078
1696.89	121.276
1699.21	129.814
1701.53	120.955
1703.85	118.669
1706.17	118.217
1708.48	120.893
1710.8	117.154
1713.11	117.925
1715.43	120.427
1717.74	115.685
1720.05	116.647
1722.36	115.498
1724.67	115.348
1726.97	111.835
1729.28	104.851
1731.59	103.485
1733.89	105.796
1736.19	101.15
1738.5	97.9738
1740.8	96.1967
1743.1	97.312
1745.4	96.4396
1747.7	88.6646
1749.99	91.2154
1752.29	93.4901
1754.58	92.2666
1756.88	91.7006
1759.17	86.3113
1761.46	86.439
1763.75	90.9774
1766.04	92.4744
1768.33	91.4503
1770.62	93.9041
1772.91	92.249
1775.19	86.515
1777.48	85.0333
1779.76	84.3949
1782.04	86.0152
1784.32	87.0039
1786.6	86.3392
1788.88	83.0059
1791.16	87.6587
1793.44	83.0919
1795.71	82.3174
1797.99	83.1387
1800.26	83.3894
1802.54	80.0152
1804.81	82.4877
1807.08	82.4514
1809.35	81.9398
1811.62	77.117
1813.88	82.9209
1816.15	78.5348
1818.42	78.9322
1820.68	78.9718
1822.95	76.6849
1825.21	81.4703
1827.47	76.6725
1829.73	80.2522
1831.99	78.9808
1834.25	75.8252
1836.51	77.8548
1838.76	74.2498
1841.02	75.6842
1843.27	71.4754
1845.52	77.1174
1847.78	70.3034
1850.03	75.717
1852.28	77.5707
1854.53	70.5575
1856.78	73.8053
1859.02	77.3172
1861.27	74.0774
1863.51	80.9738
1865.76	69.1644
1868	71.1727
1870.24	70.6226
1872.48	72.8215
1874.72	73.3392
1876.96	75.2839
1879.2	70.5614
1881.44	73.481
1883.67	69.4596
1885.91	71.6935
1888.14	70.8187
1890.37	71.3582
1892.61	67.9422
1894.84	68.978
1897.07	69.8589
1899.29	74.7954
1901.52	70.4224
1903.75	73.9555
1905.97	69.1403
1908.2	70.0292
1910.42	66.4977
1912.64	68.2726
1914.87	71.6
1917.09	75.0087
1919.31	77.1726
1921.52	73.4191
1923.74	67.9622
1925.96	66.6453
1928.17	63.8868
1930.39	64.2755
1932.6	68.9305
1934.81	65.7283
1937.03	70.0705
1939.24	70.6529
1941.45	69.4039
1943.65	63.0216
1945.86	65.6842
1948.07	63.8703
1950.27	66.1568
1952.48	66.0344
1954.68	61.7729
1956.88	62.2405
1959.08	69.9559
1961.29	66.9014
1963.48	63.0891
1965.68	66.1885
1967.88	62.7588
1970.08	68.4107
1972.27	62.8249
1974.47	62.9006
1976.66	62.9786
1978.85	60.0433
1981.04	65.0152
1983.23	63.2956
1985.42	59.2405
1987.61	63.2631
1989.8	64.086
1991.99	61.4348
1994.17	61.6289
1996.36	62.9198
1998.54	63.8582
2000.72	68.142
2002.9	65.4118
2005.08	64.4118
2007.26	63.1885
2009.44	62.2498
2011.62	62.1186
2013.8	61.1277
2015.97	63.9422
2018.15	59.9065
2020.32	61.7994
2022.49	55.5731
2024.66	62.8053
2026.83	58.5738
2029	61.2398
2031.17	61.0059
2033.34	61.6413
2035.51	57.7681
2037.67	59.1263
2039.84	54.9181
2042	58.5216
2044.16	56.1411
2046.32	58.7835
2048.48	62.8046
2050.64	55.0795
2052.8	59.3151
2054.96	55.6501
2057.12	56.9065
2059.27	55.6842
2061.43	57.8311
2063.58	56.8947
2065.73	58.5618
2067.89	52.1327
2070.04	57.6942
2072.19	54.657
2074.34	59.6909
2076.48	59.7283
2078.63	53.9893
2080.78	55.8518
2082.92	57.6522
2085.07	52.2956
2087.21	54.9718
2089.35	56.7954
2091.49	56.486
2093.63	54.9505
2095.77	52.1905
2097.91	53.462
2100.05	51.0416
2102.19	58.8394
2104.32	50.7954
2106.45	53.0035
2108.59	58.9505
2110.72	58.0176
2112.85	52.4224
2114.98	51.74
2117.11	52.793
2119.24	51.9422
2121.37	49.5771
2123.5	51.9746
2125.62	53.6799
2127.75	53.4348
2129.87	46.8792
2131.99	54.5294
2134.11	53.4229
2136.24	50.5604
2138.36	47.3392
2140.47	51.6446
2142.59	48.5722
2144.71	49.4073
2146.83	50.8729
2148.94	53.0686
2151.06	51.5111
2153.17	51.8551
2155.28	49.3346
2157.39	48.4107
2159.5	49.3509
2161.61	48.4627
2163.72	49.3633
2165.83	50.4073
2167.94	48.0973
2170.04	48.4977
2172.15	48.4396
2174.25	49.4977
2176.35	50.4693
2178.45	48.5731
2180.56	47.9505
2182.66	49.7681
2184.75	46.1644
2186.85	46.6484
2188.95	46.7681
2191.05	48.9663
2193.14	44.807
2195.24	45.807
2197.33	45.7558
2199.42	48.2197
2201.51	50.395
2203.6	46.74
2205.69	47.4503
2207.78	50.8346
2209.87	47.5302
2211.96	45.4378
2214.04	44.5007
2216.13	46.0166
2218.21	47.0509
2220.29	46.7994
2222.38	52.1527
2224.46	50.4514
2226.54	45.8745
2228.62	49.446
2230.69	42.0059
2232.77	43.2008
2234.85	44.8511
2236.92	47.8117
2239	42.3866
2241.07	46.9746
2243.15	43.3113
2245.22	44.8053
2247.29	44.0588
2249.36	46.6275
2251.43	39.4262
2253.49	46.4191
2255.56	41.8111
2257.63	44.9065
2259.69	46.4067
2261.76	47.9165
2263.82	44.657
2265.88	44.8394
2267.95	43.0049
2270.01	42.5731
2272.07	38.7595
2274.12	40.1727
2276.18	41.8751
2278.24	42.2784
2280.3	40.6725
2282.35	42.074
2284.41	41.9071
2286.46	38.0152
2288.51	37.1654
2290.56	42.7982
2292.61	41.0416
2294.66	40.203
2296.71	39.6725
2298.76	38.8669
2300.8	39.4503
2302.85	41.2526
2304.9	38.395
2306.94	36.0216
2308.98	38.5889
2311.03	40.7827
2313.07	37.2522
2315.11	40.3151
2317.15	40.515
2319.19	38.2281
2321.22	39.1411
2323.26	37.7586
2325.3	40.5061
2327.33	37.4983
2329.36	38.6842
2331.4	39.8394
2333.43	39.4889
2335.46	39.3382
2337.49	35.0059
2339.52	38.5218
2341.55	38.6296
2343.58	36.6117
2345.6	39.3778
2347.63	46.5722
2349.65	33.6871
2351.68	39.4424
2353.7	38.796
2355.72	38.8675
2357.74	39.3592
2359.76	36.074
2361.78	40.2667
2363.8	37.3392
2365.82	38.0733
2367.84	37.029
2369.85	36.7229
2371.87	34.576
2373.88	38.7719
2375.9	34.4107
2377.91	36.2281
2379.92	34.0416
2381.93	35.6446
2383.94	35.764
2385.95	35.2374
2387.96	34.9663
2389.96	38.1181
2391.97	32.5722
2393.97	34.7469
2395.98	35.795
2397.98	36.3872
2399.98	34.3699
2401.98	33.7592
2403.99	32.0176
2405.99	34.6059
2407.98	35.3108
2409.98	33.8235
2411.98	28.7636
2413.98	34.8635
2415.97	32.7936
2417.96	31.5731
2419.96	34.0895
2421.95	35.7827
2423.94	31.7865
2425.93	33.1449
2427.92	28.7954
2429.91	32.7206
2431.9	30.5855
2433.89	31.5893
2435.87	33.3257
2437.86	29.4778
2439.84	30.0328
2441.83	31.8947
2443.81	30.3509
2445.79	30.1923
2447.77	29.1713
2449.75	31.7982
2451.73	33.2037
2453.71	32.2791
2455.69	31.9629
2457.67	32.4503
2459.64	29.6
2461.62	31.6908
2463.59	30.6118
2465.56	31.7595
2467.54	30.8036
2469.51	29.7166
2471.48	31.2405
2473.45	28.2197
2475.42	29.2655
2477.38	29.3912
2479.35	28.1756
2481.32	30.332
2483.28	32.5061
2485.25	31.4734
2487.21	29.1989
2489.17	27.2374
2491.13	30.7362
2493.09	29.9055
2495.05	30.5965
2497.01	31.7669
2498.97	30.3895
2500.93	28.7944
2502.89	30.0562
2504.84	26.4665
2506.8	28.6994
2508.75	29.7988
2510.7	30.4693
2512.65	26.1472
2514.61	28.5847
2516.56	27.6558
2518.51	26.2078
2520.45	28.0176
2522.4	25.7982
2524.35	27.6433
2526.29	27.3392
2528.24	29.9457
2530.18	27.5917
2532.13	29.0878
2534.07	24.8111
2536.01	27.9217
2537.95	28.2956
2539.89	27.0176
2541.83	28.0009
2543.77	29.1851
2545.71	26.5164
2547.64	28.4453
2549.58	24.4648
2551.51	30.4259
2553.45	25.0656
2555.38	28.4765
2557.31	27.7988
2559.25	27.0726
2561.18	23.1293
2563.11	28.4029
2565.03	27.7004
2566.96	25.6275
2568.89	26.6296
2570.82	27.854
2572.74	24.6994
2574.67	26.255
2576.59	23.1284
2578.51	25.1673
2580.43	25.6118
2582.36	24.2016
2584.28	23.0049
2586.2	23.3392
2588.11	25.9491
2590.03	27.1673
2591.95	24.117
2593.86	24.7786
2595.78	23.7035
2597.69	24.6289
2599.61	24.838
2601.52	25.9171
2603.43	25.8022
2605.34	24.4336
2607.25	24.112
2609.16	26.4648
2611.07	25.7827
2612.98	25.2784
2614.89	21.3577
2616.79	24.6329
2618.7	21.4135
2620.6	22.576
2622.5	20.6484
2624.41	26.7229
2626.31	23.7228
2628.21	26.482
2630.11	22.1198
2632.01	25.1556
2633.91	24.0049
2635.8	27.1479
2637.7	22.9491
2639.6	25.834
2641.49	24.8511
2643.39	26.0686
2645.28	30.2522
2647.17	32.395
2649.06	34.3777
2650.95	27.2414
2652.84	25.4252
2654.73	24.7087
2656.62	22.4648
2658.51	24.4019
2660.4	26.1756
2662.28	25.0768
2664.17	24.6799
2666.05	22.3508
2667.93	28.1556
2669.82	36.029
2671.7	33.6357
2673.58	48.9533
2675.46	62.3265
2677.34	69.2114
2679.21	57.8779
2681.09	48.2984
2682.97	39.8864
2684.84	28.4648
2686.72	31.5536
2688.59	43.6849
2690.47	60.6557
2692.34	82.3513
2694.21	147.545
2696.08	291.139
2697.95	300.408
2699.82	247.054
2701.69	155.784
2703.56	88.3024
2705.42	67.1555
2707.29	53.7352
2709.15	40.9567
2711.02	32.3108
2712.88	24.4627
2714.75	25.7199
2716.61	28.854
2718.47	25.462
2720.33	23.6212
2722.19	25.3895
2724.05	21.4507
2725.9	25.9334
2727.76	22.3936
2729.62	25.5007
2731.47	22.2984
2733.33	22.4176
2735.18	21.8316
2737.03	21.6
2738.88	23.9457
2740.73	23.4889
2742.59	19.8589
2744.43	22.4693
2746.28	21.4882
2748.13	20.5256
2749.98	22.3749
2751.82	21.1198
2753.67	21.6994
2755.51	20.3537
2757.36	20.3902
2759.2	21.022
2761.04	20.1277
2762.88	20.5604
