204.377	548
206.045	548
207.713	540
209.38	586
211.048	588
212.715	572
214.381	594
216.047	590
217.712	604
219.377	596
221.042	596
222.706	566
224.369	580
226.032	562
227.695	560
229.357	536
231.019	514
232.68	504
234.341	456
236.001	432
237.661	426
239.321	390
240.98	358
242.639	350
244.297	330
245.955	318
247.612	290
249.268	272
250.924	254
252.58	254
254.236	240
255.891	230
257.546	242
259.2	232
260.854	192
262.507	218
264.16	222
265.812	204
267.463	208
269.115	206
270.766	196
272.417	204
274.067	188
275.717	204
277.365	202
279.014	198
280.663	180
282.311	174
283.958	186
285.605	196
287.252	198
288.898	184
290.543	182
292.188	176
293.833	186
295.477	178
297.121	182
298.765	194
300.407	172
302.05	168
303.693	176
305.334	160
306.975	168
308.615	174
310.256	172
311.896	178
313.535	164
315.175	168
316.813	174
318.451	176
320.089	170
321.726	182
323.362	166
324.999	178
326.635	174
328.271	176
329.905	168
331.54	168
333.174	180
334.807	162
336.441	176
338.074	142
339.707	160
341.338	162
342.969	168
344.601	170
346.231	170
347.861	166
349.491	184
351.12	156
352.749	160
354.378	162
356.006	162
357.633	156
359.261	158
360.887	156
362.513	162
364.139	158
365.764	154
367.39	156
369.014	156
370.638	148
372.261	156
373.884	140
375.508	158
377.13	170
378.752	154
380.373	162
381.994	158
383.615	162
385.235	158
386.854	178
388.473	176
390.092	174
391.711	174
393.328	170
394.947	178
396.564	190
398.181	170
399.797	188
401.412	192
403.027	192
404.642	208
406.257	188
407.871	198
409.484	188
411.098	194
412.711	176
414.323	172
415.935	162
417.547	166
419.158	160
420.768	164
422.378	168
423.988	150
425.597	154
427.206	160
428.814	142
430.422	146
432.03	146
433.637	146
435.243	144
436.85	148
438.456	142
440.062	140
441.666	136
443.271	142
444.876	142
446.479	138
448.082	136
449.685	138
451.287	124
452.89	126
454.492	116
456.092	118
457.693	126
459.293	128
460.893	130
462.492	126
464.092	122
465.691	122
467.288	126
468.887	130
470.483	124
472.081	128
473.677	120
475.273	122
476.869	124
478.463	136
480.059	128
481.653	126
483.247	134
484.84	120
486.433	128
488.026	122
489.618	122
491.21	122
492.801	122
494.392	118
495.983	120
497.573	122
499.162	118
500.752	124
502.341	120
503.929	116
505.517	122
507.105	120
508.692	126
510.279	120
511.865	122
513.45	128
515.037	114
516.621	128
518.206	128
519.79	124
521.374	124
522.957	128
524.54	118
526.123	126
527.705	132
529.287	134
530.868	138
532.448	142
534.029	156
535.609	158
537.188	160
538.768	156
540.346	170
541.925	176
543.502	172
545.08	166
546.657	156
548.234	148
549.81	144
551.386	144
552.961	150
554.536	150
556.11	154
557.684	138
559.258	160
560.832	166
562.405	176
563.977	180
565.55	204
567.12	238
568.692	256
570.263	276
571.833	266
573.403	252
574.973	244
576.542	200
578.111	166
579.679	164
581.247	150
582.815	140
584.382	128
585.948	140
587.514	148
589.081	140
590.645	140
592.211	134
593.775	134
595.339	124
596.904	134
598.466	126
600.03	130
601.592	128
603.154	136
604.715	122
606.277	134
607.838	142
609.398	132
610.958	134
612.518	144
614.077	156
615.636	186
617.194	234
618.753	362
620.31	476
621.867	470
623.424	332
624.98	218
626.537	158
628.092	156
629.647	138
631.202	132
632.756	132
634.31	124
635.864	110
637.417	112
638.969	106
640.521	110
642.074	108
643.625	108
645.176	102
646.726	110
648.276	106
649.827	100
651.376	92
652.925	92
654.473	94
656.021	102
657.569	90
659.117	96
660.664	90
662.21	90
663.757	92
665.302	90
666.847	98
668.392	100
669.937	92
671.481	96
673.025	98
674.568	90
676.111	92
677.653	92
679.195	102
680.737	94
682.279	92
683.82	88
685.36	96
686.9	94
688.44	88
689.979	94
691.517	84
693.056	96
694.594	98
696.132	102
697.669	106
699.206	96
700.742	112
702.278	100
703.814	102
705.35	104
706.884	104
708.419	106
709.953	108
711.487	104
713.019	110
714.552	112
716.085	102
717.617	112
719.148	106
720.68	122
722.21	130
723.741	134
725.271	130
726.8	132
728.33	124
729.858	130
731.387	132
732.915	124
734.443	140
735.97	146
737.497	150
739.023	158
740.549	168
742.075	146
743.6	162
745.125	174
746.65	156
748.173	160
749.697	170
751.22	172
752.743	182
754.266	180
755.788	174
757.309	198
758.831	190
760.351	186
761.871	168
763.392	184
764.912	186
766.431	166
767.95	174
769.468	180
770.986	182
772.504	168
774.022	174
775.538	174
777.055	164
778.571	170
780.086	180
781.602	192
783.117	190
784.632	222
786.146	230
787.659	232
789.173	230
790.685	244
792.198	232
793.71	250
795.222	252
796.733	256
798.244	232
799.755	248
801.265	214
802.775	188
804.284	186
805.793	174
807.302	162
808.81	168
810.318	152
811.826	146
813.333	136
814.84	130
816.346	140
817.851	120
819.357	130
820.862	114
822.367	114
823.871	124
825.376	118
826.878	120
828.382	124
829.885	120
831.387	132
832.889	156
834.391	158
835.892	150
837.392	152
838.893	144
840.393	144
841.893	142
843.392	152
844.891	142
846.389	144
847.888	128
849.386	130
850.882	128
852.38	116
853.876	124
855.372	126
856.868	126
858.363	122
859.858	116
861.353	126
862.847	120
864.341	118
865.834	132
867.328	124
868.82	118
870.313	126
871.805	114
873.296	120
874.787	122
876.278	112
877.769	124
879.258	112
880.748	106
882.237	106
883.726	116
885.214	116
886.702	114
888.19	112
889.677	116
891.164	118
892.651	106
894.137	116
895.623	124
897.108	118
898.593	112
900.077	126
901.562	130
903.046	130
904.529	134
906.012	130
907.495	138
908.977	130
910.459	136
911.941	120
913.422	118
914.903	120
916.383	120
917.863	106
919.343	104
920.822	104
922.301	108
923.779	92
925.257	112
926.735	92
928.213	106
929.69	116
931.166	108
932.643	104
934.119	104
935.594	116
937.069	104
938.543	104
940.018	108
941.492	106
942.966	98
944.439	112
945.911	116
947.384	120
948.856	120
950.328	120
951.799	112
953.27	120
954.741	126
956.21	130
957.68	138
959.15	144
960.619	156
962.088	140
963.556	138
965.023	150
966.491	148
967.958	136
969.425	142
970.891	136
972.357	124
973.824	138
975.288	134
976.754	130
978.218	158
979.682	156
981.146	170
982.609	174
984.072	182
985.534	198
986.997	238
988.459	268
989.92	338
991.382	394
992.842	406
994.302	412
995.763	514
997.222	766
998.681	1232
1000.14	1848
1001.6	2226
1003.06	1884
1004.52	1296
1005.97	780
1007.43	494
1008.89	336
1010.34	234
1011.8	192
1013.25	174
1014.71	172
1016.16	176
1017.62	172
1019.07	172
1020.53	186
1021.98	218
1023.43	230
1024.89	284
1026.34	372
1027.79	438
1029.24	532
1030.69	592
1032.14	592
1033.59	572
1035.04	482
1036.49	382
1037.94	310
1039.39	262
1040.84	228
1042.29	194
1043.73	180
1045.18	160
1046.63	160
1048.08	150
1049.52	162
1050.97	160
1052.41	154
1053.86	152
1055.3	152
1056.75	154
1058.19	150
1059.64	152
1061.08	162
1062.52	146
1063.96	142
1065.41	156
1066.85	172
1068.29	178
1069.73	162
1071.17	170
1072.61	166
1074.05	158
1075.49	160
1076.93	166
1078.37	152
1079.81	172
1081.25	158
1082.68	166
1084.12	148
1085.56	170
1087	154
1088.43	164
1089.87	174
1091.3	156
1092.74	166
1094.17	168
1095.61	178
1097.04	176
1098.48	164
1099.91	172
1101.34	180
1102.78	162
1104.21	158
1105.64	162
1107.07	162
1108.5	168
1109.93	158
1111.36	162
1112.8	164
1114.22	160
1115.65	164
1117.08	148
1118.51	154
1119.94	142
1121.37	144
1122.8	144
1124.22	132
1125.65	136
1127.08	134
1128.5	134
1129.93	140
1131.35	144
1132.78	146
1134.2	140
1135.63	134
1137.05	148
1138.48	154
1139.9	156
1141.32	140
1142.75	154
1144.17	172
1145.59	170
1147.01	180
1148.43	200
1149.85	210
1151.27	270
1152.69	308
1154.11	336
1155.53	336
1156.95	324
1158.37	304
1159.79	270
1161.21	234
1162.62	212
1164.04	220
1165.46	202
1166.87	204
1168.29	208
1169.71	210
1171.12	230
1172.54	240
1173.95	248
1175.37	260
1176.78	300
1178.19	340
1179.61	392
1181.02	426
1182.43	440
1183.84	392
1185.26	382
1186.67	354
1188.08	378
1189.49	376
1190.9	390
1192.31	408
1193.72	406
1195.13	418
1196.54	424
1197.95	420
1199.36	428
1200.76	404
1202.17	384
1203.58	368
1204.99	364
1206.39	336
1207.8	328
1209.2	300
1210.61	284
1212.01	266
1213.42	244
1214.82	254
1216.23	244
1217.63	216
1219.03	220
1220.44	238
1221.84	232
1223.24	208
1224.64	232
1226.05	218
1227.45	232
1228.85	218
1230.25	228
1231.65	216
1233.05	208
1234.45	220
1235.85	226
1237.25	220
1238.64	206
1240.04	194
1241.44	204
1242.84	208
1244.23	212
1245.63	210
1247.03	214
1248.42	222
1249.82	210
1251.21	224
1252.61	216
1254	216
1255.4	226
1256.79	234
1258.19	214
1259.58	222
1260.97	212
1262.36	220
1263.76	226
1265.15	228
1266.54	206
1267.93	224
1269.32	230
1270.71	230
1272.1	226
1273.49	206
1274.88	220
1276.27	212
1277.66	218
1279.05	228
1280.43	230
1281.82	228
1283.21	234
1284.6	230
1285.98	236
1287.37	248
1288.75	254
1290.14	248
1291.53	266
1292.91	260
1294.29	270
1295.68	276
1297.06	290
1298.45	296
1299.83	300
1301.21	332
1302.59	322
1303.98	328
1305.36	334
1306.74	356
1308.12	330
1309.5	316
1310.88	328
1312.26	310
1313.64	316
1315.02	312
1316.4	324
1317.78	346
1319.16	324
1320.53	360
1321.91	350
1323.29	356
1324.67	368
1326.04	372
1327.42	388
1328.79	392
1330.17	388
1331.54	400
1332.92	370
1334.29	392
1335.67	348
1337.04	380
1338.42	368
1339.79	386
1341.16	378
1342.53	362
1343.91	382
1345.28	386
1346.65	396
1348.02	396
1349.39	384
1350.76	388
1352.13	408
1353.5	394
1354.87	406
1356.24	412
1357.61	406
1358.98	404
1360.34	388
1361.71	410
1363.08	414
1364.45	410
1365.81	400
1367.18	420
1368.54	430
1369.91	424
1371.28	430
1372.64	432
1374.01	430
1375.37	438
1376.73	464
1378.1	452
1379.46	440
1380.82	480
1382.19	448
1383.55	444
1384.91	430
1386.27	410
1387.63	398
1388.99	390
1390.35	394
1391.71	394
1393.07	394
1394.43	410
1395.79	400
1397.15	394
1398.51	388
1399.87	406
1401.23	398
1402.58	402
1403.94	394
1405.3	376
1406.65	390
1408.01	366
1409.37	378
1410.72	394
1412.08	372
1413.43	384
1414.79	390
1416.14	386
1417.49	364
1418.85	388
1420.2	368
1421.55	376
1422.91	350
1424.26	388
1425.61	372
1426.96	368
1428.31	378
1429.66	376
1431.01	364
1432.36	380
1433.71	378
1435.06	364
1436.41	380
1437.76	382
1439.11	410
1440.46	388
1441.81	408
1443.15	408
1444.5	416
1445.85	422
1447.19	436
1448.54	426
1449.89	422
1451.23	434
1452.58	416
1453.92	410
1455.27	408
1456.61	356
1457.95	390
1459.3	354
1460.64	352
1461.98	326
1463.33	330
1464.67	318
1466.01	320
1467.35	312
1468.69	306
1470.03	306
1471.37	324
1472.71	310
1474.05	326
1475.39	300
1476.73	294
1478.07	318
1479.41	302
1480.75	276
1482.09	300
1483.42	296
1484.76	296
1486.1	292
1487.43	314
1488.77	304
1490.11	290
1491.44	282
1492.78	302
1494.11	302
1495.45	288
1496.78	300
1498.12	272
1499.45	288
1500.78	272
1502.11	288
1503.45	280
1504.78	282
1506.11	260
1507.44	254
1508.77	272
1510.11	268
1511.44	268
1512.77	274
1514.1	284
1515.43	270
1516.76	254
1518.08	272
1519.41	252
1520.74	278
1522.07	270
1523.4	266
1524.72	276
1526.05	264
1527.38	280
1528.7	256
1530.03	250
1531.36	258
1532.68	268
1534.01	258
1535.33	266
1536.66	284
1537.98	256
1539.3	272
1540.63	250
1541.95	274
1543.27	260
1544.6	246
1545.92	246
1547.24	272
1548.56	266
1549.88	258
1551.2	254
1552.52	250
1553.84	266
1555.17	264
1556.48	254
1557.8	266
1559.12	252
1560.44	260
1561.76	256
1563.08	270
1564.4	268
1565.71	262
1567.03	250
1568.35	254
1569.66	264
1570.98	262
1572.29	270
1573.61	272
1574.93	284
1576.24	300
1577.55	322
1578.87	308
1580.18	350
1581.5	402
1582.81	426
1584.12	430
1585.43	402
1586.75	342
1588.06	324
1589.37	334
1590.68	316
1591.99	326
1593.3	310
1594.61	366
1595.92	410
1597.23	448
1598.54	518
1599.85	584
1601.16	638
1602.47	636
1603.78	596
1605.08	550
1606.39	480
1607.7	442
1609	380
1610.31	328
1611.62	332
1612.92	308
1614.23	290
1615.53	296
1616.84	268
1618.14	278
1619.45	264
1620.75	254
1622.06	266
1623.36	252
1624.66	250
1625.96	240
1627.27	218
1628.57	242
1629.87	242
1631.17	230
1632.47	226
1633.77	236
1635.07	218
1636.37	232
1637.67	234
1638.97	232
1640.27	242
1641.57	232
1642.87	216
1644.17	234
1645.47	228
1646.76	228
1648.06	234
1649.36	248
1650.66	222
1651.95	226
1653.25	218
1654.54	226
1655.84	216
1657.13	220
1658.43	220
1659.72	206
1661.02	194
1662.31	204
1663.6	220
1664.9	218
1666.19	202
1667.48	198
1668.78	192
1670.07	212
1671.36	204
1672.65	202
1673.94	196
1675.23	196
1676.52	212
1677.81	186
1679.1	202
1680.39	206
1681.68	194
1682.97	192
1684.26	200
1685.55	192
1686.83	202
1688.12	198
1689.41	210
1690.7	208
1691.98	216
1693.27	186
1694.55	198
1695.84	188
1697.13	184
1698.41	200
1699.69	192
1700.98	188
1702.26	188
