204.377	674
206.045	688
207.713	696
209.38	706
211.048	714
212.715	710
214.381	756
216.047	740
217.712	752
219.377	732
221.042	762
222.706	752
224.369	734
226.032	698
227.695	688
229.357	658
231.019	656
232.68	622
234.341	594
236.001	558
237.661	548
239.321	518
240.98	464
242.639	430
244.297	420
245.955	394
247.612	372
249.268	336
250.924	314
252.58	322
254.236	310
255.891	296
257.546	296
259.2	292
260.854	260
262.507	276
264.16	260
265.812	262
267.463	264
269.115	242
270.766	258
272.417	254
274.067	256
275.717	254
277.365	242
279.014	250
280.663	236
282.311	228
283.958	238
285.605	228
287.252	222
288.898	224
290.543	230
292.188	224
293.833	244
295.477	216
297.121	230
298.765	232
300.407	216
302.05	212
303.693	210
305.334	204
306.975	200
308.615	202
310.256	202
311.896	204
313.535	216
315.175	210
316.813	210
318.451	212
320.089	208
321.726	206
323.362	212
324.999	208
326.635	202
328.271	202
329.905	210
331.54	206
333.174	204
334.807	208
336.441	218
338.074	218
339.707	224
341.338	202
342.969	214
344.601	208
346.231	212
347.861	202
349.491	202
351.12	196
352.749	208
354.378	196
356.006	184
357.633	198
359.261	190
360.887	190
362.513	190
364.139	196
365.764	196
367.39	200
369.014	200
370.638	194
372.261	194
373.884	196
375.508	204
377.13	196
378.752	204
380.373	208
381.994	198
383.615	218
385.235	216
386.854	206
388.473	204
390.092	224
391.711	204
393.328	216
394.947	210
396.564	218
398.181	218
399.797	222
401.412	232
403.027	238
404.642	238
406.257	252
407.871	240
409.484	230
411.098	240
412.711	218
414.323	214
415.935	210
417.547	216
419.158	216
420.768	202
422.378	206
423.988	202
425.597	194
427.206	190
428.814	180
430.422	184
432.03	172
433.637	184
435.243	176
436.85	172
438.456	176
440.062	176
441.666	162
443.271	174
444.876	160
446.479	168
448.082	170
449.685	166
451.287	158
452.89	154
454.492	158
456.092	148
457.693	142
459.293	148
460.893	154
462.492	152
464.092	152
465.691	158
467.288	150
468.887	140
470.483	154
472.081	150
473.677	154
475.273	154
476.869	162
478.463	150
480.059	156
481.653	150
483.247	162
484.84	138
486.433	152
488.026	152
489.618	148
491.21	146
492.801	150
494.392	150
495.983	140
497.573	148
499.162	134
500.752	154
502.341	146
503.929	154
505.517	138
507.105	144
508.692	142
510.279	162
511.865	160
513.45	152
515.037	158
516.621	146
518.206	158
519.79	148
521.374	156
522.957	170
524.54	166
526.123	164
527.705	164
529.287	174
530.868	182
532.448	188
534.029	190
535.609	190
537.188	208
538.768	212
540.346	198
541.925	210
543.502	208
545.08	210
546.657	190
548.234	206
549.81	176
551.386	174
552.961	174
554.536	164
556.11	186
557.684	176
559.258	180
560.832	194
562.405	194
563.977	218
565.55	246
567.12	268
568.692	310
570.263	334
571.833	334
573.403	314
574.973	296
576.542	236
578.111	224
579.679	182
581.247	188
582.815	174
584.382	174
585.948	170
587.514	156
589.081	158
590.645	166
592.211	158
593.775	154
595.339	142
596.904	166
598.466	160
600.03	160
601.592	150
603.154	146
604.715	158
606.277	158
607.838	158
609.398	166
610.958	150
612.518	168
614.077	198
615.636	218
617.194	294
618.753	406
620.31	580
621.867	576
623.424	416
624.98	276
626.537	202
628.092	198
629.647	168
631.202	162
632.756	156
634.31	152
635.864	142
637.417	144
638.969	128
640.521	130
642.074	132
643.625	120
645.176	126
646.726	118
648.276	114
649.827	124
651.376	122
652.925	110
654.473	112
656.021	108
657.569	114
659.117	112
660.664	108
662.21	112
663.757	116
665.302	114
666.847	114
668.392	118
669.937	118
671.481	118
673.025	110
674.568	118
676.111	112
677.653	96
679.195	108
680.737	116
682.279	114
683.82	118
685.36	108
686.9	114
688.44	116
689.979	110
691.517	108
693.056	118
694.594	114
696.132	118
697.669	116
699.206	112
700.742	128
702.278	124
703.814	132
705.35	132
706.884	126
708.419	120
709.953	124
711.487	134
713.019	130
714.552	120
716.085	136
717.617	132
719.148	128
720.68	142
722.21	158
723.741	162
725.271	164
726.8	168
728.33	156
729.858	146
731.387	150
732.915	136
734.443	156
735.97	154
737.497	172
739.023	190
740.549	198
742.075	188
743.6	188
745.125	202
746.65	210
748.173	192
749.697	204
751.22	212
752.743	216
754.266	222
755.788	204
757.309	234
758.831	224
760.351	212
761.871	238
763.392	218
764.912	214
766.431	210
767.95	214
769.468	194
770.986	204
772.504	198
774.022	184
775.538	202
777.055	192
778.571	204
780.086	210
781.602	212
783.117	218
784.632	248
786.146	236
787.659	278
789.173	272
790.685	302
792.198	304
793.71	308
795.222	306
796.733	308
798.244	296
799.755	276
801.265	268
802.775	244
804.284	220
805.793	220
807.302	190
808.81	186
810.318	184
811.826	184
813.333	176
814.84	160
816.346	166
817.851	162
819.357	142
820.862	146
822.367	138
823.871	150
825.376	130
826.878	140
828.382	142
829.885	152
831.387	176
832.889	188
834.391	198
835.892	178
837.392	182
838.893	180
840.393	168
841.893	176
843.392	168
844.891	164
846.389	158
847.888	158
849.386	144
850.882	140
852.38	144
853.876	142
855.372	138
856.868	130
858.363	142
859.858	144
861.353	148
862.847	138
864.341	128
865.834	140
867.328	136
868.82	148
870.313	146
871.805	126
873.296	124
874.787	132
876.278	130
877.769	138
879.258	134
880.748	122
882.237	132
883.726	126
885.214	132
886.702	132
888.19	134
889.677	134
891.164	134
892.651	136
894.137	136
895.623	128
897.108	136
898.593	140
900.077	146
901.562	146
903.046	154
904.529	146
906.012	150
907.495	158
908.977	156
910.459	148
911.941	146
913.422	150
914.903	126
916.383	126
917.863	132
919.343	130
920.822	118
922.301	122
923.779	120
925.257	118
926.735	126
928.213	118
929.69	128
931.166	130
932.643	116
934.119	112
935.594	112
937.069	122
938.543	128
940.018	124
941.492	122
942.966	130
944.439	120
945.911	118
947.384	130
948.856	130
950.328	134
951.799	126
953.27	134
954.741	138
956.21	152
957.68	142
959.15	160
960.619	160
962.088	168
963.556	158
965.023	168
966.491	158
967.958	148
969.425	154
970.891	148
972.357	146
973.824	162
975.288	160
976.754	158
978.218	178
979.682	168
981.146	180
982.609	204
984.072	202
985.534	226
986.997	280
988.459	320
989.92	410
991.382	460
992.842	488
994.302	502
995.763	610
997.222	844
998.681	1392
1000.14	2136
1001.6	2568
1003.06	2234
1004.52	1570
1005.97	952
1007.43	566
1008.89	390
1010.34	282
1011.8	232
1013.25	208
1014.71	188
1016.16	188
1017.62	190
1019.07	194
1020.53	224
1021.98	238
1023.43	278
1024.89	328
1026.34	418
1027.79	512
1029.24	628
1030.69	710
1032.14	722
1033.59	682
1035.04	582
1036.49	436
1037.94	358
1039.39	306
1040.84	240
1042.29	224
1043.73	220
1045.18	188
1046.63	178
1048.08	166
1049.52	176
1050.97	172
1052.41	176
1053.86	180
1055.3	168
1056.75	180
1058.19	174
1059.64	172
1061.08	166
1062.52	172
1063.96	176
1065.41	176
1066.85	182
1068.29	180
1069.73	178
1071.17	190
1072.61	176
1074.05	176
1075.49	190
1076.93	186
1078.37	178
1079.81	188
1081.25	198
1082.68	178
1084.12	176
1085.56	182
1087	188
1088.43	178
1089.87	182
1091.3	180
1092.74	186
1094.17	204
1095.61	204
1097.04	188
1098.48	188
1099.91	204
1101.34	198
1102.78	188
1104.21	186
1105.64	182
1107.07	182
1108.5	192
1109.93	186
1111.36	184
1112.8	178
1114.22	178
1115.65	176
1117.08	162
1118.51	162
1119.94	148
1121.37	154
1122.8	146
1124.22	154
1125.65	156
1127.08	150
1128.5	158
1129.93	140
1131.35	150
1132.78	152
1134.2	164
1135.63	154
1137.05	166
1138.48	162
1139.9	170
1141.32	168
1142.75	186
1144.17	188
1145.59	178
1147.01	198
1148.43	210
1149.85	250
1151.27	284
1152.69	340
1154.11	376
1155.53	384
1156.95	360
1158.37	326
1159.79	298
1161.21	282
1162.62	266
1164.04	244
1165.46	242
1166.87	232
1168.29	256
1169.71	226
1171.12	244
1172.54	242
1173.95	280
1175.37	282
1176.78	350
1178.19	402
1179.61	442
1181.02	476
1182.43	502
1183.84	498
1185.26	436
1186.67	420
1188.08	416
1189.49	448
1190.9	440
1192.31	470
1193.72	462
1195.13	468
1196.54	474
1197.95	490
1199.36	452
1200.76	468
1202.17	444
1203.58	430
1204.99	406
1206.39	390
1207.8	346
1209.2	336
1210.61	326
1212.01	306
1213.42	272
1214.82	256
1216.23	268
1217.63	248
1219.03	252
1220.44	252
1221.84	252
1223.24	258
1224.64	254
1226.05	256
1227.45	250
1228.85	258
1230.25	252
1231.65	222
1233.05	244
1234.45	250
1235.85	240
1237.25	226
1238.64	232
1240.04	234
1241.44	246
1242.84	246
1244.23	242
1245.63	240
1247.03	234
1248.42	244
1249.82	242
1251.21	244
1252.61	230
1254	236
1255.4	228
1256.79	246
1258.19	238
1259.58	238
1260.97	232
1262.36	244
1263.76	246
1265.15	242
1266.54	244
1267.93	236
1269.32	244
1270.71	248
1272.1	230
1273.49	254
1274.88	246
1276.27	254
1277.66	258
1279.05	264
1280.43	250
1281.82	250
1283.21	250
1284.6	264
1285.98	266
1287.37	266
1288.75	276
1290.14	290
1291.53	292
1292.91	288
1294.29	286
1295.68	302
1297.06	302
1298.45	312
1299.83	318
1301.21	358
1302.59	346
1303.98	356
1305.36	398
1306.74	374
1308.12	356
1309.5	370
1310.88	366
1312.26	354
1313.64	354
1315.02	364
1316.4	356
1317.78	366
1319.16	360
1320.53	380
1321.91	402
1323.29	386
1324.67	398
1326.04	414
1327.42	406
1328.79	424
1330.17	424
1331.54	452
1332.92	418
1334.29	440
1335.67	428
1337.04	406
1338.42	404
1339.79	428
1341.16	426
1342.53	418
1343.91	428
1345.28	428
1346.65	450
1348.02	420
1349.39	424
1350.76	432
1352.13	440
1353.5	452
1354.87	430
1356.24	440
1357.61	456
1358.98	458
1360.34	434
1361.71	448
1363.08	454
1364.45	452
1365.81	452
1367.18	452
1368.54	458
1369.91	474
1371.28	476
1372.64	460
1374.01	436
1375.37	498
1376.73	436
1378.1	462
1379.46	484
1380.82	476
1382.19	492
1383.55	446
1384.91	448
1386.27	474
1387.63	438
1388.99	432
1390.35	432
1391.71	420
1393.07	454
1394.43	412
1395.79	436
1397.15	418
1398.51	436
1399.87	426
1401.23	428
1402.58	414
1403.94	422
1405.3	416
1406.65	404
1408.01	424
1409.37	416
1410.72	404
1412.08	416
1413.43	398
1414.79	414
1416.14	416
1417.49	388
1418.85	412
1420.2	406
1421.55	408
1422.91	396
1424.26	402
1425.61	402
1426.96	416
1428.31	414
1429.66	426
1431.01	416
1432.36	408
1433.71	400
1435.06	408
1436.41	440
1437.76	418
1439.11	452
1440.46	430
1441.81	450
1443.15	430
1444.5	474
1445.85	482
1447.19	472
1448.54	460
1449.89	460
1451.23	476
1452.58	486
1453.92	444
1455.27	430
1456.61	414
1457.95	376
1459.3	380
1460.64	360
1461.98	366
1463.33	362
1464.67	352
1466.01	342
1467.35	356
1468.69	354
1470.03	336
1471.37	342
1472.71	318
1474.05	338
1475.39	318
1476.73	334
1478.07	326
1479.41	324
1480.75	328
1482.09	334
1483.42	320
1484.76	334
1486.1	324
1487.43	316
1488.77	312
1490.11	310
1491.44	310
1492.78	326
1494.11	328
1495.45	318
1496.78	318
1498.12	284
1499.45	310
1500.78	312
1502.11	290
1503.45	300
1504.78	306
1506.11	294
1507.44	310
1508.77	298
1510.11	302
1511.44	302
1512.77	312
1514.1	306
1515.43	300
1516.76	302
1518.08	294
1519.41	292
1520.74	296
1522.07	292
1523.4	274
1524.72	280
1526.05	288
1527.38	302
1528.7	284
1530.03	284
1531.36	294
1532.68	284
1534.01	290
1535.33	264
1536.66	300
1537.98	262
1539.3	292
1540.63	284
1541.95	292
1543.27	296
1544.6	286
1545.92	262
1547.24	272
1548.56	284
1549.88	294
1551.2	274
1552.52	276
1553.84	282
1555.17	278
1556.48	270
1557.8	272
1559.12	278
1560.44	274
1561.76	278
1563.08	286
1564.4	282
1565.71	266
1567.03	290
1568.35	286
1569.66	280
1570.98	284
1572.29	296
1573.61	300
1574.93	302
1576.24	320
1577.55	332
1578.87	360
1580.18	388
1581.5	460
1582.81	458
1584.12	462
1585.43	430
1586.75	382
1588.06	366
1589.37	358
1590.68	364
1591.99	372
1593.3	384
1594.61	398
1595.92	438
1597.23	500
1598.54	568
1599.85	646
1601.16	682
1602.47	738
1603.78	682
1605.08	632
1606.39	542
1607.7	488
1609	420
1610.31	366
1611.62	362
1612.92	322
1614.23	320
1615.53	290
1616.84	292
1618.14	332
1619.45	286
1620.75	280
1622.06	278
1623.36	282
1624.66	270
1625.96	260
1627.27	252
1628.57	268
1629.87	252
1631.17	252
1632.47	248
1633.77	242
1635.07	250
1636.37	258
1637.67	256
1638.97	250
1640.27	232
1641.57	260
1642.87	252
1644.17	258
1645.47	248
1646.76	258
1648.06	248
1649.36	254
1650.66	244
1651.95	246
1653.25	240
1654.54	224
1655.84	236
1657.13	228
1658.43	244
1659.72	240
1661.02	232
1662.31	224
1663.6	238
1664.9	234
1666.19	228
1667.48	214
1668.78	226
1670.07	216
1671.36	208
1672.65	214
1673.94	228
1675.23	220
1676.52	208
1677.81	232
1679.1	232
1680.39	220
1681.68	228
1682.97	226
1684.26	218
1685.55	210
1686.83	208
1688.12	228
1689.41	224
1690.7	202
1691.98	212
1693.27	224
1694.55	210
1695.84	200
1697.13	210
1698.41	192
1699.69	198
1700.98	210
1702.26	212
