361.692	881.479
364.646	922.778
367.599	942.086
370.55	984.057
373.5	1033.44
376.448	1046.08
379.395	1056.68
382.341	1018.56
385.285	980.299
388.228	965.297
391.169	956.04
394.11	960.485
397.048	961.748
399.984	978.716
402.92	965.086
405.855	981.243
408.787	997.971
411.719	988.596
414.648	1017.83
417.577	1011.53
420.503	1030.08
423.429	1035.64
426.353	1030.56
429.276	1060.25
432.197	1066.3
435.117	1109.85
438.036	1119.59
440.952	1114.16
443.868	1081.98
446.782	1051.03
449.695	1032.56
452.606	1011.64
455.516	1008.98
458.425	1010.23
461.331	1008.75
464.237	999.787
467.141	1010.31
470.044	1004.55
472.945	992.959
475.846	999.309
478.744	1003.92
481.641	1016.59
484.537	1011.21
487.431	1003.28
490.324	1013.54
493.215	1047.64
496.106	1065.12
498.995	1059.01
501.882	1067.97
504.768	1082.65
507.652	1047.85
510.535	1058.92
513.417	1062.62
516.297	1060.97
519.176	1053.3
522.054	1065.38
524.93	1069.07
527.805	1086.72
530.678	1102.69
533.55	1100.38
536.42	1098.82
539.29	1085.4
542.157	1022.17
545.024	1025.61
547.888	1024.68
550.753	1028.56
553.614	1016.23
556.475	1024.18
559.334	1028.83
562.193	1013.11
565.05	1030.39
567.905	1032.25
570.759	1040.35
573.611	1029.45
576.462	1037.39
579.311	1027.87
582.16	1042.76
585.007	1032.72
587.853	1032.53
590.697	1025.8
593.54	1008.93
596.381	1033.86
599.221	1043.85
602.06	1026.92
604.898	1027.92
607.733	1050.11
610.568	1054.78
613.401	1087.39
616.233	1099.93
619.064	1134.36
621.893	1178.97
624.721	1260.07
627.547	1367.72
630.372	1451.19
633.195	1534.53
636.018	1537.7
638.839	1500.7
641.659	1393.64
644.476	1216.35
647.293	1110.52
650.109	1061.93
652.923	1038.28
655.736	1018.86
658.547	1023.12
661.357	1003.59
664.166	1004.89
666.973	983.304
669.779	973.752
672.584	965.415
675.387	966.959
678.189	960.934
680.99	959.971
683.789	965.476
686.586	952.157
689.383	967.588
692.178	944.819
694.972	974.637
697.765	967.902
700.555	959.7
703.346	957.291
706.134	944.818
708.921	944.492
711.707	940.597
714.491	956.243
717.274	949.966
720.056	953.421
722.836	968.061
725.616	966.637
728.393	937.092
731.169	965.386
733.944	959.995
736.718	958.222
739.49	959.008
742.262	941.823
745.032	941.748
747.8	958.476
750.567	962.847
753.333	956.773
756.097	951.975
758.86	964.317
761.622	944.893
764.382	955.518
767.141	932.706
769.899	920.461
772.656	914.596
775.411	932.337
778.165	929.008
780.917	920.442
783.668	917.403
786.418	899.946
789.167	910.637
791.914	918.545
794.66	907.157
797.404	911.68
800.147	907.757
802.889	922.048
805.63	947.97
808.369	965.65
811.107	991.859
813.844	1010.63
816.579	986.329
819.314	995.867
822.047	989.492
824.777	972.588
827.508	938.6
830.236	944.312
832.964	930.859
835.69	923.742
838.415	922.408
841.139	938.781
843.861	944.943
846.582	947.626
849.302	944.748
852.02	977.261
854.738	1006.27
857.453	1108.45
860.167	1324.06
862.881	1642.74
865.592	1987.76
868.303	2222.93
871.012	2306.36
873.721	2136.71
876.427	1777.57
879.132	1367.58
881.837	1102.64
884.54	973.42
887.241	907.082
889.942	886.526
892.641	883.872
895.338	873.41
898.034	864.688
900.73	859.946
903.423	869.299
906.116	858.826
908.807	865.155
911.497	865.218
914.186	857.861
916.873	852.158
919.56	871.997
922.244	870.656
924.928	861.052
927.61	863.304
930.291	859.968
932.97	851.931
935.649	845.914
938.326	849.943
941.002	848.44
943.677	856.884
946.35	855.863
949.022	843.825
951.693	850.975
954.362	860.852
957.03	869.342
959.697	851.642
962.363	863.046
965.027	861.645
967.691	866.482
970.353	861.476
973.014	850.657
975.673	831.719
978.331	837.741
980.987	845.827
983.644	836.287
986.298	846.304
988.951	878.662
991.602	858.188
994.253	878.819
996.902	876.642
999.55	878.483
1002.2	893.706
1004.84	906.532
1007.49	880.755
1010.13	890.916
1012.77	872.929
1015.41	856.714
1018.05	812.374
1020.69	825.938
1023.33	814.592
1025.96	807.15
1028.6	807.07
1031.23	795.868
1033.86	807.743
1036.49	785.372
1039.12	794.243
1041.75	795.886
1044.37	787.971
1047	786.138
1049.62	795.302
1052.25	816.193
1054.87	815.488
1057.49	823.032
1060.11	827.683
1062.73	823.531
1065.34	826.65
1067.96	815.78
1070.57	813.936
1073.19	830.44
1075.8	817.622
1078.41	830.218
1081.02	830.021
1083.63	838.804
1086.23	852.699
1088.84	879.511
1091.44	876.903
1094.05	927.971
1096.65	968.791
1099.25	1043.23
1101.85	1343.11
1104.45	1834.29
1107.04	2459.44
1109.64	2976.17
1112.23	3229.68
1114.83	3124.86
1117.42	2469.22
1120.01	1633.19
1122.6	1065
1125.19	862.343
1127.77	808.039
1130.36	780.607
1132.95	762.383
1135.53	755.514
1138.11	745.814
1140.69	761.398
1143.27	758.832
1145.85	751.386
1148.43	755.816
1151.01	768.926
1153.58	757.057
1156.15	793.192
1158.73	808.449
1161.3	849.755
1163.87	914.81
1166.44	986.008
1169	1030.29
1171.57	1053.44
1174.14	1005.15
1176.7	989.996
1179.26	903.638
1181.83	851.807
1184.39	832.014
1186.95	829.27
1189.5	867.223
1192.06	873.016
1194.62	908.058
1197.17	923.705
1199.72	931.492
1202.28	937.348
1204.83	973.661
1207.38	1093.05
1209.92	1250.29
1212.47	1487.39
1215.02	1711.01
1217.56	1885.49
1220.11	1929.57
1222.65	1819.13
1225.19	1602.5
1227.73	1318.86
1230.27	1149.05
1232.81	1039.27
1235.34	989.368
1237.88	970.005
1240.41	965.116
1242.95	940.243
1245.48	981.659
1248.01	985.121
1250.54	990.835
1253.06	1026.63
1255.59	1073.01
1258.12	1108.03
1260.64	1172.77
1263.16	1231.91
1265.69	1324.84
1268.21	1446.72
1270.73	1570.75
1273.25	1740.01
1275.76	1932.86
1278.28	2193.14
1280.8	2424.58
1283.31	2527.21
1285.82	2504.65
1288.33	2269.37
1290.84	1899.13
1293.35	1499.78
1295.86	1172.47
1298.37	970.929
1300.87	885.119
1303.38	870.045
1305.88	873.203
1308.38	928.899
1310.89	1033.52
1313.38	1265.94
1315.88	1709.68
1318.38	2596.12
1320.88	3885.55
1323.37	5111.05
1325.87	6009.34
1328.36	6317.33
1330.85	5880.47
1333.34	4688.41
1335.83	3439.48
1338.32	2737.2
1340.81	2359.4
1343.29	2045.13
1345.78	1609.84
1348.26	1196.01
1350.74	994.2
1353.22	917.37
1355.7	860.188
1358.18	845.04
1360.66	834.714
1363.14	815.787
1365.61	777.213
1368.09	754.83
1370.56	729.247
1373.03	714.937
1375.5	716.492
1377.97	706.816
1380.44	718.159
1382.91	725.934
1385.37	729.89
1387.84	725.12
1390.3	707.323
1392.76	715.139
1395.23	669.151
1397.69	664.952
1400.15	626.232
1402.6	618.025
1405.06	601.529
1407.52	609.046
1409.97	601.787
1412.42	593.32
1414.88	584.372
1417.33	593.465
1419.78	584.991
1422.23	589.286
1424.67	574.32
1427.12	591.706
1429.57	598.015
1432.01	621.406
1434.45	623.304
1436.9	650.835
1439.34	643.329
1441.78	639.002
1444.22	633.772
1446.65	635.361
1449.09	615.151
1451.52	627.046
1453.96	610.652
1456.39	593.905
1458.82	581.417
1461.25	574.59
1463.68	550.701
1466.11	556.492
1468.54	560.097
1470.97	561.452
1473.39	559.888
1475.81	557.595
1478.24	566.515
1480.66	571.504
1483.08	563.705
1485.5	569.341
1487.92	569.861
1490.33	571.814
1492.75	578.886
1495.17	605.787
1497.58	619.088
1499.99	627.788
1502.4	657.904
1504.81	658.006
1507.22	637.369
1509.63	641.311
1512.04	649.183
1514.44	664.051
1516.85	689.757
1519.25	721.963
1521.66	710.026
1524.06	686.553
1526.46	642.538
1528.86	585.779
1531.26	562.305
1533.65	535.893
1536.05	537.247
1538.44	544.724
1540.84	527.373
1543.23	526.79
1545.62	531.256
1548.01	524.068
1550.4	513.379
1552.79	511.273
1555.18	508.198
1557.56	519.817
1559.95	520.495
1562.33	512.009
1564.71	525.182
1567.09	512.297
1569.47	529.33
1571.85	543.039
1574.23	570.324
1576.61	632.716
1578.98	728.008
1581.36	890.179
1583.73	1024.41
1586.11	1146.56
1588.48	1195.28
1590.85	1184.68
1593.22	1053.04
1595.59	901.638
1597.95	807.62
1600.32	757.254
1602.68	706.626
1605.05	693.821
1607.41	647.795
1609.77	645.254
1612.13	634.406
1614.49	618.509
1616.85	601.258
1619.21	578.341
1621.57	537.004
1623.92	520.121
1626.28	487.004
1628.63	469.268
1630.98	468.966
1633.33	461.588
1635.68	467.007
1638.03	457.466
1640.38	460.917
1642.72	464.82
1645.07	457.039
1647.41	435.822
1649.76	441.479
1652.1	433.125
1654.44	426.572
1656.78	437.583
1659.12	440.883
1661.46	437.529
1663.79	437.266
1666.13	428.908
1668.46	423.632
1670.8	416.078
1673.13	424.104
1675.46	419.779
1677.79	419.671
1680.12	422.686
1682.45	420.181
1684.78	419.423
1687.1	408.832
1689.43	405.719
1691.75	407.78
1694.07	412.15
1696.4	414.341
1698.72	422.641
1701.04	411.307
1703.35	412.261
1705.67	409.152
1707.99	419.002
1710.3	407.817
1712.62	405.792
1714.93	403.107
1717.24	397.484
1719.55	399.434
1721.86	403.222
1724.17	396.15
1726.48	394.173
1728.79	393.151
1731.09	395.314
1733.4	397.533
1735.7	388.323
1738	384.958
1740.31	382.225
1742.61	383.319
1744.91	398.773
1747.2	394.448
1749.5	387.193
1751.8	386.329
1754.09	392.557
1756.39	381.564
1758.68	383.897
1760.97	373.726
1763.26	371.486
1765.55	377.275
1767.84	366.671
1770.13	364.81
1772.42	363.557
1774.7	367.372
1776.99	365.121
1779.27	359.037
1781.55	350.039
1783.83	350.3
1786.11	355.707
1788.39	361.121
1790.67	355.674
1792.95	349.588
1795.23	347.23
1797.5	344.756
1799.78	350.885
1802.05	347.218
1804.32	339.269
1806.59	341.114
1808.86	334.891
1811.13	345.996
1813.4	337.772
1815.67	341.065
1817.93	342.084
1820.2	346.59
1822.46	338.275
1824.72	325.661
1826.98	329.822
1829.25	332.892
1831.5	331.436
1833.76	320.633
1836.02	329.412
1838.28	321.555
1840.53	326.997
1842.79	326.484
1845.04	324.335
1847.29	318.102
1849.55	322.661
1851.8	312.353
1854.04	327.752
1856.29	324.223
1858.54	318.55
1860.79	310.151
1863.03	319.145
1865.28	316.683
1867.52	317.539
1869.76	301.187
1872	308.38
1874.24	309.496
1876.48	313.504
1878.72	305.894
1880.96	315.107
1883.19	313.459
1885.43	301.189
1887.66	307.772
1889.89	304.933
1892.13	306.416
1894.36	306.749
1896.59	301.514
1898.82	292.946
1901.04	311.004
1903.27	296.416
1905.5	299.23
1907.72	290.356
1909.94	289.193
1912.17	296.795
1914.39	293.94
1916.61	295.893
1918.83	298.275
1921.05	305.736
1923.27	297.852
1925.48	286.62
1927.7	286.313
1929.91	285.345
1932.13	286.683
1934.34	291.348
1936.55	280.17
1938.76	281.165
1940.97	287.085
1943.18	283.468
1945.39	283.971
1947.59	272.121
1949.8	267.41
1952	275.736
1954.21	276.711
1956.41	268.001
1958.61	270.994
1960.81	278.287
1963.01	274.386
1965.21	275.901
1967.41	275.671
1969.6	272.001
1971.8	262.769
1973.99	259.81
1976.19	267.401
1978.38	262.578
1980.57	258.518
1982.76	264.294
1984.95	255.361
1987.14	259.41
1989.33	256.776
1991.51	255.035
1993.7	256.606
1995.89	247.188
1998.07	253.9
2000.25	257.225
2002.43	253.485
2004.61	245.344
2006.79	240.217
2008.97	245.855
2011.15	243.732
2013.33	240.193
2015.5	244.937
2017.68	235.072
2019.85	241.003
2022.02	237.879
2024.19	247.337
2026.37	235.441
2028.53	241.268
2030.7	241.88
2032.87	234.991
2035.04	230.671
2037.2	233.702
2039.37	228.355
2041.53	220.003
2043.7	231.336
2045.86	221.879
2048.02	221.787
2050.18	228.41
2052.34	227.732
2054.5	224.928
2056.65	224.645
2058.81	231.07
2060.96	213.007
2063.12	217.603
2065.27	225.151
2067.42	222.74
2069.57	224.189
2071.72	220.3
2073.87	223.552
2076.02	210.774
2078.17	212.535
2080.31	213.258
2082.46	209.04
2084.6	204.313
2086.75	202.942
2088.89	212.01
2091.03	206.912
2093.17	202.669
2095.31	200.132
2097.45	209.535
2099.59	206.55
2101.72	203.579
2103.86	203.085
2105.99	198.876
2108.13	200.147
2110.26	199.458
2112.39	198.176
2114.52	196.193
2116.65	202.428
2118.78	196.633
2120.91	198.999
2123.04	197.189
2125.16	196.985
2127.29	195.672
2129.41	193.184
2131.53	194.262
2133.66	191.051
2135.78	188.979
2137.9	196.522
2140.02	185.41
2142.13	191.218
2144.25	180.196
2146.37	190.183
2148.48	185.992
2150.6	179.646
2152.71	183.641
2154.82	182.912
2156.94	175.48
2159.05	183.453
2161.16	169.522
2163.26	182.629
2165.37	183.447
2167.48	175.23
2169.58	174.53
2171.69	173.516
2173.79	172.151
2175.9	174.521
2178	172.48
2180.1	171.535
2182.2	169.218
2184.3	161.849
2186.4	158.411
2188.49	162.86
2190.59	163.534
2192.69	171.527
2194.78	173.196
2196.87	166.497
2198.97	163.974
2201.06	168.856
2203.15	165.119
2205.24	161.744
2207.33	159.813
2209.42	160.35
2211.5	159.262
2213.59	165.72
2215.67	155.311
2217.76	154.702
2219.84	160.114
2221.92	158.184
2224	159.732
2226.09	145.863
2228.16	155.23
2230.24	146.706
2232.32	155.078
2234.4	152.275
2236.47	152.786
2238.55	150.419
2240.62	147.225
2242.69	147.525
2244.77	150.469
2246.84	144.411
2248.91	147.398
2250.98	144.271
2253.04	139.202
2255.11	140.035
2257.18	146.048
2259.24	140.715
2261.31	141.378
2263.37	135.16
2265.43	134.065
2267.5	135.522
2269.56	135.32
2271.62	136.826
2273.68	134.633
2275.73	141.975
2277.79	131.416
2279.85	133.905
2281.9	133.813
2283.96	127.403
2286.01	133.765
2288.06	121.942
2290.11	129.091
2292.17	127.422
2294.22	133.398
2296.26	127.987
2298.31	131.197
2300.36	125.027
2302.4	123.484
2304.45	120.089
2306.49	124.258
2308.54	119.972
2310.58	114.702
2312.62	116.307
2314.66	117.682
2316.7	113.822
2318.74	118.744
2320.78	113.892
2322.81	116.934
2324.85	114.929
2326.89	116.196
2328.92	116.654
2330.95	117.382
2332.99	108.07
2335.02	107.403
2337.05	118.189
2339.08	108.604
2341.11	114.016
2343.13	116.035
2345.16	130.937
2347.19	112.967
2349.21	110.856
2351.23	103.632
2353.26	105.604
2355.28	108.604
2357.3	106.419
2359.32	105.698
2361.34	102.073
2363.36	106.48
2365.38	100.386
2367.4	99.3688
2369.41	98.2304
2371.43	102.979
2373.44	100.493
2375.45	96.5221
2377.47	104.632
2379.48	97.9584
2381.49	105.209
2383.5	96.6416
2385.51	96.671
2387.52	98.0355
2389.52	92.201
2391.53	98.7068
2393.53	99.1636
2395.54	97.8307
2397.54	99.3368
2399.54	92.9667
2401.55	95.1466
2403.55	92.1963
2405.55	92.1466
2407.55	94.3
2409.54	88.8669
2411.54	92.1889
2413.54	85.3203
2415.53	92.1513
2417.53	87.7518
2419.52	91.1466
2421.51	86.9667
2423.5	82.7398
2425.49	88.1972
2427.49	84.2706
2429.47	86.2706
2431.46	88.2752
2433.45	88.9651
2435.44	86.9652
2437.42	87.4488
2439.41	85.3817
2441.39	88.4799
2443.37	89.8179
2445.36	88.7196
2447.34	86.1889
2449.32	88.2624
2451.3	83.3688
2453.27	82.1595
2455.25	78.4111
2457.23	82.0355
2459.21	77.1466
2461.18	84.3735
2463.15	79.9667
2465.13	80.1595
2467.1	76.7151
2469.07	78.3203
2471.04	70.1595
2473.01	77.5957
2474.98	77.1513
2476.95	69.8178
2478.92	78.1595
2480.88	77.7648
2482.85	74.3046
2484.81	69.9667
2486.78	71.604
2488.74	72.1889
2490.7	72.3734
2492.66	71.4846
2494.62	69.8556
2496.58	70.6407
2498.54	69.7527
2500.5	66.9667
2502.45	62.1513
2504.41	69.1595
2506.36	63.9712
2508.32	64.8556
2510.27	66.897
2512.22	63.201
2514.17	67.7648
2516.12	62.8178
2518.07	62.1595
2520.02	63.8262
2521.97	62.6401
2523.92	62.9373
2525.86	61.5222
2527.81	61.7151
2529.75	63.6334
2531.7	62.2752
2533.64	59.3817
2535.58	61.0401
2537.52	58.4928
2539.46	61.9373
2541.4	61.086
2543.34	59.9373
2545.28	57.7151
2547.22	60.8179
2549.15	55.3735
2551.09	59.1842
2553.02	56.9418
2554.95	55.9667
2556.89	56.1807
2558.82	55.1595
2560.75	48.8556
2562.68	53.4928
2564.61	52.3735
2566.53	54.2706
2568.46	56.4185
2570.39	55.0484
2572.31	51.6334
2574.24	52.2706
2576.16	54.7445
2578.09	54.4845
2580.01	50.9244
2581.93	52.8133
2583.85	54.0731
2585.77	47.1466
2587.69	46.5222
2589.6	48.604
2591.52	51.7942
2593.44	49.0401
2595.35	47.4194
2597.27	49.8262
2599.18	48.2706
2601.09	50.9373
2603.01	51.4846
2604.92	49.1595
2606.83	45.1466
2608.74	49.7527
2610.65	44.9244
2612.55	49.0778
2614.46	43.2092
2616.37	45.0484
2618.27	44.0778
2620.18	45.2706
2622.08	46.0484
2623.98	44.9244
2625.88	44.7151
2627.78	46.9373
2629.69	43.0401
2631.58	46.9373
2633.48	44.8179
2635.38	41.3817
2637.28	41.0355
2639.17	43.0484
2641.07	46.4928
2642.96	52.604
2644.86	56.2706
2646.75	47.6287
2648.64	49.0852
2650.53	43.7151
2652.42	42.7151
2654.31	42.1807
2656.2	47.3817
2658.09	44.7151
2659.97	43.1972
2661.86	41.4974
2663.74	37.8307
2665.63	46.3817
2667.51	51.7021
2669.39	65.1956
2671.28	80.7648
2673.16	87.5828
2675.04	75.2266
2676.92	73.6536
2678.79	59.3863
2680.67	51.604
2682.55	50.2577
2684.42	54.2706
2686.3	62.4232
2688.17	82.9373
2690.05	120.978
2691.92	239.942
2693.79	256.305
2695.66	188.971
2697.53	137.671
2699.4	97.3982
2701.27	81.1595
2703.14	62.1595
2705	55.4928
2706.87	43.7151
2708.74	39.2706
2710.6	36.1466
2712.46	35.8556
2714.33	32.7021
2716.19	36.1641
2718.05	34.9373
2719.91	32.604
2721.77	28.8133
2723.63	37.3817
2725.49	35.1595
2727.34	32.3817
2729.2	31.2706
2731.05	31.9244
2732.91	30.2706
2734.76	32.9667
2736.61	31.5957
2738.47	30.2706
2740.32	32.7151
2742.17	32.1595
2744.02	28.5222
2745.87	31.0484
2747.71	30.1595
2749.56	33.3203
2751.41	27.7445
2753.25	32.4928
2755.1	28.9373
2756.94	27.9373
2758.79	26.4974
2760.63	25.3817
