188.706	295.111
191.305	291.778
193.902	278
196.499	281.333
199.096	260.222
201.69	254.444
204.284	248.889
206.877	245.778
209.47	234.222
212.062	233.111
214.652	236.667
217.242	230
219.83	233.111
222.419	234
225.005	238.889
227.592	231.778
230.177	230.667
232.762	240.667
235.345	245.333
237.928	250.889
240.509	251.556
243.09	259.333
245.671	270
248.249	285.778
250.829	290.889
253.405	290.889
255.983	277.333
258.558	282.444
261.132	275.556
263.707	262.222
266.28	255.778
268.852	238.889
271.424	245.333
273.994	243.333
276.564	240.667
279.133	229.333
281.701	232.222
284.268	218.444
286.835	215.111
289.4	195.778
291.964	190.444
294.527	186.222
297.091	181.333
299.653	173.778
302.214	172.889
304.774	171.333
307.334	164.667
309.892	162.444
312.45	161.333
315.006	160.444
317.562	163.333
320.118	158.667
322.672	165.778
325.225	173.778
327.778	164.889
330.329	165.556
332.88	162.889
335.43	168.667
337.978	167.778
340.528	172.222
343.075	173.111
345.622	177.111
348.167	178.889
350.712	195.556
353.256	196
355.799	205.556
358.341	200.222
360.883	195.111
363.423	188
365.963	180.222
368.502	174.889
371.04	172.222
373.577	162.444
376.114	158.222
378.649	162.444
381.184	168.222
383.718	159.333
386.251	160.222
388.783	151.333
391.314	160.222
393.844	160.222
396.373	165.556
398.902	164.444
401.43	169.333
403.957	171.778
406.484	166.889
409.009	160
411.534	167.556
414.057	164.222
416.58	164.222
419.102	166
421.624	164.222
424.144	160.667
426.663	159.556
429.181	161.778
431.7	164.222
434.217	169.333
436.732	167.111
439.248	168
441.763	163.778
444.277	171.111
446.788	173.778
449.301	169.778
451.812	173.111
454.322	169.333
456.831	177.111
459.341	166.222
461.847	165.111
464.355	165.111
466.861	167.778
469.366	163.556
471.871	166
474.374	164.444
476.877	166.667
479.378	157.778
481.88	162
484.381	157.111
486.879	155.778
489.379	160.889
491.876	163.333
494.373	158.222
496.869	166
499.365	161.111
501.858	161.778
504.353	171.111
506.845	177.556
509.338	176.667
511.828	172.667
514.319	175.111
516.808	171.333
519.296	173.556
521.785	171.556
524.272	172.444
526.759	170.667
529.244	171.778
531.728	172
534.212	175.778
536.695	166.667
539.178	167.333
541.659	167.778
544.139	167.556
546.619	162.222
549.098	164.444
551.575	164
554.052	163.778
556.529	161.778
559.005	166.889
561.479	165.333
563.953	165.556
566.427	163.778
568.899	169.111
571.37	166.889
573.84	165.333
576.311	172
578.78	171.111
581.248	167.111
583.715	176.667
586.181	178.222
588.647	183.333
591.113	190.222
593.577	196.222
596.04	202.222
598.503	230.222
600.964	265.111
603.425	330.444
605.885	450.889
608.344	588
610.803	551.333
613.26	417.111
615.718	318.889
618.174	254.222
620.63	226.444
623.084	213.778
625.538	214
627.99	200.667
630.443	205.556
632.894	202.444
635.344	207.111
637.792	214.667
640.241	232
642.689	238.667
645.137	273.111
647.583	307.111
650.029	356.444
652.474	404
654.918	446.889
657.361	458.444
659.804	409.556
662.246	355.778
664.685	301.556
667.125	253.778
669.565	228.667
672.003	212.222
674.441	204.889
676.877	205.111
679.313	202
681.749	196.444
684.183	196.222
686.617	205.556
689.049	203.778
691.481	204
693.913	210.667
696.342	217.556
698.772	228.222
701.201	241.778
703.63	248.222
706.056	258.444
708.483	265.333
710.909	267.556
713.333	258.667
715.758	254.222
718.18	249.111
720.603	249.556
723.025	251.556
725.445	255.556
727.866	271.111
730.284	273.778
732.703	280.889
735.122	288.222
737.538	278.444
739.955	282.444
742.369	282.667
744.784	279.778
747.197	271.111
749.611	263.333
752.023	261.111
754.435	249.556
756.845	242.222
759.255	240.222
761.664	233.778
764.071	226.889
766.48	226.444
768.886	225.333
771.292	218.444
773.697	211.778
776.102	215.556
778.505	212.889
780.907	210.444
783.31	217.556
785.711	219.556
788.111	221.111
790.511	221.333
792.91	213.333
795.308	214.889
797.706	216.889
800.102	228.667
802.497	222.444
804.892	229.778
807.287	222.444
809.68	214.444
812.072	212.444
814.464	212.889
816.855	202.667
819.246	208.222
821.635	206.222
824.024	196.444
826.412	216.222
828.799	216.667
831.186	217.333
833.572	224.667
835.956	236.889
838.34	237.556
840.723	252.444
843.106	262.444
845.487	267.333
847.868	288.444
850.248	305.556
852.628	300
855.006	301.778
857.384	281.333
859.761	262.444
862.138	256
864.513	251.778
866.888	257.333
869.262	248.222
871.636	248
874.008	259.111
876.38	245.556
878.751	253.556
881.121	242.889
883.491	237.333
885.86	238
888.228	226.889
890.595	223.333
892.962	217.556
895.327	217.333
897.691	217.111
900.055	209.111
902.419	216.222
904.782	220.222
907.144	220.444
909.505	213.778
911.864	213.778
914.224	217.111
916.583	213.778
918.941	211.778
921.298	204.889
923.654	208
926.01	206.444
928.366	205.778
930.719	206.222
933.073	201.333
935.426	200.444
937.777	201.333
940.129	196.222
942.479	196.667
944.828	200.889
947.178	204.444
949.526	198.667
951.873	202.889
954.22	209.111
956.565	206.889
958.911	216.889
961.254	208.667
963.598	220.444
965.942	230.889
968.283	231.111
970.625	246.667
972.965	279.778
975.305	305.556
977.644	408
979.983	557.556
982.32	761.778
984.657	987.556
986.993	1025.33
989.327	1829.11
991.663	5697.11
993.996	8485.11
996.33	5648.44
998.662	2614.89
1000.99	1214
1003.32	693.778
1005.65	461.778
1007.98	394
1010.31	331.778
1012.64	285.111
1014.97	263.556
1017.29	256
1019.62	240.667
1021.94	245.556
1024.27	227.778
1026.59	226.444
1028.91	225.111
1031.24	224
1033.56	225.556
1035.88	228.889
1038.2	226
1040.51	229.111
1042.83	217.333
1045.15	230.222
1047.47	223.333
1049.78	226.889
1052.1	232.222
1054.41	249.111
1056.73	255.778
1059.04	260.444
1061.35	258.444
1063.66	261.778
1065.97	268.222
1068.28	270.889
1070.59	278.222
1072.9	288
1075.21	288.444
1077.52	300
1079.82	299.333
1082.13	294
1084.43	298.889
1086.74	292.222
1089.04	273.111
1091.34	266.889
1093.65	259.333
1095.95	245.111
1098.25	236.889
1100.55	231.333
1102.85	226.444
1105.14	222.222
1107.44	215.333
1109.74	209.778
1112.03	201.778
1114.33	192.444
1116.62	195.333
1118.92	185.778
1121.21	188
1123.5	184.222
1125.79	180.889
1128.09	186.889
1130.38	191.333
1132.67	189.333
1134.95	192
1137.24	192.444
1139.53	198.667
1141.82	204.444
1144.1	205.556
1146.39	212
1148.67	225.556
1150.95	225.556
1153.24	220.222
1155.52	226.667
1157.8	230.222
1160.08	241.111
1162.36	247.333
1164.64	262.444
1166.92	282
1169.2	323.778
1171.47	384.889
1173.75	475.333
1176.03	570
1178.3	629.111
1180.58	583.111
1182.85	508.667
1185.12	404.222
1187.39	340.667
1189.66	293.778
1191.94	266.667
1194.21	249.111
1196.48	238.444
1198.74	222.444
1201.01	217.333
1203.28	211.778
1205.54	207.778
1207.81	204.222
1210.07	196.444
1212.34	199.111
1214.6	194.222
1216.86	201.111
1219.13	202.222
1221.39	196
1223.65	200.667
1225.91	196.222
1228.17	196.889
1230.43	200.667
1232.68	198.667
1234.94	197.778
1237.2	196
1239.45	194.222
1241.71	198.889
1243.96	201.111
1246.22	197.778
1248.47	196.444
1250.72	196.444
1252.97	204
1255.22	190
1257.47	193.556
1259.72	187.556
1261.97	191.778
1264.22	193.111
1266.46	197.778
1268.71	210
1270.95	216
1273.2	217.333
1275.44	222.222
1277.69	220.667
1279.93	221.556
1282.17	232.444
1284.41	229.333
1286.65	242.444
1288.89	238
1291.13	252.222
1293.37	260.667
1295.61	276.222
1297.85	289.333
1300.08	300.222
1302.32	316.222
1304.55	328
1306.79	318.222
1309.02	308.889
1311.26	281.778
1313.49	259.556
1315.72	248.222
1317.95	238.222
1320.18	231.778
1322.41	216.222
1324.64	218.889
1326.86	203.556
1329.09	196.444
1331.32	196.667
1333.55	184.667
1335.77	188.444
1337.99	184.222
1340.22	189.333
1342.44	189.111
1344.66	198.222
1346.89	190.667
1349.11	190
1351.33	187.111
1353.55	185.778
1355.77	185.556
1357.98	187.778
1360.2	181.333
1362.42	181.778
1364.63	189.111
1366.85	184.444
1369.06	186.889
1371.28	187.778
1373.49	188.889
1375.7	190.222
1377.92	187.111
1380.13	180.667
1382.34	184
1384.55	177.111
1386.76	179.778
1388.97	179.778
1391.17	181.778
1393.38	178.222
1395.59	178
1397.79	181.778
1400	181.333
1402.2	191.556
1404.41	197.778
1406.61	206.667
1408.81	204.667
1411.01	207.333
1413.21	205.556
1415.41	202
1417.61	202
1419.81	210.444
1422.01	225.111
1424.21	247.556
1426.4	269.778
1428.6	291.111
1430.8	334
1432.99	368.444
1435.18	405.333
1437.38	419.778
1439.57	416.444
1441.76	399.111
1443.95	382.667
1446.14	357.778
1448.33	333.111
1450.52	314.444
1452.71	296
1454.9	291.556
1457.09	276.222
1459.27	256.222
1461.46	262
1463.64	260.444
1465.83	258.667
1468.01	244.222
1470.2	253.778
1472.38	249.778
1474.56	245.778
1476.74	246.444
1478.92	245.556
1481.1	232.889
1483.28	227.556
1485.46	213.333
1487.64	205.333
1489.81	199.111
1491.99	194.667
1494.16	189.111
1496.34	181.778
1498.51	182.444
1500.69	183.333
1502.86	176.222
1505.03	173.111
1507.21	175.778
1509.38	172.889
1511.55	171.333
1513.72	173.111
1515.89	180.444
1518.05	174.222
1520.22	166.222
1522.39	175.111
1524.55	168.222
1526.72	172.444
1528.88	175.111
1531.05	170.889
1533.21	176.889
1535.37	173.556
1537.54	177.556
1539.7	172.444
1541.86	175.778
1544.02	173.333
1546.18	179.778
1548.34	178.444
1550.5	184.667
1552.65	189.111
1554.81	190.444
1556.97	188
1559.12	195.111
1561.28	192
1563.43	207.556
1565.58	211.333
1567.74	221.778
1569.89	230.222
1572.04	241.556
1574.19	258.667
1576.34	272.444
1578.49	299.111
1580.64	333.333
1582.79	383.111
1584.94	443.556
1587.08	497.778
1589.23	486.444
1591.37	432.889
1593.52	378.444
1595.66	331.111
1597.81	299.111
1599.95	304.667
1602.09	320.222
1604.23	360
1606.37	402
1608.51	404.889
1610.65	358
1612.79	320.889
1614.93	289.111
1617.07	256.444
1619.21	238.667
1621.34	228.889
1623.48	221.556
1625.61	206.667
1627.75	201.778
1629.88	202
1632.01	198.889
1634.15	198.222
1636.28	192.222
1638.41	185.778
1640.54	183.556
1642.67	191.111
1644.8	182.444
1646.93	186.444
1649.05	177.556
1651.18	182.667
1653.31	177.111
1655.43	176.667
1657.56	180.222
1659.68	178.222
1661.81	170
1663.93	173.778
1666.05	171.556
1668.17	167.556
1670.3	175.333
1672.42	170.222
1674.54	172.444
1676.66	176.444
1678.77	175.556
1680.89	169.111
1683.01	176
1685.13	174
1687.24	177.556
1689.36	175.778
1691.47	177.333
1693.59	179.111
1695.7	179.556
1697.81	179.111
1699.92	180.667
1702.04	180.667
1704.15	181.778
1706.26	183.556
1708.37	184
1710.47	179.778
1712.58	181.333
1714.69	173.111
1716.8	178.222
1718.9	177.111
1721.01	173.333
1723.11	174.667
1725.22	170.889
1727.32	176.667
1729.42	178.889
1731.53	176.444
1733.63	180
1735.73	177.556
1737.83	171.333
1739.93	184.444
1742.03	175.556
1744.13	174.667
1746.23	176.889
1748.32	178
1750.42	172.222
1752.52	176.889
1754.61	173.778
1756.71	179.111
1758.8	176.222
1760.89	176.667
1762.99	175.778
1765.08	178.667
1767.17	176.889
1769.26	176.444
1771.35	172.222
1773.44	181.778
1775.53	180.444
1777.62	176
1779.71	185.333
1781.79	180
1783.88	180.444
1785.96	179.111
1788.05	176.889
1790.13	180.889
1792.22	184.444
1794.3	186.889
1796.38	177.778
1798.47	176
1800.55	175.556
1802.63	183.333
1804.71	180.667
1806.79	180.444
1808.87	178.889
1810.95	191.111
1813.02	182.667
1815.1	187.111
1817.18	178.889
1819.25	178.889
1821.33	177.333
1823.4	182.444
1825.47	182.444
1827.55	181.778
1829.62	175.778
1831.69	178
1833.76	183.111
1835.83	181.778
1837.9	178.444
1839.97	181.556
1842.04	180.889
1844.11	176.667
1846.18	182.667
1848.24	178.444
1850.31	176.222
1852.38	184
1854.44	183.778
1856.51	183.556
1858.57	186.444
1860.63	182
1862.69	181.778
1864.76	183.333
1866.82	189.556
1868.88	185.778
1870.94	176.889
1873	180
1875.06	184.667
1877.11	182
1879.17	180.222
1881.23	183.111
1883.28	185.333
1885.34	182.444
1887.4	186.889
1889.45	184.667
1891.5	185.778
1893.56	183.778
1895.61	188.667
1897.66	186.222
1899.71	186.444
1901.76	192.667
1903.81	189.111
1905.86	194.444
1907.91	185.111
1909.96	190
1912.01	197.333
1914.05	189.556
1916.1	188.667
1918.15	196.444
1920.19	196.667
1922.23	188.889
1924.28	187.556
1926.32	191.333
1928.36	193.111
1930.41	192.667
1932.45	197.556
1934.49	194.889
1936.53	196.889
1938.57	192
1940.61	184.222
1942.64	186.444
1944.68	190.889
1946.72	187.556
1948.76	185.778
1950.79	189.556
1952.83	192.444
1954.86	190.444
1956.89	188
1958.93	189.556
1960.96	187.111
1962.99	187.778
1965.03	179.778
1967.06	188
1969.09	186
1971.12	189.333
1973.14	183.556
1975.17	186.444
1977.2	188.222
1979.23	188.222
1981.25	190
1983.28	189.333
1985.31	191.111
1987.33	195.778
1989.36	189.333
1991.38	192.444
1993.4	189.778
1995.42	192.444
1997.45	187.556
1999.47	188.222
2001.49	193.111
2003.51	192.667
2005.53	186.222
2007.55	191.778
2009.56	185.111
2011.58	193.778
2013.6	191.556
2015.61	193.556
2017.63	197.333
2019.65	195.111
2021.66	192
2023.67	198
2025.69	196.444
2027.7	199.333
2029.71	196.889
2031.72	196.444
2033.73	183.556
2035.74	195.111
2037.75	193.778
2039.76	193.778
2041.77	194.889
2043.78	191.778
2045.79	196.889
2047.79	192.667
2049.8	184.222
2051.8	194.444
2053.81	193.556
2055.81	193.111
2057.82	191.111
2059.82	191.556
2061.82	193.111
2063.82	192
2065.83	189.111
2067.83	197.111
2069.83	195.111
2071.83	191.778
2073.82	192.667
2075.82	188.667
2077.82	191.111
2079.82	189.556
2081.81	186.222
2083.81	190.889
2085.8	188.889
2087.8	197.778
2089.79	191.333
2091.79	199.333
2093.78	195.333
2095.77	194.444
2097.76	190.667
2099.76	192.444
2101.75	194.889
2103.74	186.444
2105.72	179.556
2107.71	194
2109.7	196.667
2111.69	193.556
2113.68	191.556
2115.66	197.778
2117.65	192.222
2119.63	195.778
2121.62	191.111
2123.6	193.556
2125.59	193.556
2127.57	197.556
2129.55	193.556
2131.53	190.667
2133.51	195.333
2135.49	197.556
2137.47	196.444
2139.45	192.444
2141.43	193.333
2143.41	194.444
2145.39	196.889
2147.36	194.222
2149.34	195.556
2151.32	194.222
2153.29	192.222
2155.27	191.333
2157.24	193.778
2159.21	198.444
2161.19	198.889
2163.16	198.889
2165.13	189.111
2167.1	194.444
2169.07	192.222
2171.04	195.111
2173.01	196.889
2174.98	188.667
2176.95	198.222
2178.92	197.111
2180.88	198.222
2182.85	194.889
2184.81	194.889
2186.78	201.333
2188.74	199.778
2190.71	202.222
2192.67	193.778
2194.63	193.333
2196.6	192.444
2198.56	193.778
2200.52	195.778
2202.48	196
2204.44	197.111
2206.4	193.111
2208.36	197.111
2210.32	184.667
2212.28	195.778
2214.23	195.556
2216.19	202.444
2218.14	201.778
2220.1	194
2222.05	191.111
2224.01	190.222
2225.96	192.889
2227.91	192
2229.87	194.667
2231.82	193.556
2233.77	193.778
2235.72	193.556
2237.67	195.556
2239.62	192.889
2241.57	193.333
2243.52	190.667
2245.47	196.444
2247.41	191.111
2249.36	192.444
2251.31	191.333
2253.25	193.333
2255.2	193.111
2257.14	187.333
2259.09	190
2261.03	189.556
2262.97	192.444
2264.91	196
2266.85	186.667
2268.8	191.111
2270.74	188.889
2272.68	194
2274.61	199.111
2276.55	191.333
2278.49	196.667
2280.43	189.778
2282.37	191.111
2284.3	194
2286.24	186
2288.17	194
2290.11	196.444
2292.04	193.556
2293.98	203.778
2295.91	204.889
2297.84	204
2299.77	200.889
2301.7	192.222
2303.64	190.222
2305.56	184
2307.49	192.444
2309.42	194.667
2311.35	186.889
2313.28	194.667
2315.21	190.444
2317.13	190
2319.06	191.778
2320.99	191.333
2322.91	192.222
2324.84	188.667
2326.76	189.111
2328.68	194.222
2330.6	194.889
2332.53	192
2334.45	192.222
2336.37	193.556
2338.29	192.444
2340.21	190.222
2342.13	192.889
2344.05	192.222
2345.97	197.778
2347.89	196
2349.8	200.889
2351.72	193.111
2353.63	196.889
2355.55	187.778
2357.47	188.889
2359.38	189.111
2361.29	194
2363.21	185.333
2365.12	189.111
2367.03	188.667
2368.94	195.111
2370.85	194.222
2372.76	192.444
2374.67	196.222
2376.58	193.333
2378.49	197.111
2380.4	194.667
2382.31	196.222
2384.21	196
2386.12	197.556
2388.03	188.667
2389.93	193.111
2391.84	187.556
2393.74	190.222
2395.64	196.444
2397.55	190
2399.45	192.667
2401.35	188.667
2403.25	191.111
2405.15	196
2407.05	191.333
2408.95	192.889
2410.85	186.444
2412.75	192.222
2414.65	194
2416.55	190.444
2418.45	194
2420.34	197.778
2422.24	188.667
2424.13	197.556
2426.03	196.444
2427.92	195.778
2429.82	196.222
2431.71	195.333
2433.6	194.444
2435.49	195.111
2437.39	194.222
2439.28	194.667
2441.17	196
2443.06	195.778
2444.95	199.333
2446.83	197.556
2448.72	200.889
2450.61	199.111
2452.5	195.111
2454.39	209.778
