364.259	32.2548
367.212	31.7849
370.164	36.3304
373.114	35.4759
376.063	40.8745
379.009	42.5381
381.955	46.2444
384.9	51.8092
387.843	58.9317
390.784	67.02
393.724	74.4189
396.662	72.114
399.6	66.7286
402.536	56.3067
405.469	50.0089
408.403	44.5881
411.334	43.6433
414.264	42.6566
417.192	49.9182
420.12	49.0819
423.045	53.1293
425.969	51.2252
428.893	49.0665
431.814	43.9631
434.734	36.0967
437.652	33.1069
440.569	27.6981
443.485	26.5496
446.399	26.3381
449.312	21.4278
452.224	21.5581
455.134	24.344
458.043	24.0013
460.949	25.2524
463.855	22.0798
466.76	21.3091
469.663	26.0489
472.564	24.5895
475.465	30.2478
478.363	36.9467
481.261	35.975
484.156	44.4539
487.05	39.6399
489.944	34.0654
492.835	30.5835
495.725	31.6905
498.614	23.9221
501.502	23.7843
504.388	23.4539
507.273	23.3835
510.156	20.6964
513.038	21.7884
515.919	23.1659
518.797	21.1705
521.675	19.5586
524.551	21.3717
527.426	20.9401
530.299	19.1437
533.172	21.668
536.043	16.2193
538.912	19.1642
541.78	23.7028
544.646	16.4283
547.511	19.2964
550.375	19.6768
553.237	22.8587
556.098	21.5378
558.958	22.8071
561.816	22.0072
564.673	21.302
567.529	21.2384
570.382	22.3364
573.234	24.0429
576.086	24.8308
578.936	19.2324
581.785	21.9339
584.632	19.6061
587.477	17.4623
590.322	20.0578
593.164	20.3985
596.006	19.7938
598.846	20.3109
601.686	18.8063
604.523	20.0577
607.359	13.8058
610.194	19.783
613.027	20.6464
615.859	18.5509
618.69	19.8692
621.519	18.4054
624.347	22.4344
627.174	23.5046
629.999	23.4131
632.823	23.0814
635.645	31.8762
638.466	47.8379
641.286	71.9732
644.104	118.99
646.921	100.706
649.736	58.0141
652.551	39.9708
655.364	27.1332
658.175	24.5614
660.985	23.072
663.795	17.9912
666.602	20.8347
669.408	21.3078
672.213	17.8366
675.016	20.511
677.818	21.691
680.619	22.7286
683.418	20.6483
686.216	22.5812
689.013	20.917
691.808	22.5067
694.602	26.6522
697.395	26.2383
700.186	26.3376
702.976	22.886
705.765	21.1662
708.552	22.3201
711.338	20.9008
714.122	18.3321
716.906	22.8664
719.687	22.6104
722.468	20.3844
725.247	21.4666
728.025	19.0949
730.802	21.8723
733.577	24.06
736.351	24.8228
739.124	25.1387
741.894	30.6888
744.665	35.2134
747.433	43.1421
750.201	69.3214
752.966	126.144
755.731	216.553
758.494	307.766
761.256	258.087
764.016	150.997
766.776	91.4539
769.534	52.972
772.29	36.4143
775.046	28.2892
777.8	25.1972
780.552	23.8092
783.304	22.4516
786.053	24.608
788.802	24.0447
791.549	26.5067
794.296	27.5837
797.04	30.2943
799.784	34.8021
802.526	31.7018
805.266	25.0072
808.006	24.0029
810.744	21.9614
813.481	21.7528
816.217	22.6624
818.951	19.9013
821.683	19.1662
824.415	17.3885
827.145	19.7612
829.874	19.6621
832.602	20.4421
835.329	17.2329
838.053	20.6518
840.777	21.4992
843.499	24.7558
846.22	26.5799
848.94	40.1826
851.659	45.704
854.376	40.9425
857.092	35.685
859.807	28.7897
862.52	23.7612
865.232	23.6208
867.943	20.5433
870.653	18.8122
873.361	22.5572
876.068	22.1497
878.773	22.3537
881.477	27.2323
884.18	28.9482
886.882	33.4207
889.582	37.2964
892.282	36.7451
894.98	34.1183
897.676	32.6871
900.371	28.1758
903.065	25.043
905.758	23.6446
908.45	22.9761
911.139	21.0094
913.828	18.7735
916.516	18.7861
919.202	17.8329
921.887	17.3885
924.571	18.6412
927.253	20.6394
929.934	18.7677
932.615	16.3368
935.292	19.3363
937.97	17.3341
940.646	19.2346
943.321	19.3364
945.994	17.2099
948.667	16.5907
951.337	20.2515
954.007	16.8617
956.675	14.5586
959.342	18.1141
962.008	18.8076
964.673	17.9221
967.336	21.2049
969.998	16.7076
972.66	17.8378
975.319	17.2019
977.977	22.6336
980.634	31.1188
983.29	37.2741
985.944	50.5455
988.597	81.9834
991.249	130.14
993.9	231.972
996.549	303.052
999.197	229.856
1001.84	127.244
1004.49	70.3316
1007.13	39.6045
1009.78	27.0724
1012.42	24.5794
1015.06	20.2478
1017.7	19.7884
1020.34	20.1293
1022.97	20.277
1025.61	19.3589
1028.24	19.843
1030.88	15.1628
1033.51	16.4533
1036.14	16.2136
1038.77	18.1985
1041.4	15.5433
1044.02	17.3985
1046.65	19.2447
1049.27	16.0605
1051.9	16.9071
1054.52	16.8707
1057.14	16.0093
1059.76	14.3626
1062.38	16.0724
1064.99	16.5306
1067.61	18.5781
1070.22	18.9957
1072.84	15.8855
1075.45	17.9524
1078.06	20.8034
1080.67	20.5044
1083.28	19.9437
1085.89	22.2049
1088.49	17.3589
1091.1	19.4386
1093.7	17.7467
1096.3	17.5441
1098.9	16.7054
1101.5	16.7731
1104.1	14.8914
1106.7	17.003
1109.29	17.8397
1111.89	18.8995
1114.48	16.3673
1117.07	18.1426
1119.66	16.6506
1122.25	13.9123
1124.84	18.0715
1127.43	16.5586
1130.02	16.754
1132.6	17.3364
1135.18	17.7286
1137.77	17.1832
1140.35	19.6412
1142.93	21.2668
1145.51	24.9423
1148.09	30.4992
1150.66	35.4963
1153.24	36.9536
1155.81	36.0851
1158.38	30.0357
1160.95	30.7803
1163.53	29.9097
1166.09	27.71
1168.66	27.2579
1171.23	29.4701
1173.79	31.1374
1176.36	32.2311
1178.92	31.9502
1181.48	29.2845
1184.04	30.0967
1186.6	24.8664
1189.16	24.3245
1191.72	20.0783
1194.27	17.3626
1196.83	19.5818
1199.38	17.1451
1201.93	18.4153
1204.49	17.8877
1207.04	20.0928
1209.58	15.6965
1212.13	17.8021
1214.68	15.6107
1217.22	18.7464
1219.77	18.5046
1222.31	19.6994
1224.85	18.2734
1227.39	19.5455
1229.93	18.0742
1232.47	17.0967
1235	18.4707
1237.54	21.3364
1240.07	23.3589
1242.61	19.3282
1245.14	24.5187
1247.67	25.8723
1250.2	30.4054
1252.73	33.0511
1255.25	36.8397
1257.78	40.619
1260.3	41.7018
1262.83	43.9008
1265.35	47.4076
1267.87	47.6522
1270.39	54.6336
1272.91	53.7054
1275.43	47.8401
1277.95	45.5742
1280.46	47.0391
1282.97	45.6259
1285.49	45.7925
1288	53.8228
1290.51	65.0309
1293.02	65.0601
1295.53	74.5228
1298.03	69.7569
1300.54	57.2019
1303.04	52.3474
1305.55	45.4648
1308.05	42.4975
1310.55	38.0524
1313.05	36.6802
1315.55	41.5837
1318.05	45.6352
1320.54	49.8003
1323.04	48.5531
1325.53	51.3457
1328.03	40.9541
1330.52	41.6603
1333.01	34.3252
1335.5	31.0774
1337.99	29.3789
1340.47	24.5854
1342.96	25.1985
1345.44	21.2537
1347.93	22.198
1350.41	18.7999
1352.89	20.2406
1355.37	19.3576
1357.85	22.6674
1360.33	23.4368
1362.81	24.5513
1365.28	20.8003
1367.76	20.6348
1370.23	21.4627
1372.7	21.0208
1375.17	22.0647
1377.64	18.7082
1380.11	18.0379
1382.58	19.0516
1385.04	20.7693
1387.51	21.1998
1389.97	19.7319
1392.44	18.619
1394.9	16.7307
1397.36	19.3096
1399.82	21.3661
1402.28	21.4242
1404.73	19.6566
1407.19	18.9609
1409.64	19.8638
1412.1	19.3457
1414.55	19.3555
1417	20.1659
1419.45	21.6329
1421.9	21.4918
1424.35	25.1793
1426.79	26.1853
1429.24	27.0594
1431.68	28.6987
1434.13	26.1526
1436.57	31.278
1439.01	35.281
1441.45	39.9826
1443.89	43.3993
1446.33	43.3864
1448.76	42.4623
1451.2	36.0908
1453.63	34.4074
1456.07	31.1353
1458.5	35.4178
1460.93	34.1354
1463.36	32.6655
1465.79	30.7807
1468.22	29.5984
1470.64	30.3885
1473.07	24.7655
1475.49	26.8088
1477.91	21.9507
1480.34	25.4546
1482.76	24.7696
1485.18	22.2234
1487.59	20.5598
1490.01	23.6786
1492.43	23.1765
1494.84	19.2507
1497.26	21.1973
1499.67	21.6668
1502.08	20.6178
1504.49	20.548
1506.9	20.2061
1509.31	17.4131
1511.72	16.7744
1514.12	19.5645
1516.53	19.9512
1518.93	20.1794
1521.34	21.0945
1523.74	19.4474
1526.14	20.193
1528.54	20.6023
1530.94	21.3049
1533.33	20.4806
1535.73	20.4648
1538.12	19.8919
1540.52	21.7594
1542.91	20.5639
1545.3	21.9988
1547.69	24.783
1550.08	23.529
1552.47	23.3317
1554.86	24.8436
1557.24	23.8371
1559.63	27.5394
1562.01	31.7523
1564.4	33.0043
1566.78	45.9851
1569.16	55.5658
1571.54	81.4125
1573.91	89.3364
1576.29	92.4153
1578.67	75.9761
1581.04	67.9413
1583.42	50.0182
1585.79	43.5229
1588.16	39.8092
1590.53	35.3952
1592.9	34.1998
1595.27	35.3226
1597.64	33.2095
1600	33.0762
1602.37	32.7807
1604.73	28.9508
1607.1	31.1391
1609.46	28.6412
1611.82	31.1985
1614.18	33.2115
1616.54	33.6003
1618.9	40.737
1621.25	42.0878
1623.61	46.9011
1625.96	52.576
1628.31	55.7053
1630.67	65.2943
1633.02	70.101
1635.37	77.064
1637.72	89.0089
1640.06	90.451
1642.41	90.9049
1644.76	94.4165
1647.1	86.177
1649.44	87.0878
1651.79	80.8021
1654.13	70.8079
1656.47	62.6412
1658.81	58.779
1661.15	63.4772
1663.48	49.2324
1665.82	44.4724
1668.15	39.2542
1670.49	39.3257
1672.82	36.1942
1675.15	30.2383
1677.48	31.1141
1679.81	29.5027
1682.14	31.4143
1684.47	27.0819
1686.79	24.8551
1689.12	21.31
1691.44	24.9286
1693.76	20.0326
1696.09	22.9199
1698.41	18.6655
1700.73	20.8788
1703.05	17.1998
1705.36	21.957
1707.68	18.9686
1710	16.4134
1712.31	15.6387
1714.62	18.1794
1716.94	15.2537
1719.25	19.1998
1721.56	17.7849
1723.87	14.154
1726.17	15.4271
1728.48	14.0119
1730.79	16.072
1733.09	15.9797
1735.4	15.4118
1737.7	14.2841
1740	15.5067
1742.3	14.9762
1744.6	10.9762
1746.9	17.6387
1749.2	14.5781
1751.49	16.3109
1753.79	15.2431
1756.08	17.0204
1758.38	12.9698
1760.67	14.003
1762.96	17.045
1765.25	16.1776
1767.54	15.2253
1769.83	15.5965
1772.11	13.8575
1774.4	14.7766
1776.68	13.9804
1778.97	14.9843
1781.25	16.9209
1783.53	14.0332
1785.81	13.3226
1788.09	12.4283
1790.37	13.6522
1792.65	12.1967
1794.92	10.7053
1797.2	11.1641
1799.47	12.5027
1801.75	9.7117
1804.02	11.4746
1806.29	14.277
1808.56	10.9268
1810.83	12.5764
1813.1	10.2222
1815.37	12.3516
1817.63	12.338
1819.9	11.1925
1822.16	14.0601
1824.42	13.6104
1826.68	10.2773
1828.95	11.2869
1831.21	11.8339
1833.46	13.9644
1835.72	12.2311
1837.98	10.5264
1840.23	12.5023
1842.49	12.8165
1844.74	10.6992
1846.99	9.6696
1849.25	11.5586
1851.5	11.3167
1853.75	9.25423
1855.99	13.0588
1858.24	13.3717
1860.49	14.8539
1862.73	10.5218
1864.98	11.3555
1867.22	11.3083
1869.46	11.8481
1871.71	11.0873
1873.95	9.86513
1876.18	12.1214
1878.42	11.2816
1880.66	9.27919
1882.9	9.6888
1885.13	10.7197
1887.37	9.86643
1889.6	9.39735
1891.83	10.4207
1894.06	9.0472
1896.29	11.0945
1898.52	11.0409
1900.75	11.9187
1902.98	16.5372
1905.2	11.8902
1907.43	11.4339
1909.65	9.41949
1911.87	10.0029
1914.1	12.0623
1916.32	11.4433
1918.54	10.4452
1920.75	12.9549
1922.97	12.5228
1925.19	11.6951
1927.41	14.6107
1929.62	10.2869
1931.83	10.3737
1934.05	11.2299
1936.26	10.944
1938.47	11.0204
1940.68	10.5305
1942.89	9.78299
1945.1	10.4627
1947.3	9.25673
1949.51	8.96864
1951.71	9.63531
1953.92	11.3499
1956.12	11.1064
1958.32	8.49957
1960.52	11.2977
1962.72	9.99707
1964.92	9.68121
1967.12	11.5836
1969.31	11.883
1971.51	8.07834
1973.7	12.587
1975.9	11.9275
1978.09	8.92144
1980.28	9.98991
1982.47	9.19499
1984.66	11.8877
1986.85	10.3685
1989.04	9.8788
1991.23	9.30414
1993.41	11.0839
1995.6	11.193
1997.78	13.3626
1999.96	10.6853
2002.14	9.99121
2004.33	10.5679
2006.51	9.71973
2008.68	12.9818
2010.86	14.161
2013.04	8.47472
2015.22	10.5228
2017.39	11.4202
2019.56	10.4322
2021.74	9.477
2023.91	9.59288
2026.08	9.38498
2028.25	11.4742
2030.42	9.19727
2032.59	9.80208
2034.75	11.2325
2036.92	9.83073
2039.08	6.6888
2041.25	9.39334
2043.41	10.2252
2045.57	9.97276
2047.73	7.75401
2049.89	7.99761
2052.05	10.0785
2054.21	10.4623
2056.37	8.25325
2058.52	8.15256
2060.68	10.4631
2062.83	9.73318
2064.99	10.0065
2067.14	8.53526
2069.29	10.3172
2071.44	12.3589
2073.59	9.22569
2075.74	9.36013
2077.89	11.324
2080.03	10.5264
2082.18	8.31717
2084.32	9.57595
2086.47	7.55132
2088.61	8.95291
2090.75	7.79015
2092.89	7.69922
2095.03	9.90668
2097.17	8.45334
2099.31	11.7408
2101.44	7.85916
2103.58	6.98383
2105.71	8.78082
2107.85	8.74512
2109.98	10.3185
2112.11	10.5127
2114.24	8.63943
2116.37	9.38574
2118.5	9.66547
2120.63	10.9708
2122.76	9.78071
2124.88	10.6375
2127.01	8.86513
2129.13	9.01497
2131.25	10.9157
2133.38	8.30317
2135.5	10.3844
2137.62	9.58952
2139.74	10.3096
2141.86	9.30664
2143.97	8.73079
2146.09	9.23969
2148.21	9.12717
2150.32	9.03255
2152.43	8.96094
2154.55	9.55219
2156.66	9.6951
2158.77	7.8597
2160.88	8.01671
2162.99	8.27387
2165.1	11.0993
2167.2	9.34744
2169.31	9.3304
2171.41	7.89182
2173.52	10.0575
2175.62	9.26693
2177.72	8.5038
2179.82	5.97624
2181.93	6.78299
2184.02	10.0809
2186.12	8.14811
2188.22	5.8355
2190.32	8.56793
2192.41	8.81348
2194.51	8.72493
2196.6	6.53396
2198.69	8.02973
2200.79	7.72027
2202.88	8.889
2204.97	9.19727
2207.06	9.40755
2209.14	7.15571
2211.23	7.49957
2213.32	11.8081
2215.4	10.5764
2217.49	9.09874
2219.57	10.9187
2221.65	12.4015
2223.73	11.4137
2225.81	9.63748
2227.89	7.94824
2229.97	11.4224
2232.05	6.05935
2234.13	8.08192
2236.2	8.56489
2238.28	10.6457
2240.35	9.53722
2242.42	7.53526
2244.5	8.00304
2246.57	10.3299
2248.64	7.27463
2250.71	7.83561
2252.78	7.66157
2254.84	7.73492
2256.91	9.78885
2258.97	6.19846
2261.04	8.13368
2263.1	9.84983
2265.17	6.33214
2267.23	8.27582
2269.29	11.3206
2271.35	6.73134
2273.41	11.5039
2275.47	10.3304
2277.52	8.52582
2279.58	11.6719
2281.64	7.29785
2283.69	7.31684
2285.74	9.53776
2287.8	8.02257
2289.85	7.64638
2291.9	8.77539
2293.95	7.63401
2296	9.98036
2298.05	7.6697
2300.09	9.77951
2302.14	8.3661
2304.18	9.54329
2306.23	6.48058
2308.27	7.91319
2310.31	8.91873
2312.36	6.85015
2314.4	8.95085
2316.44	9.02203
2318.48	8.06521
2320.51	10.1835
2322.55	9.23459
2324.59	7.676
2326.62	7.76769
2328.66	8.74501
2330.69	7.91515
2332.72	8.35894
2334.75	7.24436
2336.78	5.88292
2338.81	7.75401
2340.84	8.02431
2342.87	7.22298
2344.9	10.3007
2346.92	20.0524
2348.95	7.78971
2350.97	6.92209
2353	8.25195
2355.02	7.73698
2357.04	8.74978
2359.06	6.21929
2361.08	7.67611
2363.1	9.69813
2365.12	10.4159
2367.14	8.3508
2369.15	9.18142
2371.17	7.65017
2373.18	8.64334
2375.19	8.26096
2377.21	7.28689
2379.22	8.12131
2381.23	7.9413
2383.24	8.28158
2385.25	10.7451
2387.26	8.76769
2389.26	9.22743
2391.27	7.01063
2393.28	8.08138
2395.28	7.66786
2397.28	5.69596
2399.29	8.02344
2401.29	7.98383
2403.29	9.70757
2405.29	8.56575
2407.29	8.47374
2409.29	7.89605
2411.28	8.31673
2413.28	6.73492
2415.28	7.8954
2417.27	8.95714
2419.26	7.67253
2421.26	9.0077
2423.25	7.91992
2425.24	6.88553
2427.23	6.80979
2429.22	9.01411
2431.21	6.97146
2433.19	8.53179
2435.18	7.20779
2437.17	7.5064
2439.15	8.94
2441.14	8.03255
2443.12	8.01194
2445.1	5.68338
2447.08	7.53895
2449.06	9.11947
2451.04	9.26096
2453.02	7.92339
2455	10.8906
2456.98	5.93045
2458.95	8.89475
2460.93	7.19303
2462.9	7.65658
2464.87	7.50673
2466.85	7.93772
2468.82	10.0119
2470.79	7.3036
2472.76	9.85579
2474.73	12.5818
2476.7	6.477
2478.66	8.76769
2480.63	8.4605
2482.6	10.8459
2484.56	10.6149
2486.52	7.65647
2488.49	7.69227
2490.45	7.77778
2492.41	7.52637
2494.37	8.79188
2496.33	9.07585
2498.29	8.16406
2500.25	8.34104
2502.2	5.6773
2504.16	6.11827
2506.11	9.13672
2508.07	8.9209
2510.02	6.45638
2511.97	8.49783
2513.92	8.80404
2515.88	9.00174
2517.83	9.4248
2519.77	7.92339
2521.72	8.44575
2523.67	8.17068
2525.62	9.88303
2527.56	8.88639
2529.51	8.02507
2531.45	8.65397
2533.39	10.6144
2535.33	8.3712
2537.28	6.47005
2539.22	5.96094
2541.16	9.75814
2543.09	5.35547
2545.03	8.0548
2546.97	7.02561
2548.9	7.41645
2550.84	7.99837
2552.77	9.75358
2554.71	10.2274
2556.64	12.2887
2558.57	10.8296
2560.5	8.26693
2562.43	8.47645
2564.36	7.20605
2566.29	8.79221
2568.22	8.59006
2570.14	8.83963
2572.07	9.02431
2573.99	11.1956
2575.92	9.81174
2577.84	8.9502
2579.76	9.54329
2581.69	9.42198
2583.61	10.227
2585.53	8.25477
2587.44	10.1213
2589.36	7.91688
2591.28	11.7486
2593.2	10.2444
2595.11	8.18956
2597.03	9.85916
2598.94	7.12001
2600.85	9.41645
2602.76	11.4344
2604.68	10.6196
2606.59	9.05241
2608.5	10.7999
2610.4	11.2775
2612.31	8.39388
2614.22	11.1362
2616.13	9.00521
2618.03	8.21929
2619.94	12.6433
2621.84	12.4172
2623.74	10.6451
2625.64	7.28407
2627.54	12.4446
2629.45	10.5735
2631.34	10.3304
2633.24	15.6655
2635.14	15.1391
2637.04	11.3067
2638.93	11.3041
2640.83	13.7568
2642.72	14.7766
2644.62	28.6441
2646.51	25.8481
2648.4	24.7581
2650.29	24.6192
2652.18	18.7957
2654.07	14.032
2655.96	13.8562
2657.85	15.7523
2659.74	15.0801
2661.62	19.16
2663.51	18.7718
2665.39	19.5895
2667.27	23.0715
2669.16	29.467
2671.04	43.9614
2672.92	62.5831
2674.8	83.2818
2676.68	91.0447
2678.56	81.6616
2680.44	68.696
2682.31	56.078
2684.19	37.6846
2686.06	41.4551
2687.94	53.924
2689.81	63.1681
2691.68	108.69
2693.56	280.708
2695.43	349.049
2697.3	219.137
2699.17	178.699
2701.04	111.917
2702.9	63.0623
2704.77	52.4236
2706.64	37.3257
2708.5	26.9971
2710.37	22.1332
2712.23	17.2019
2714.09	14.0654
2715.96	15.9668
2717.82	13.748
2719.68	14.9268
2721.54	16.344
2723.4	13.5748
2725.25	17.6785
2727.11	12.6353
2728.97	12.7114
2730.82	13.8314
2732.68	13.315
2734.53	14.4189
2736.38	13.2537
2738.24	11.4533
2740.09	9.73069
2741.94	11.2002
2743.79	11.76
2745.64	12.5229
2747.48	9.99067
2749.33	6.81293
2751.18	10.1099
2753.02	14.3641
2754.87	13.141
2756.71	9.79991
2758.56	9.92166
2760.4	8.50325
2762.24	9.43848
