178.677	219.111
181.278	215.556
183.879	213.778
186.48	208.889
189.078	212.889
191.677	199.778
194.275	207.778
196.871	205.556
199.467	204.444
202.061	204
204.656	208.222
207.248	204
209.841	208.889
212.431	204.222
215.022	206.889
217.613	213.556
220.201	216.222
222.789	212.889
225.375	213.778
227.962	222.444
230.547	223.111
233.13	225.333
235.714	224.222
238.296	226.889
240.879	234.889
243.459	235.556
246.04	244
248.618	227.778
251.196	233.333
253.774	228.444
256.35	233.111
258.927	240
261.501	223.778
264.074	229.111
266.648	222.667
269.22	218.444
271.791	215.333
274.362	214.667
276.931	204.889
279.5	204.444
282.069	198
284.635	195.556
287.201	192.222
289.766	188
292.331	184.222
294.894	178.444
297.457	182
300.018	181.778
302.58	182.222
305.14	185.111
307.699	178.667
310.257	181.111
312.814	181.333
315.372	177.333
317.928	181.111
320.482	179.556
323.036	180
325.589	183.556
328.142	186
330.693	177.778
333.243	179.556
335.795	182.444
338.343	180
340.891	182.889
343.439	179.333
345.985	183.778
348.53	184.667
351.075	188
353.619	184.667
356.162	186.222
358.704	182.444
361.245	187.333
363.786	186.667
366.325	188.889
368.864	191.333
371.402	189.111
373.939	182.889
376.475	188.444
379.011	186
381.545	193.556
384.079	191.556
386.612	190.444
389.144	191.778
391.674	192.889
394.204	186.667
396.734	185.556
399.263	189.111
401.791	184.444
404.318	189.556
406.844	190.444
409.368	190.667
411.893	190.667
414.417	190.889
416.94	191.778
419.462	191.111
421.982	193.111
424.502	191.111
427.022	198
429.541	191.556
432.057	191.111
434.574	195.333
437.091	193.556
439.606	190.444
442.12	193.333
444.634	190.222
447.147	194
449.657	196.667
452.169	193.111
454.68	195.111
457.188	190.889
459.697	198.222
462.205	194.222
464.711	195.111
467.217	195.111
469.722	191.778
472.227	199.778
474.731	203.111
477.232	198.222
479.735	197.111
482.235	200.667
484.736	202.667
487.234	196.444
489.734	199.778
492.23	201.556
494.728	204.667
497.223	200.667
499.719	201.333
502.213	202.889
504.707	205.778
507.199	199.333
509.692	202.222
512.182	200.444
514.673	201.778
517.162	207.111
519.65	208.222
522.139	204.889
524.625	205.778
527.112	208
529.597	207.778
532.081	210.222
534.565	204
537.047	199.333
539.529	208
542.011	202.444
544.491	212.444
546.97	209.778
549.45	209.111
551.927	212.444
554.404	212.222
556.88	214
559.356	216.667
561.831	206.889
564.304	216.444
566.777	219.778
569.25	216.444
571.721	218.667
574.191	210.444
576.661	224.667
579.129	224
581.599	222.444
584.066	221.333
586.532	224.222
588.997	217.778
591.462	213.111
593.926	213.111
596.389	209.111
598.851	214.222
601.314	208
603.775	213.333
606.235	211.556
608.694	213.333
611.152	217.556
613.609	218.889
616.066	218.667
618.522	214.667
620.977	210.444
623.431	216.667
625.885	214.444
628.338	216.889
630.79	220
633.241	219.333
635.691	227.556
638.141	222.667
640.589	217.778
643.036	223.333
645.483	226.444
647.929	220.667
650.375	221.333
652.82	223.333
655.264	226.667
657.707	218.667
660.149	226.444
662.59	225.333
665.031	226.222
667.471	224.222
669.91	228.667
672.349	226.222
674.786	219.333
677.222	222.667
679.658	228.222
682.093	224
684.528	226.889
686.96	218.444
689.393	221.556
691.826	224.444
694.256	222.222
696.686	217.111
699.116	228.222
701.545	224.667
703.972	220.667
706.4	221.333
708.826	223.333
711.251	220.889
713.676	226.222
716.099	217.556
718.523	222.667
720.946	230
723.366	221.111
725.788	226.222
728.207	221.778
730.627	227.111
733.044	219.333
735.462	219.111
737.88	234.667
740.295	226.667
742.711	228
745.125	232.889
747.539	225.111
749.951	224.444
752.363	227.111
754.775	229.111
757.185	220.222
759.595	229.333
762.003	227.778
764.412	228
766.819	230.889
769.225	228.667
771.632	234.667
774.036	244
776.441	232.222
778.844	234
781.246	234
783.649	232.444
786.05	237.111
788.449	235.333
790.85	237.111
793.248	235.556
795.646	233.556
798.042	238.444
800.44	233.778
802.835	236.889
805.23	240.889
807.623	242.889
810.018	237.556
812.41	239.556
814.801	236.444
817.192	240
819.582	238.889
821.972	240
824.361	237.111
826.748	245.111
829.135	240
831.521	244
833.907	245.333
836.291	241.778
838.675	248.889
841.059	253.111
843.442	247.333
845.823	246.222
848.204	248
850.584	256.444
852.963	259.333
855.342	269.111
857.72	271.333
860.097	272.889
862.473	266.667
864.848	260.444
867.223	247.778
869.597	254
871.97	254.444
874.343	249.556
876.714	242.889
879.084	250.222
881.454	242.667
883.824	247.333
886.192	242.444
888.56	245.778
890.927	248.667
893.294	242.444
895.66	238.667
898.023	245.111
900.387	239.556
902.751	241.778
905.114	238.222
907.476	239.778
909.835	244.667
912.196	246.889
914.555	238.444
916.914	245.778
919.271	237.778
921.629	242.889
923.985	240.667
926.341	240.889
928.695	233.333
931.05	238
933.404	242.444
935.755	249.778
938.107	236.889
940.459	241.778
942.808	237.333
945.158	240.222
947.508	243.333
949.855	248
952.202	247.556
954.548	242.222
956.894	248
959.239	246
961.583	246.222
963.928	250.222
966.27	247.778
968.612	244.667
970.953	252.889
973.294	248.444
975.633	256.889
977.972	254.889
980.31	249.333
982.647	251.778
984.984	252.667
987.32	256.667
989.656	260
991.989	255.111
994.324	263.778
996.656	256.667
998.988	270.444
1001.32	276.889
1003.65	291.111
1005.98	305.111
1008.31	342.889
1010.64	411.556
1012.97	437.333
1015.29	422.444
1017.62	385.556
1019.94	365.556
1022.27	370
1024.59	346
1026.92	309.333
1029.24	286.889
1031.56	294.667
1033.88	292.667
1036.2	313.333
1038.52	330.444
1040.84	333.556
1043.16	297.556
1045.48	279.778
1047.79	277.333
1050.11	284.222
1052.42	286.667
1054.74	274.889
1057.05	266.222
1059.36	263.556
1061.67	264.444
1063.99	273.333
1066.3	264.667
1068.61	268.222
1070.92	260.667
1073.22	260.667
1075.53	257.778
1077.84	245.556
1080.15	254.444
1082.45	253.111
1084.76	250.444
1087.06	249.778
1089.36	254.444
1091.66	254.444
1093.97	251.333
1096.27	249.111
1098.57	250.667
1100.87	253.778
1103.17	252.667
1105.46	257.111
1107.76	259.333
1110.06	258.444
1112.35	252.444
1114.65	257.333
1116.94	251.111
1119.24	258.889
1121.53	248.667
1123.82	256.889
1126.11	259.333
1128.4	248
1130.7	250.444
1132.98	259.556
1135.27	255.556
1137.56	251.778
1139.85	250.667
1142.13	262.889
1144.42	256.222
1146.71	268.889
1148.99	268.889
1151.27	268.667
1153.56	264.444
1155.84	266.444
1158.12	275.111
1160.4	263.556
1162.68	262.222
1164.96	268.222
1167.24	258.889
1169.51	264
1171.79	261.556
1174.07	260.222
1176.34	268.667
1178.62	267.333
1180.89	267.111
1183.17	264.667
1185.44	272.889
1187.71	269.111
1189.98	259.778
1192.25	269.333
1194.52	262.444
1196.79	256.889
1199.06	267.778
1201.33	269.111
1203.59	267.333
1205.86	268
1208.12	266.667
1210.39	264.667
1212.65	268.667
1214.92	273.778
1217.18	274.444
1219.44	268.222
1221.7	271.333
1223.96	266
1226.22	265.333
1228.48	276.667
1230.74	281.556
1233	289.778
1235.25	281.333
1237.51	291.778
1239.77	286.444
1242.02	282
1244.27	281.778
1246.53	287.111
1248.78	272.889
1251.03	280.889
1253.28	275.333
1255.53	274.667
1257.78	287.333
1260.03	282.889
1262.28	286.222
1264.53	287.111
1266.78	281.111
1269.02	289.556
1271.27	294.444
1273.51	286.222
1275.76	288.444
1278	296.889
1280.24	284.889
1282.48	275.333
1284.72	276.444
1286.97	279.778
1289.21	272.667
1291.44	287.556
1293.68	284.667
1295.92	287.111
1298.16	286.222
1300.39	283.778
1302.63	280.667
1304.86	278.667
1307.1	279.778
1309.33	279.778
1311.56	278.667
1313.8	273.333
1316.03	275.111
1318.26	273.556
1320.49	273.111
1322.72	280.889
1324.95	270.444
1327.17	271.333
1329.4	275.333
1331.63	286.667
1333.85	279.556
1336.08	280.444
1338.3	278.444
1340.53	287.111
1342.75	287.333
1344.97	293.778
1347.19	278.667
1349.41	284.444
1351.63	281.778
1353.85	281.778
1356.07	284.667
1358.29	286.889
1360.51	282.889
1362.72	280.667
1364.94	279.111
1367.16	276.222
1369.37	284.889
1371.58	276
1373.8	281.556
1376.01	272.889
1378.22	270.667
1380.43	273.333
1382.64	275.333
1384.85	273.556
1387.06	273.778
1389.27	281.111
1391.48	272
1393.68	277.556
1395.89	270
1398.1	271.333
1400.3	269.333
1402.51	271.333
1404.71	270
1406.91	271.556
1409.11	276.222
1411.32	266.889
1413.52	273.333
1415.72	268.889
1417.92	265.778
1420.11	279.333
1422.31	276.444
1424.51	277.111
1426.71	278
1428.9	284.222
1431.1	282
1433.29	285.556
1435.49	279.111
1437.68	285.778
1439.87	275.333
1442.06	278.667
1444.25	285.333
1446.45	282.222
1448.64	272.889
1450.82	290.667
1453.01	277.778
1455.2	281.778
1457.39	279.556
1459.57	275.111
1461.76	276.222
1463.94	276.444
1466.13	280.222
1468.31	273.333
1470.5	275.556
1472.68	273.556
1474.86	289.556
1477.04	272.667
1479.22	280
1481.4	279.556
1483.58	280
1485.76	280.667
1487.94	272.667
1490.11	276.222
1492.29	282.889
1494.46	271.778
1496.64	275.333
1498.81	275.333
1500.99	280
1503.16	268.222
1505.33	270
1507.5	272.222
1509.67	276.889
1511.84	276.222
1514.01	274.444
1516.18	274
1518.35	279.111
1520.52	282
1522.68	276.222
1524.85	281.111
1527.02	282.889
1529.18	278.222
1531.35	285.333
1533.51	280.889
1535.67	288.444
1537.83	283.778
1539.99	282.444
1542.16	288.222
1544.31	275.111
1546.47	281.111
1548.63	283.556
1550.79	280.889
1552.95	289.333
1555.11	282.889
1557.26	289.556
1559.42	280.444
1561.57	285.778
1563.73	289.333
1565.88	289.333
1568.03	288
1570.18	294
1572.34	299.556
1574.49	295.333
1576.64	293.111
1578.79	293.778
1580.93	290.444
1583.08	302
1585.23	296.667
1587.38	298.667
1589.52	301.333
1591.67	304
1593.81	304.667
1595.96	320.444
1598.1	325.111
1600.24	324.222
1602.38	322.889
1604.53	314
1606.67	320.222
1608.81	319.556
1610.95	313.778
1613.09	307.778
1615.22	302.667
1617.36	296
1619.5	296.667
1621.63	291.778
1623.77	285.556
1625.9	284.444
1628.04	275.333
1630.17	273.333
1632.3	284
1634.44	280.667
1636.57	279.556
1638.7	275.333
1640.83	268.667
1642.96	272.222
1645.09	265.778
1647.22	267.556
1649.34	271.111
1651.47	272
1653.6	268.667
1655.72	268.222
1657.85	268.222
1659.97	269.333
1662.1	267.333
1664.22	262.667
1666.34	260.222
1668.46	258
1670.58	258.667
1672.7	262.222
1674.82	258.444
1676.94	250.667
1679.06	252.889
1681.18	262
1683.3	253.333
1685.41	253.556
1687.53	257.111
1689.64	256.667
1691.76	259.333
1693.87	254.667
1695.99	258.222
1698.1	258.444
1700.21	254
1702.32	257.556
1704.43	246.889
1706.54	253.111
1708.65	255.556
1710.76	244
1712.87	253.333
1714.98	243.111
1717.08	246.444
1719.19	243.556
1721.29	243.111
1723.4	249.333
1725.5	249.556
1727.61	254.444
1729.71	241.333
1731.81	243.333
1733.91	243.556
1736.02	245.333
1738.12	248.889
1740.22	245.778
1742.31	243.556
1744.41	242.889
1746.51	243.111
1748.61	232
1750.7	239.333
1752.8	246.444
1754.9	239.111
1756.99	238.889
1759.08	238.444
1761.18	243.556
1763.27	244.222
1765.36	242.222
1767.45	234
1769.54	242.889
1771.63	242.444
1773.72	241.111
1775.81	235.778
1777.9	241.333
1779.99	232.444
1782.08	245.778
1784.16	236.889
1786.25	232
1788.33	241.333
1790.42	234.222
1792.5	235.556
1794.58	238.222
1796.67	240
1798.75	238.667
1800.83	232.667
1802.91	240.667
1804.99	235.333
1807.07	234.444
1809.15	239.111
1811.23	238
1813.3	229.111
1815.38	238
1817.46	232
1819.53	233.556
1821.61	235.778
1823.68	231.111
1825.75	233.556
1827.83	237.556
1829.9	235.333
1831.97	233.333
1834.04	230.667
1836.11	231.778
1838.18	231.333
1840.25	226.667
1842.32	234.444
1844.39	229.556
1846.46	234.444
1848.52	235.333
1850.59	227.556
1852.65	231.778
1854.72	231.556
1856.78	229.111
1858.85	231.111
1860.91	231.556
1862.97	234.667
1865.03	234
1867.09	229.778
1869.16	224.667
1871.22	226.889
1873.27	228.222
1875.33	226.889
1877.39	228
1879.45	228.444
1881.51	229.778
1883.56	228.667
1885.62	232
1887.67	228.889
1889.73	231.111
1891.78	229.333
1893.83	227.333
1895.89	230.222
1897.94	231.778
1899.99	231.111
1902.04	228.222
1904.09	227.111
1906.14	233.778
1908.19	227.111
1910.23	228
1912.28	228.222
1914.33	232.889
1916.37	230.667
1918.42	222.667
1920.46	230
1922.51	232.889
1924.55	229.778
1926.6	228.667
1928.64	223.111
1930.68	230.222
1932.72	222
1934.76	226.889
1936.8	230
1938.84	226.889
1940.88	231.333
1942.92	228.444
1944.96	229.333
1946.99	229.111
1949.03	223.556
1951.06	225.333
1953.1	221.556
1955.13	226.667
1957.17	224.222
1959.2	226.444
1961.23	222
1963.27	225.556
1965.3	224
1967.33	222
1969.36	220
1971.39	227.333
1973.42	219.778
1975.44	218.444
1977.47	219.556
1979.5	224.889
1981.53	220
1983.55	221.778
1985.58	216.889
1987.6	223.556
1989.63	222.667
1991.65	210.667
1993.67	220.667
1995.69	224.889
1997.72	220.889
1999.74	229.556
2001.76	230.222
2003.78	223.556
2005.8	222.667
2007.82	222.667
2009.83	222.444
2011.85	219.556
2013.87	221.778
2015.88	223.111
2017.9	224.667
2019.91	224.667
2021.93	220.444
2023.94	217.111
2025.96	220.889
2027.97	215.556
2029.98	220.444
2031.99	227.556
2034	220.667
2036.01	222.222
2038.02	222.444
2040.03	218.222
2042.04	222.444
2044.05	220.667
2046.05	220.444
2048.06	218.667
2050.07	217.111
2052.07	220
2054.08	223.333
2056.08	219.778
2058.08	221.778
2060.09	222.444
2062.09	224
2064.09	219.778
2066.09	222
2068.09	216.667
2070.09	218.889
2072.09	218.444
2074.09	221.556
2076.09	225.556
2078.09	223.333
2080.08	217.556
2082.08	216.222
2084.08	218.889
2086.07	209.111
2088.07	212.222
2090.06	210.889
2092.05	216.889
2094.05	214.667
2096.04	213.778
2098.03	214
2100.02	213.111
2102.01	212.444
2104	220.444
2105.99	213.111
2107.98	214.222
2109.97	217.111
2111.95	222.667
2113.94	219.111
2115.93	218.222
2117.91	215.778
2119.9	224
2121.88	222.889
2123.87	215.333
2125.85	218.444
2127.83	221.333
2129.81	218
2131.8	222.222
2133.78	217.333
2135.76	219.778
2137.74	222.444
2139.72	212.667
2141.69	216.889
2143.67	222.667
2145.65	221.333
2147.63	208.222
2149.6	220.444
2151.58	217.778
2153.55	220.667
2155.53	218.444
2157.5	225.111
2159.48	223.333
2161.45	220.889
2163.42	219.111
2165.39	223.556
2167.36	222.444
2169.33	227.333
2171.3	220
2173.27	222
2175.24	223.778
2177.21	227.333
2179.18	225.111
2181.14	227.778
2183.11	220.444
2185.07	218.222
2187.04	219.111
2189	219.333
2190.97	220.222
2192.93	224.667
2194.89	220.444
2196.86	220.222
2198.82	224.222
2200.78	224.444
2202.74	218
2204.7	212.667
2206.66	214
2208.62	212.889
2210.57	215.778
2212.53	205.778
2214.49	208.889
2216.45	208.222
2218.4	211.333
2220.36	215.333
2222.31	210
2224.27	211.333
2226.22	208.889
2228.17	213.333
2230.12	211.778
2232.08	204.444
2234.03	210.444
2235.98	207.333
2237.93	213.556
2239.88	211.556
2241.83	210
2243.78	205.333
2245.72	205.333
2247.67	203.556
2249.62	210
2251.56	205.556
2253.51	203.556
2255.45	205.333
2257.4	203.778
2259.34	202
2261.28	204
2263.23	201.111
2265.17	205.778
2267.11	204.889
2269.05	207.333
2270.99	199.111
2272.93	201.778
2274.87	205.778
2276.81	206
2278.75	207.111
2280.68	200
2282.62	202.889
2284.56	203.778
2286.49	202.444
2288.43	200
2290.36	205.778
2292.3	202.889
2294.23	199.556
2296.16	204.889
2298.09	205.333
2300.03	203.556
2301.96	204.222
2303.89	197.556
2305.82	203.778
2307.75	200.222
2309.68	199.333
2311.6	203.556
2313.53	199.556
2315.46	201.778
2317.39	191.778
2319.31	196.222
2321.24	203.556
2323.16	194
2325.09	203.111
2327.01	199.111
2328.93	198.444
2330.86	197.556
2332.78	197.556
2334.7	202.222
2336.62	200.889
2338.54	198.667
2340.46	203.778
2342.38	199.111
2344.3	196.889
2346.22	196.667
2348.14	198.222
2350.05	200.222
2351.97	194.444
2353.89	196.889
2355.8	200.667
2357.71	199.333
2359.63	200.222
2361.54	188
2363.46	201.333
2365.37	199.333
2367.28	196.889
2369.19	195.333
2371.1	196.444
2373.01	195.556
2374.92	196.667
2376.83	196.889
2378.74	193.333
2380.65	193.556
2382.56	199.556
2384.46	200
2386.37	198
2388.27	195.111
2390.18	195.333
2392.08	196.444
2393.99	194.667
2395.89	198.889
2397.8	198.889
2399.7	196
2401.6	192
2403.5	191.556
2405.4	195.556
2407.3	193.778
2409.2	198
2411.1	200.222
2413	194.667
2414.9	198.444
2416.8	198.444
2418.69	194.889
2420.59	193.778
2422.48	189.333
2424.38	197.111
2426.28	191.556
2428.17	200.222
2430.06	192.222
2431.96	195.111
2433.85	195.333
2435.74	192
2437.63	194.667
2439.52	199.556
2441.41	188.222
2443.3	198.444
2445.19	189.111
2447.08	190.667
