365.286	217.591
368.238	218.407
371.189	221.847
374.139	216.203
377.087	229.927
380.034	221.513
382.979	226.162
385.923	213.064
388.866	203.302
391.806	196.643
394.745	196.563
397.684	207.451
400.62	200.872
403.555	209.169
406.49	203.378
409.421	208.332
412.353	198.928
415.282	193.976
418.209	203.836
421.137	195.69
424.062	201.326
426.985	199.356
429.908	209.977
432.829	215.974
435.748	216.83
438.666	227.9
441.583	220.303
444.498	221.245
447.412	218.575
450.324	209.877
453.235	211.11
456.145	202.563
459.052	205.783
461.959	206.029
464.865	189.473
467.769	195.897
470.671	185.215
473.572	185.977
476.471	189.533
479.37	196.08
482.266	184.57
485.162	190.286
488.056	200.679
490.948	199.118
493.839	195.562
496.73	196.814
499.618	199.372
502.505	200.454
505.39	192.985
508.275	195.154
511.157	194.275
514.039	194.185
516.919	192.928
519.798	202.725
522.674	195.697
525.55	185.245
528.425	181.039
531.297	175.57
534.169	176.226
537.039	176.836
539.908	188.494
542.775	185.752
545.642	182.013
548.506	175.348
551.369	177.917
554.231	175.549
557.092	177.067
559.951	178.481
562.808	185.59
565.664	189.592
568.519	196.615
571.373	218.769
574.225	242.06
577.076	251.451
579.925	262.888
582.773	257.414
585.62	242.083
588.466	225.773
591.309	207.934
594.152	192.819
596.993	178.605
599.832	174.457
602.671	169.245
605.508	164.933
608.343	160.269
611.178	163.861
614.011	169.626
616.842	163.948
619.672	159.019
622.501	170.009
625.329	174.297
628.155	163.518
630.98	163.859
633.802	165.988
636.624	175.215
639.445	176.579
642.264	165.68
645.082	165.896
647.898	165.028
650.714	164.502
653.527	160.972
656.34	155.656
659.151	158.275
661.961	151.941
664.769	156.075
667.576	154.836
670.382	157.599
673.186	158.083
675.989	156.999
678.791	145.097
681.591	159.792
684.39	151.911
687.187	147.154
689.983	154.235
692.779	158.883
695.572	155.494
698.363	154.513
701.155	159.323
703.944	161.17
706.733	151.938
709.519	156.711
712.305	156.57
715.089	163.583
717.871	156.505
720.653	160.754
723.433	155.245
726.212	153.481
728.989	154.972
731.765	155.147
734.54	156.885
737.313	148.861
740.085	151.809
742.856	153.657
745.625	144.948
748.394	155.761
751.16	145.563
753.926	146.375
756.689	155.833
759.452	150.593
762.214	147.185
764.974	156.193
767.733	161.111
770.49	165.882
773.246	170.662
776.001	173.706
778.755	173.124
781.507	169.148
784.258	161.336
787.007	158.132
789.756	156.065
792.502	158.228
795.247	155.467
797.992	149.185
800.735	148.226
803.477	148.679
806.217	149.827
808.956	157.799
811.694	149.309
814.43	146.66
817.165	152.924
819.899	150.148
822.631	156.005
825.362	151.281
828.092	148.66
830.82	152.653
833.548	149.23
836.274	154.876
838.998	140.687
841.721	152.597
844.444	148.325
847.165	140.836
849.884	144.811
852.601	141.994
855.318	141.977
858.034	145.534
860.749	137.963
863.461	143.253
866.173	141.63
868.883	139.614
871.592	140.732
874.3	139.639
877.006	144.405
879.712	139.94
882.415	142.958
885.118	135.871
887.819	145.948
890.519	141.05
893.218	143.422
895.914	138.408
898.611	148.923
901.306	142.593
903.999	148.578
906.692	147.202
909.382	141.928
912.072	146.067
914.761	140.191
917.447	146.036
920.133	142.914
922.818	141.658
925.501	143.801
928.183	141.903
930.864	143.176
933.543	144.567
936.221	137.786
938.898	140.36
941.574	139.421
944.248	148.644
946.921	136.624
949.593	136.597
952.263	140.415
954.932	136.787
957.6	136.792
960.267	137.532
962.932	141.233
965.597	144.557
968.26	143.895
970.922	145.976
973.581	147.238
976.241	141.837
978.898	141.555
981.555	147.491
984.21	149.621
986.864	150.294
989.517	146.735
992.169	151.419
994.819	142.615
997.468	145.234
1000.12	141.378
1002.76	141.934
1005.41	147.555
1008.05	145.032
1010.69	143.106
1013.34	142.163
1015.98	146.766
1018.61	141.205
1021.25	144.081
1023.89	145
1026.52	143.169
1029.16	151.644
1031.79	154.93
1034.42	144.814
1037.05	149.872
1039.68	149.724
1042.31	155.309
1044.93	163.225
1047.56	171.134
1050.18	176.667
1052.81	177.138
1055.43	188.332
1058.05	198.66
1060.67	221.63
1063.28	259.384
1065.9	316.438
1068.52	359.124
1071.13	401.925
1073.74	451.034
1076.35	468.99
1078.96	481.278
1081.57	444.436
1084.18	406.526
1086.79	348.674
1089.39	306.503
1092	268.836
1094.6	246.134
1097.2	226.83
1099.8	213.698
1102.4	203.643
1105	194.251
1107.6	181.583
1110.19	188.44
1112.79	182.951
1115.38	182.644
1117.97	178.03
1120.56	175.37
1123.15	173.356
1125.74	168.75
1128.33	163.367
1130.91	159.216
1133.5	151.503
1136.08	151.895
1138.66	147.5
1141.24	150.522
1143.82	150.153
1146.4	143.436
1148.98	149.741
1151.55	152.482
1154.13	149.771
1156.7	149.643
1159.27	143.953
1161.85	145.421
1164.42	159.46
1166.98	162.564
1169.55	178.835
1172.12	209.327
1174.68	242.045
1177.25	257.621
1179.81	248.473
1182.37	237.421
1184.93	212.283
1187.49	189.273
1190.05	180.624
1192.6	170.362
1195.16	166.675
1197.71	168.118
1200.27	165.265
1202.82	151.89
1205.37	158.678
1207.92	146.106
1210.47	140.561
1213.01	133.26
1215.56	129.964
1218.1	129.667
1220.65	135.757
1223.19	126.599
1225.73	130.022
1228.27	128.071
1230.81	134.478
1233.35	138.784
1235.88	136.681
1238.42	137.524
1240.95	132.164
1243.48	136.823
1246.02	142.548
1248.55	130.783
1251.07	136.676
1253.6	131.51
1256.13	132.819
1258.66	136.992
1261.18	137.754
1263.7	134.345
1266.22	132.694
1268.75	140.304
1271.27	130.045
1273.78	131.554
1276.3	126.392
1278.82	127.703
1281.33	132.991
1283.85	140.743
1286.36	139.013
1288.87	137.616
1291.38	135.258
1293.89	139.245
1296.4	135.754
1298.9	133.637
1301.41	135.085
1303.91	135.404
1306.41	124.905
1308.92	132.45
1311.42	130.006
1313.92	139.72
1316.42	134.326
1318.91	131.958
1321.41	136.69
1323.9	136.584
1326.4	129.778
1328.89	139.087
1331.38	139.268
1333.87	137.74
1336.36	134.149
1338.85	139.767
1341.34	134.44
1343.82	131.965
1346.31	135.837
1348.79	133.172
1351.27	127.649
1353.75	127.614
1356.23	130.332
1358.71	132.422
1361.19	125
1363.66	136.199
1366.14	128.137
1368.61	134.022
1371.09	140.207
1373.56	145.435
1376.03	144.437
1378.5	143.35
1380.96	141.93
1383.43	142.407
1385.9	139.487
1388.36	135.914
1390.83	138.54
1393.29	135.919
1395.75	134.243
1398.21	129.752
1400.67	133.96
1403.13	127.489
1405.58	125.245
1408.04	127.686
1410.49	126.238
1412.95	130.245
1415.4	125.838
1417.85	121.667
1420.3	117.748
1422.75	119.627
1425.2	120.501
1427.64	120.267
1430.09	114.487
1432.53	122
1434.97	123.076
1437.42	114.948
1439.86	117.768
1442.3	118.299
1444.73	113.912
1447.17	115.051
1449.61	114.581
1452.04	115.134
1454.48	118.686
1456.91	116.913
1459.34	117.011
1461.77	121.499
1464.2	120.754
1466.63	120.773
1469.06	118.718
1471.48	117.309
1473.91	119.025
1476.33	119.106
1478.75	115.483
1481.17	118.556
1483.6	123.867
1486.01	112.695
1488.43	115.868
1490.85	112.136
1493.27	113.679
1495.68	111.471
1498.09	108.761
1500.51	116.427
1502.92	119.526
1505.33	106.784
1507.74	115.361
1510.14	105.332
1512.55	109.418
1514.96	110.721
1517.36	109.215
1519.77	108.849
1522.17	107.486
1524.57	109.781
1526.97	107.637
1529.37	103.445
1531.77	105.022
1534.16	109.194
1536.56	106.462
1538.95	103.245
1541.35	103.995
1543.74	107.02
1546.13	106.776
1548.52	108.51
1550.91	111.205
1553.3	114.9
1555.68	113.554
1558.07	116.478
1560.45	118.484
1562.84	123.251
1565.22	126.197
1567.6	127.963
1569.98	142.321
1572.36	152.48
1574.74	171.134
1577.12	201.37
1579.49	227.584
1581.87	268.75
1584.24	304.748
1586.61	317.744
1588.98	303.159
1591.35	280.889
1593.72	254.772
1596.09	211.44
1598.46	184.47
1600.82	151.981
1603.19	133.925
1605.55	125.483
1607.92	112.288
1610.28	107.969
1612.64	106.738
1615	98.7657
1617.36	96.9627
1619.71	96.057
1622.07	101.004
1624.42	93.8431
1626.78	87.1013
1629.13	96.6194
1631.48	91.088
1633.83	95.8555
1636.18	94.5913
1638.53	89.2224
1640.88	94.6811
1643.22	95.3402
1645.57	91.6725
1647.91	88.2777
1650.26	88.2828
1652.6	90.773
1654.94	89.5685
1657.28	89.8051
1659.62	93.6442
1661.96	88.8442
1664.29	89.082
1666.63	90.2636
1668.96	85.4213
1671.3	89.9134
1673.63	87.6426
1675.96	83.7133
1678.29	82.9459
1680.62	84.4027
1682.95	83.1622
1685.27	82.9406
1687.6	83.1172
1689.92	78.9006
1692.25	83.2102
1694.57	78.577
1696.89	83.2102
1699.21	81.5221
1701.53	79.503
1703.85	76.6494
1706.17	77.413
1708.48	81.0586
1710.8	80.6752
1713.11	77.778
1715.43	80.6388
1717.74	82.38
1720.05	76.5494
1722.36	80.5617
1724.67	77.5919
1726.97	77.6896
1729.28	75.0259
1731.59	77.5685
1733.89	77.1578
1736.19	77.3321
1738.5	77.667
1740.8	78.872
1743.1	76.5978
1745.4	77.9138
1747.7	77.6367
1749.99	73.0832
1752.29	74.297
1754.58	73.4317
1756.88	72.667
1759.17	74.4718
1761.46	71.6787
1763.75	70.2068
1766.04	74.274
1768.33	77.9561
1770.62	75.6427
1772.91	74.1525
1775.19	74.1314
1777.48	71.2577
1779.76	73.4338
1782.04	69.3889
1784.32	71.5191
1786.6	72.6163
1788.88	69.2562
1791.16	69.2225
1793.44	72.7547
1795.71	68.6085
1797.99	68.3394
1800.26	70.3109
1802.54	72.4515
1804.81	72.2636
1807.08	68.7038
1809.35	68.1415
1811.62	65.9414
1813.88	68.0371
1816.15	67.2638
1818.42	71.2559
1820.68	73.857
1822.95	69.5156
1825.21	69.2447
1827.47	70.5118
1829.73	69.0972
1831.99	66.0532
1834.25	65.8927
1836.51	65.2911
1838.76	64.5919
1841.02	68.2798
1843.27	69.1063
1845.52	70.1253
1847.78	64.4206
1850.03	66.6972
1852.28	65.6194
1854.53	65.059
1856.78	66.1629
1859.02	65.1557
1861.27	66.875
1863.51	67.2367
1865.76	64.8435
1868	64.6891
1870.24	62.9744
1872.48	62.5927
1874.72	64.926
1876.96	63.7024
1879.2	60.8205
1881.44	61.6896
1883.67	65.2295
1885.91	60.3236
1888.14	62.7459
1890.37	62.5272
1892.61	62.8226
1894.84	62.3741
1897.07	63.732
1899.29	60.8827
1901.52	64.9846
1903.75	72.8891
1905.97	63.8169
1908.2	59.9256
1910.42	61.9601
1912.64	60.4874
1914.87	59.4433
1917.09	62.6487
1919.31	59.0228
1921.52	63.4376
1923.74	66.5417
1925.96	60.8855
1928.17	58.0142
1930.39	59.9702
1932.6	62.9633
1934.81	66.0712
1937.03	63.2593
1939.24	58.8354
1941.45	60.7464
1943.65	62.0818
1945.86	59.8877
1948.07	62.3865
1950.27	58.7657
1952.48	58.5159
1954.68	57.902
1956.88	53.1114
1959.08	60.0974
1961.29	59.3339
1963.48	55.2351
1965.68	57.9604
1967.88	58.124
1970.08	58.5458
1972.27	57.5435
1974.47	57.023
1976.66	60.651
1978.85	62.9908
1981.04	53.9316
1983.23	56.5685
1985.42	61.503
1987.61	55.987
1989.8	54.1785
1991.99	57.3265
1994.17	53.927
1996.36	56.7272
1998.54	55.1607
2000.72	58.2279
2002.9	57.3478
2005.08	56.9411
2007.26	53.6161
2009.44	53.1101
2011.62	51.7096
2013.8	53.305
2015.97	53.3109
2018.15	57.0777
2020.32	50.3779
2022.49	52.9827
2024.66	56.9829
2026.83	55.1031
2029	50.6161
2031.17	51.9494
2033.34	53.7079
2035.51	54.0812
2037.67	54.0681
2039.84	50.9018
2042	52.7485
2044.16	54.7574
2046.32	50.3337
2048.48	50.7891
2050.64	49.8159
2052.8	52.5617
2054.96	47.667
2057.12	53.865
2059.27	55.4936
2061.43	50.2934
2063.58	54.9769
2065.73	50.3054
2067.89	49.703
2070.04	53.988
2072.19	54.2614
2074.34	55.621
2076.48	52.4188
2078.63	52.9002
2080.78	53.5067
2082.92	50.7922
2085.07	52.0851
2087.21	51.9479
2089.35	48.6383
2091.49	50.8225
2093.63	52.454
2095.77	49.1578
2097.91	46.4349
2100.05	49.0664
2102.19	48.6976
2104.32	51.3987
2106.45	50.0525
2108.59	47.8688
2110.72	46.6972
2112.85	52.0796
2114.98	49.1558
2117.11	49.124
2119.24	47.6146
2121.37	45.6574
2123.5	47.3987
2125.62	45.7036
2127.75	49.7972
2129.87	46.7243
2131.99	48.2475
2134.11	45.37
2136.24	44.6826
2138.36	47.8466
2140.47	43.2388
2142.59	49.443
2144.71	43.7243
2146.83	42.265
2148.94	45.0816
2151.06	48.7411
2153.17	46.6898
2155.28	47.1312
2157.39	48.3587
2159.5	45.8543
2161.61	46.5839
2163.72	41.9908
2165.83	44.8244
2167.94	45.4571
2170.04	47.213
2172.15	46.1194
2174.25	46.7078
2176.35	44.9355
2178.45	44.7639
2180.56	44.7483
2182.66	44.8811
2184.75	44.9069
2186.85	46.3091
2188.95	44.8244
2191.05	42.8303
2193.14	44.7846
2195.24	45.9701
2197.33	48.7832
2199.42	47.3909
2201.51	46.3917
2203.6	47.7819
2205.69	43.4574
2207.78	46.0588
2209.87	49.1903
2211.96	46.7413
2214.04	49.5221
2216.13	51.9763
2218.21	61.9465
2220.29	69.3475
2222.38	81.3197
2224.46	88.6022
2226.54	96.1049
2228.62	97.695
2230.69	99.1701
2232.77	96.1063
2234.85	90.7317
2236.92	77.0002
2239	69.5098
2241.07	59.861
2243.15	53.505
2245.22	53.5829
2247.29	49.0062
2249.36	49.8666
2251.43	45.2911
2253.49	42.3513
2255.56	41.7048
2257.63	45.4149
2259.69	42.8031
2261.76	46.8574
2263.82	41.1983
2265.88	38.445
2267.95	41.5156
2270.01	41.8434
2272.07	38.5913
2274.12	39.6826
2276.18	38.2828
2278.24	36.1063
2280.3	39.6598
2282.35	38.1114
2284.41	41.2367
2286.46	40.2388
2288.51	38.4856
2290.56	39.213
2292.61	36.9018
2294.66	34.5561
2296.71	37.2225
2298.76	38.0144
2300.8	40.7378
2302.85	36.81
2304.9	38.6249
2306.94	35.3688
2308.98	36.8229
2311.03	35.3558
2313.07	38.7429
2315.11	40.1541
2317.15	34.1291
2319.19	33.1858
2321.22	36.5508
2323.26	40.3019
2325.3	34.7253
2327.33	35.3794
2329.36	38.4324
2331.4	35.7495
2333.43	34.1364
2335.46	37.489
2337.49	32.7399
2339.52	37.2085
2341.55	35.3747
2343.58	36.8786
2345.6	40.3829
2347.63	44.729
2349.65	34.2804
2351.68	33.5736
2353.7	32.8791
2355.72	34.7686
2357.74	33.9741
2359.76	29.505
2361.78	32.0159
2363.8	33.9336
2365.82	32.7411
2367.84	33.399
2369.85	33.9114
2371.87	35.8608
2373.88	34.505
2375.9	37.5189
2377.91	32.1541
2379.92	28.7133
2381.93	30.7547
2383.94	29.586
2385.95	37.4433
2387.96	32.7322
2389.96	34.4213
2391.97	34.0767
2393.97	31.0814
2395.98	32.2593
2397.98	31.9778
2399.98	34.1113
2401.98	29.5617
2403.99	32.2351
2405.99	31.7819
2407.98	31.2225
2409.98	30.4324
2411.98	27.7907
2413.98	30.3052
2415.97	29.0225
2417.96	32.575
2419.96	31.3579
2421.95	31.8762
2423.94	30.1117
2425.93	32.2475
2427.92	27.4208
2429.91	28.4244
2431.9	29.8827
2433.89	29.4448
2435.87	32.3561
2437.86	32.6497
2439.84	31.7272
2441.83	29.8244
2443.81	31.9316
2445.79	27.4808
2447.77	28.3097
2449.75	27.9938
2451.73	30.4911
2453.71	29.6729
2455.69	29.8083
2457.67	28.0872
2459.64	29.0747
2461.62	27.0689
2463.59	32.6811
2465.56	31.9494
2467.54	27.2402
2469.51	28.9494
2471.48	31.3976
2473.45	27.6022
2475.42	31.422
2477.38	29.6352
2479.35	29.0428
2481.32	25.6885
2483.28	28.7958
2485.25	27.9542
2487.21	27.7848
2489.17	26.7062
2491.13	25.9902
2493.09	26.7485
2495.05	27.5494
2497.01	26.3197
2498.97	31.4858
2500.93	29.0832
2502.89	26.2505
2504.84	27.5971
2506.8	27.4669
2508.75	28.6274
2510.7	23.7522
2512.65	29.0955
2514.61	24.8328
2516.56	28.4184
2518.51	22.2813
2520.45	25.4647
2522.4	23.7272
2524.35	27.6383
2526.29	25.6386
2528.24	29.1929
2530.18	26.7038
2532.13	23.9338
2534.07	27.2586
2536.01	27.2589
2537.95	25.861
2539.89	29.1253
2541.83	25.0686
2543.77	24.9844
2545.71	26.1236
2547.64	26.1291
2549.58	24.3077
2551.51	27.3074
2553.45	28.4376
2555.38	29.1998
2557.31	27.6087
2559.25	22.9304
2561.18	25.3745
2563.11	21.9494
2565.03	25.8892
2566.96	25.7958
2568.89	23.4647
2570.82	25.8652
2572.74	24.1172
2574.67	24.3448
2576.59	25.6139
2578.51	23.5617
2580.43	25.651
2582.36	25.2813
2584.28	25.3369
2586.2	24.1341
2588.11	22.9114
2590.03	23.3462
2591.95	25.445
2593.86	23.9314
2595.78	20.3213
2597.69	24.0393
2599.61	25.5736
2601.52	25.5333
2603.43	21.2689
2605.34	22.6085
2607.25	23.4856
2609.16	24.5736
2611.07	26.4966
2612.98	24.0796
2614.89	23.2828
2616.79	22.6317
2618.7	24.2367
2620.6	25.0003
2622.5	24.1641
2624.41	24.1643
2626.31	22.7305
2628.21	20.4956
2630.11	24.4801
2632.01	23.8066
2633.91	25.216
2635.8	23.2174
2637.7	23.3572
2639.6	24.4163
2641.49	20.8141
2643.39	29.6213
2645.28	27.8457
2647.17	32.2189
2649.06	32.9302
2650.95	26.3572
2652.84	23.3586
2654.73	27.7539
2656.62	21.8442
2658.51	25.6388
2660.4	23.7848
2662.28	24.8442
2664.17	26.0554
2666.05	23.9553
2667.93	28.0955
2669.82	28.792
2671.7	35.4376
2673.58	44.4925
2675.46	62.6146
2677.34	68.5458
2679.21	62.6446
2681.09	50.3337
2682.97	39.9922
2684.84	37.1923
2686.72	31.6919
2688.59	40.1827
2690.47	60.9544
2692.34	91.0847
2694.21	148.361
2696.08	233.594
2697.95	242.163
2699.82	217.32
2701.69	152.228
2703.56	98.2635
2705.42	65.713
2707.29	55.9128
2709.15	41.1714
2711.02	35.0461
2712.88	27.6245
2714.75	25.978
2716.61	28.4025
2718.47	28.9635
2720.33	23.9336
2722.19	23.216
2724.05	20.3324
2725.9	24.057
2727.76	22.0584
2729.62	25.1873
2731.47	21.5275
2733.33	18.7981
2735.18	20.5597
2737.03	21.9553
2738.88	21.9651
2740.73	17.768
2742.59	19.4663
2744.43	20.8658
2746.28	20.8959
2748.13	20.9409
2749.98	20.1962
2751.82	22.0298
2753.67	17.1962
2755.51	19.0974
2757.36	18.8791
2759.2	21.2367
2761.04	19.8442
2762.88	18.2416
