365.286	257.112
368.238	257.476
371.189	251.475
374.139	265.924
377.087	274.024
380.034	273.376
382.979	268.432
385.923	258.76
388.866	246.01
391.806	237.18
394.745	247.334
397.684	239.534
400.62	238.335
403.555	239.884
406.49	245.155
409.421	236.505
412.353	238.938
415.282	236.213
418.209	236.777
421.137	235.73
424.062	243.177
426.985	241.957
429.908	248.026
432.829	270.521
435.748	256.173
438.666	267.408
441.583	261.307
444.498	258.53
447.412	256.853
450.324	245.408
453.235	248.823
456.145	243.937
459.052	243.455
461.959	242.586
464.865	234.232
467.769	226.21
470.671	221.598
473.572	211.958
476.471	220.678
479.37	218.391
482.266	212.732
485.162	227.475
488.056	225.485
490.948	229.486
493.839	231.358
496.73	223.001
499.618	227.76
502.505	232.723
505.39	232.332
508.275	223.002
511.157	223.33
514.039	230.764
516.919	233.677
519.798	233.328
522.674	226.989
525.55	223.95
528.425	219.591
531.297	214.004
534.169	214.267
537.039	208.51
539.908	208.711
542.775	214.218
545.642	210.039
548.506	210.761
551.369	212.972
554.231	206.95
557.092	206.565
559.951	207.272
562.808	208.757
565.664	212.504
568.519	220.576
571.373	229.982
574.225	260.225
577.076	281.236
579.925	285.52
582.773	282.616
585.62	267.368
588.466	241.03
591.309	227.29
594.152	218.13
596.993	203.018
599.832	208.536
602.671	194.771
605.508	194.096
608.343	201.293
611.178	184.614
614.011	199.855
616.842	197.529
619.672	196.328
622.501	203.415
625.329	201.871
628.155	199.047
630.98	203.188
633.802	199.425
636.624	206.614
639.445	203.603
642.264	205.684
645.082	205.385
647.898	200.58
650.714	194.832
653.527	197.38
656.34	191.41
659.151	183.693
661.961	188.727
664.769	189.116
667.576	189.951
670.382	187.528
673.186	185.473
675.989	189.089
678.791	183.449
681.591	181.749
684.39	185.575
687.187	181.587
689.983	178.2
692.779	179.057
695.572	181.316
698.363	189.429
701.155	190.154
703.944	189.707
706.733	186.382
709.519	189.899
712.305	195.247
715.089	187.837
717.871	189.809
720.653	190.734
723.433	194.956
726.212	189.888
728.989	186.936
731.765	195.654
734.54	178.497
737.313	186.155
740.085	184.832
742.856	185.155
745.625	185.221
748.394	186.106
751.16	182.269
753.926	181.677
756.689	184.677
759.452	187.864
762.214	186.417
764.974	182.271
767.733	192.243
770.49	201.471
773.246	199.273
776.001	215.576
778.755	213.869
781.507	205.695
784.258	197.307
787.007	184.177
789.756	181.146
792.502	189.455
795.247	189.743
797.992	188.07
800.735	181.615
803.477	187.028
806.217	187.427
808.956	181.87
811.694	189.311
814.43	185.769
817.165	192.261
819.899	188.445
822.631	188.162
825.362	182.181
828.092	176.532
830.82	184.714
833.548	190.342
836.274	186.098
838.998	187.654
841.721	182.03
844.444	177.15
847.165	177.181
849.884	179.911
852.601	179.913
855.318	178.456
858.034	172.669
860.749	182.48
863.461	169.806
866.173	169.575
868.883	170.798
871.592	176.202
874.3	175.956
877.006	173.631
879.712	165.172
882.415	173.463
885.118	174.04
887.819	184.521
890.519	177.003
893.218	176.584
895.914	179.125
898.611	176.436
901.306	176.445
903.999	172.714
906.692	178.448
909.382	178.47
912.072	179.64
914.761	176.52
917.447	179.121
920.133	172.352
922.818	170.972
925.501	174.279
928.183	174.583
930.864	177.624
933.543	177.052
936.221	180.311
938.898	177.133
941.574	173.835
944.248	168.936
946.921	170.101
949.593	170.232
952.263	173.761
954.932	168.355
957.6	170.043
960.267	172.23
962.932	174.418
965.597	165.808
968.26	174.915
970.922	174.645
973.581	178.834
976.241	171.204
978.898	174.131
981.555	178.9
984.21	171.776
986.864	181.79
989.517	186.061
992.169	189.075
994.819	184.867
997.468	189.263
1000.12	174.655
1002.76	183.615
1005.41	180.149
1008.05	174.322
1010.69	179.974
1013.34	176.531
1015.98	175.967
1018.61	185.848
1021.25	179.252
1023.89	181.076
1026.52	186.269
1029.16	191.091
1031.79	180.855
1034.42	182.881
1037.05	190.14
1039.68	187.039
1042.31	192.553
1044.93	192.908
1047.56	209.498
1050.18	202.665
1052.81	204.681
1055.43	209.092
1058.05	219.802
1060.67	232.108
1063.28	259.599
1065.9	305.044
1068.52	356.961
1071.13	430.929
1073.74	526.024
1076.35	598.196
1078.96	612.104
1081.57	578.109
1084.18	511.901
1086.79	423.978
1089.39	364.465
1092	326.946
1094.6	299.597
1097.2	286.122
1099.8	272.822
1102.4	243.982
1105	232.426
1107.6	226.311
1110.19	214.356
1112.79	221.638
1115.38	220.158
1117.97	215.616
1120.56	218.942
1123.15	213.798
1125.74	210.206
1128.33	201.742
1130.91	200.552
1133.5	187.143
1136.08	185.645
1138.66	176.865
1141.24	177.159
1143.82	183.429
1146.4	187.273
1148.98	179.441
1151.55	191.602
1154.13	182.962
1156.7	180.889
1159.27	177.364
1161.85	183.742
1164.42	194.247
1166.98	197.591
1169.55	206.026
1172.12	244.486
1174.68	283.6
1177.25	314.448
1179.81	326.424
1182.37	312.684
1184.93	273.376
1187.49	235.89
1190.05	217.76
1192.6	207.599
1195.16	209.719
1197.71	206.427
1200.27	206.112
1202.82	200.923
1205.37	190.924
1207.92	171.632
1210.47	173.92
1213.01	160.77
1215.56	155.544
1218.1	153.762
1220.65	153.444
1223.19	151.109
1225.73	157.191
1228.27	154.94
1230.81	159.51
1233.35	154.863
1235.88	153.82
1238.42	160.329
1240.95	156.726
1243.48	153.041
1246.02	155.686
1248.55	160.204
1251.07	160.614
1253.6	155.992
1256.13	158.555
1258.66	154.702
1261.18	159.451
1263.7	161.412
1266.22	150.01
1268.75	150.632
1271.27	149.428
1273.78	155.156
1276.3	152.434
1278.82	151.686
1281.33	153.051
1283.85	155.975
1286.36	146.069
1288.87	160.81
1291.38	163.76
1293.89	161.091
1296.4	159.805
1298.9	156.674
1301.41	148.075
1303.91	148.085
1306.41	157.025
1308.92	160.057
1311.42	151.403
1313.92	150.047
1316.42	154.177
1318.91	153.975
1321.41	156.16
1323.9	153.709
1326.4	154.198
1328.89	159.424
1331.38	156.155
1333.87	162.486
1336.36	165.825
1338.85	154.385
1341.34	158.599
1343.82	152.462
1346.31	153.454
1348.79	149.461
1351.27	151.358
1353.75	143.645
1356.23	154.739
1358.71	149.846
1361.19	152.178
1363.66	156.428
1366.14	162.757
1368.61	159.221
1371.09	156.888
1373.56	158.835
1376.03	163.316
1378.5	164.896
1380.96	161.082
1383.43	168.201
1385.9	162.404
1388.36	163.574
1390.83	154.584
1393.29	161.203
1395.75	154.247
1398.21	160.561
1400.67	151.719
1403.13	153.714
1405.58	151.043
1408.04	145.949
1410.49	146.81
1412.95	144.797
1415.4	139.204
1417.85	144.929
1420.3	141.773
1422.75	142.995
1425.2	145.971
1427.64	138.791
1430.09	135.955
1432.53	134.556
1434.97	127.437
1437.42	134.938
1439.86	137.28
1442.3	131.581
1444.73	132.742
1447.17	128.348
1449.61	131.336
1452.04	131.671
1454.48	127.275
1456.91	134.16
1459.34	137.112
1461.77	137.624
1464.2	133.379
1466.63	128.188
1469.06	136.293
1471.48	137.138
1473.91	134.325
1476.33	137.861
1478.75	144.897
1481.17	136.999
1483.6	143.255
1486.01	137.58
1488.43	131.938
1490.85	132.756
1493.27	128.518
1495.68	125.839
1498.09	131.846
1500.51	130.187
1502.92	123.039
1505.33	128.753
1507.74	124.375
1510.14	127.75
1512.55	123.372
1514.96	127.598
1517.36	125.127
1519.77	119.854
1522.17	124.974
1524.57	129.722
1526.97	133.199
1529.37	129.769
1531.77	125.147
1534.16	128.295
1536.56	128.07
1538.95	130.622
1541.35	134.86
1543.74	129.189
1546.13	133.181
1548.52	132.406
1550.91	131.473
1553.3	134.961
1555.68	131.316
1558.07	140.926
1560.45	140.193
1562.84	144.405
1565.22	149.041
1567.6	159.413
1569.98	168.246
1572.36	192.2
1574.74	201.306
1577.12	237.162
1579.49	277.973
1581.87	330.214
1584.24	383.776
1586.61	419.895
1588.98	425.584
1591.35	382.895
1593.72	314.508
1596.09	263.902
1598.46	228.23
1600.82	196.193
1603.19	176.174
1605.55	158.809
1607.92	137.822
1610.28	141.524
1612.64	122.186
1615	124.779
1617.36	122.528
1619.71	120.689
1622.07	117.221
1624.42	115.83
1626.78	110.93
1629.13	109.86
1631.48	108.123
1633.83	106.062
1636.18	107.632
1638.53	98.7255
1640.88	106.906
1643.22	106.608
1645.57	107.606
1647.91	103.228
1650.26	106.513
1652.6	106.491
1654.94	102.91
1657.28	105.291
1659.62	108.677
1661.96	104.741
1664.29	101.38
1666.63	102.06
1668.96	104.091
1671.3	97.7287
1673.63	94.6672
1675.96	98.2668
1678.29	95.7717
1680.62	97.856
1682.95	97.635
1685.27	91.7826
1687.6	99.8712
1689.92	94.3672
1692.25	94.094
1694.57	98.8563
1696.89	100.376
1699.21	94.9986
1701.53	96.4945
1703.85	94.0044
1706.17	91.9932
1708.48	90.7541
1710.8	92.2581
1713.11	92.0609
1715.43	92.5694
1717.74	97.3339
1720.05	89.7137
1722.36	93.2985
1724.67	90.4762
1726.97	86.3763
1729.28	89.3341
1731.59	88.5655
1733.89	89.7822
1736.19	83.4832
1738.5	84.3407
1740.8	87.6745
1743.1	90.4339
1745.4	92.2349
1747.7	86.9411
1749.99	86.89
1752.29	86.0256
1754.58	85.6723
1756.88	83.5983
1759.17	84.0266
1761.46	83.5873
1763.75	83.0282
1766.04	82.7321
1768.33	82.4362
1770.62	85.6296
1772.91	85.7729
1775.19	83.7387
1777.48	79.1651
1779.76	81.401
1782.04	86.5418
1784.32	79.5333
1786.6	84.0889
1788.88	81.8387
1791.16	76.2003
1793.44	77.7279
1795.71	79.213
1797.99	83.9415
1800.26	76.9962
1802.54	79.8137
1804.81	78.9823
1807.08	79.1877
1809.35	77.8989
1811.62	79.1538
1813.88	81.0558
1816.15	73.0948
1818.42	78.8711
1820.68	81.5985
1822.95	75.8358
1825.21	78.4634
1827.47	78.6194
1829.73	75.3575
1831.99	75.2026
1834.25	77.3113
1836.51	77.4729
1838.76	83.0903
1841.02	77.9248
1843.27	79.0282
1845.52	80.9171
1847.78	76.2818
1850.03	74.2987
1852.28	71.3651
1854.53	72.214
1856.78	74.4755
1859.02	76.5694
1861.27	73.4871
1863.51	74.1709
1865.76	71.8418
1868	70.6927
1870.24	70.3313
1872.48	72.535
1874.72	72.9341
1876.96	72.978
1879.2	72.6487
1881.44	72.8931
1883.67	70.6444
1885.91	69.0875
1888.14	72.5321
1890.37	74.2273
1892.61	69.7094
1894.84	73.4478
1897.07	71.6176
1899.29	70.7439
1901.52	68.5063
1903.75	75.1355
1905.97	74.9571
1908.2	72.8344
1910.42	67.8311
1912.64	70.2482
1914.87	65.5589
1917.09	68.4236
1919.31	69.4113
1921.52	71.5634
1923.74	67.1466
1925.96	67.6933
1928.17	63.5404
1930.39	64.0442
1932.6	71.0174
1934.81	67.827
1937.03	69.7837
1939.24	70.9301
1941.45	69.5982
1943.65	67.3071
1945.86	66.9979
1948.07	65.1905
1950.27	70.2976
1952.48	70.003
1954.68	67.8923
1956.88	68.9103
1959.08	72.4583
1961.29	65.9683
1963.48	66.3988
1965.68	62.1204
1967.88	65.2988
1970.08	65.4971
1972.27	63.5575
1974.47	65.0244
1976.66	63.0725
1978.85	66.4222
1981.04	57.8062
1983.23	61.9503
1985.42	62.3133
1987.61	69.2789
1989.8	62.8205
1991.99	62.4036
1994.17	62.0566
1996.36	62.9301
1998.54	67.0828
2000.72	63.4452
2002.9	61.3019
2005.08	60.5056
2007.26	61.3315
2009.44	65.9895
2011.62	60.4185
2013.8	63.8429
2015.97	58.3817
2018.15	60.0598
2020.32	57.802
2022.49	54.1147
2024.66	62.802
2026.83	59.1772
2029	60.2561
2031.17	62.1117
2033.34	62.2284
2035.51	59.811
2037.67	60.6259
2039.84	61.2322
2042	55.8751
2044.16	56.1539
2046.32	61.6814
2048.48	56.7949
2050.64	55.2002
2052.8	54.9495
2054.96	56.0588
2057.12	57.9965
2059.27	58.0868
2061.43	57.3921
2063.58	56.3074
2065.73	55.8751
2067.89	61.0387
2070.04	56.8878
2072.19	63.3087
2074.34	61.5812
2076.48	59.9837
2078.63	59.199
2080.78	54.9007
2082.92	57.1301
2085.07	57.7615
2087.21	56.3247
2089.35	53.8173
2091.49	54.3017
2093.63	54.1809
2095.77	54.6276
2097.91	57.254
2100.05	53.9119
2102.19	56.7273
2104.32	54.9358
2106.45	57.3327
2108.59	60.1844
2110.72	59.2461
2112.85	57.7005
2114.98	51.0765
2117.11	50.9643
2119.24	56.9014
2121.37	56.8281
2123.5	54.0581
2125.62	56.5873
2127.75	54.1865
2129.87	60.0678
2131.99	51.9331
2134.11	54.2573
2136.24	54.2624
2138.36	49.6912
2140.47	52.4307
2142.59	55.1395
2144.71	52.6691
2146.83	51.2246
2148.94	53.6278
2151.06	51.2341
2153.17	51.9986
2155.28	52.3845
2157.39	52.2478
2159.5	50.6489
2161.61	53.2706
2163.72	52.7614
2165.83	49.2298
2167.94	48.4119
2170.04	53.0752
2172.15	51.56
2174.25	52.0412
2176.35	49.7814
2178.45	52.6168
2180.56	52.7581
2182.66	50.5082
2184.75	53.8861
2186.85	49.5336
2188.95	51.8384
2191.05	46.3409
2193.14	54.145
2195.24	50.2976
2197.33	50.6134
2199.42	50.39
2201.51	45.121
2203.6	48.7601
2205.69	53.4708
2207.78	52.158
2209.87	55.0219
2211.96	52.9173
2214.04	56.2668
2216.13	62.288
2218.21	65.1347
2220.29	73.6238
2222.38	89.605
2224.46	99.7808
2226.54	112.313
2228.62	118.998
2230.69	115.784
2232.77	117.473
2234.85	107.227
2236.92	97.7743
2239	78.4452
2241.07	68.9823
2243.15	65.7199
2245.22	59.8295
2247.29	54.0024
2249.36	50.489
2251.43	55.4871
2253.49	52.8199
2255.56	50.0973
2257.63	48.6886
2259.69	48.3777
2261.76	48.604
2263.82	50.386
2265.88	47.2817
2267.95	46.4985
2270.01	43.0794
2272.07	46.8709
2274.12	45.3111
2276.18	47.1743
2278.24	45.2039
2280.3	46.0048
2282.35	44.4817
2284.41	47.7081
2286.46	46.3734
2288.51	47.2731
2290.56	49.3384
2292.61	44.6247
2294.66	44.1367
2296.71	40.784
2298.76	43.1283
2300.8	42.9527
2302.85	40.8937
2304.9	41.1024
2306.94	44.237
2308.98	41.1746
2311.03	41.0578
2313.07	43.6048
2315.11	41.0959
2317.15	42.584
2319.19	41.5687
2321.22	40.2692
2323.26	40.4004
2325.3	39.2461
2327.33	41.3523
2329.36	40.3171
2331.4	45.0176
2333.43	41.8048
2335.46	38.5319
2337.49	36.9546
2339.52	37.8544
2341.55	38.8923
2343.58	40.5763
2345.6	43.1076
2347.63	48.5056
2349.65	40.6832
2351.68	37.7503
2353.7	40.3295
2355.72	37.9501
2357.74	42.0595
2359.76	42.2706
2361.78	37.6857
2363.8	36.764
2365.82	38.9447
2367.84	41.4632
2369.85	36.0915
2371.87	39.3618
2373.88	41.2464
2375.9	39.5769
2377.91	40.1874
2379.92	40.3114
2381.93	39.0596
2383.94	39.292
2385.95	38.9654
2387.96	39.6817
2389.96	36.812
2391.97	36.9965
2393.97	34.9382
2395.98	34.9763
2397.98	36.8062
2399.98	33.6926
2401.98	36.5798
2403.99	36.7062
2405.99	37.2258
2407.98	36.9478
2409.98	32.5798
2411.98	32.9213
2413.98	35.0771
2415.97	37.5378
2417.96	36.5629
2419.96	36.707
2421.95	34.2746
2423.94	34.7421
2425.93	34.254
2427.92	36.1429
2429.91	35.3341
2431.9	33.0004
2433.89	36.7586
2435.87	33.3589
2437.86	35.8996
2439.84	33.6656
2441.83	35.9149
2443.81	34.6176
2445.79	32.3505
2447.77	30.8219
2449.75	32.1143
2451.73	32.8896
2453.71	32.1076
2455.69	31.7316
2457.67	34.7068
2459.64	33.9079
2461.62	31.0774
2463.59	29.4914
2465.56	32.6743
2467.54	32.7811
2469.51	30.6909
2471.48	30.2507
2473.45	33.1851
2475.42	33.6308
2477.38	32.2664
2479.35	35.3761
2481.32	32.0595
2483.28	35.4082
2485.25	29.7275
2487.21	32.1006
2489.17	30.6359
2491.13	30.8455
2493.09	32.8484
2495.05	29.1809
2497.01	28.4266
2498.97	31.7136
2500.93	31.1557
2502.89	31.0484
2504.84	30.5056
2506.8	32.6674
2508.75	31.3817
2510.7	30.8141
2512.65	29.5577
2514.61	31.1105
2516.56	28.8456
2518.51	28.5056
2520.45	29.6321
2522.4	33.6352
2524.35	31.0467
2526.29	29.0931
2528.24	28.835
2530.18	28.0062
2532.13	30.8034
2534.07	30.688
2536.01	30.9778
2537.95	29.2535
2539.89	34.196
2541.83	30.5042
2543.77	31.2026
2545.71	32.5364
2547.64	29.2689
2549.58	27.2486
2551.51	33.2738
2553.45	31.466
2555.38	32.0444
2557.31	32.3153
2559.25	28.0415
2561.18	28.0933
2563.11	27.5687
2565.03	27.7555
2566.96	27.0837
2568.89	31.3505
2570.82	25.2042
2572.74	29.35
2574.67	27.6025
2576.59	27.4478
2578.51	31.2697
2580.43	30.5566
2582.36	27.4114
2584.28	24.4268
2586.2	25.5521
2588.11	25.1633
2590.03	29.6227
2591.95	25.3228
2593.86	27.8996
2595.78	26.5102
2597.69	26.9159
2599.61	28.0849
2601.52	26.3805
2603.43	26.1629
2605.34	28.0651
2607.25	26.8041
2609.16	26.223
2611.07	26.2398
2612.98	27.8041
2614.89	28.8318
2616.79	28.7421
2618.7	25.6239
2620.6	27.7878
2622.5	26.3196
2624.41	26.9244
2626.31	25.0242
2628.21	27.1606
2630.11	25.9303
2632.01	24.8204
2633.91	27.4288
2635.8	30.8041
2637.7	23.4244
2639.6	26.7093
2641.49	28.4156
2643.39	32.8181
2645.28	32.7531
2647.17	36.0482
2649.06	32.5771
2650.95	32.6238
2652.84	27.1751
2654.73	28.9763
2656.62	26.1539
2658.51	26.0442
2660.4	25.8612
2662.28	27.2464
2664.17	29.2
2666.05	26.2524
2667.93	30.8311
2669.82	35.5495
2671.7	39.4452
2673.58	50.5009
2675.46	65.8838
2677.34	69.6975
2679.21	66.7245
2681.09	50.3515
2682.97	42.1595
2684.84	33.6022
2686.72	33.4478
2688.59	45.7495
2690.47	64.9886
2692.34	86.2744
2694.21	163.516
2696.08	250.431
2697.95	251.888
2699.82	206.995
2701.69	142.98
2703.56	98.8764
2705.42	76.5731
2707.29	58.0509
2709.15	41.1814
2711.02	38.7804
2712.88	32.1564
2714.75	30.3878
2716.61	25.0934
2718.47	27.839
2720.33	27.3393
2722.19	25.7531
2724.05	25.2951
2725.9	26.819
2727.76	25.9173
2729.62	23.4769
2731.47	25.7364
2733.33	23.3734
2735.18	24.3359
2737.03	23.7432
2738.88	23.1593
2740.73	24.7045
2742.59	22.2042
2744.43	24.6238
2746.28	21.9587
2748.13	21.3196
2749.98	22.4136
2751.82	23.4224
2753.67	21.3409
2755.51	23.2161
2757.36	25.0931
2759.2	23.1946
2761.04	19.8923
2762.88	22.4823
