176.817	577.556
179.42	575.556
182.022	572.222
184.622	572.222
187.223	570.444
189.821	584.222
192.419	577.111
195.017	582.222
197.612	574.444
200.208	577.778
202.802	584.444
205.397	587.556
207.99	582.444
210.581	578
213.173	593.111
215.762	594
218.352	607.333
220.94	608
223.528	607.556
226.114	609.778
228.701	620.444
231.285	626.222
233.87	620.889
236.452	629.778
239.034	622.667
241.616	629.556
244.196	644
246.777	642
249.355	631.778
251.933	659.333
254.511	646
257.086	646.444
259.663	655.111
262.237	639.333
264.81	652.889
267.383	640
269.955	645.333
272.525	638
275.097	629.556
277.665	622.222
280.234	621.333
282.802	622
285.368	607.778
287.934	617.333
290.499	599.778
293.064	614
295.627	617.556
298.189	618.222
300.75	621.556
303.312	597.111
305.871	602.667
308.43	594.444
310.988	592.889
313.545	581.556
316.101	558.444
318.658	561.778
321.212	558.667
323.766	556.889
326.319	554.889
328.871	559.556
331.422	552
333.972	555.333
336.522	551.778
339.072	563.333
341.619	550.444
344.166	548.667
346.712	547.333
349.258	558.667
351.802	557.111
354.346	551.111
356.888	565.778
359.43	545.556
361.971	546.444
364.511	543.778
367.051	549.778
369.589	551.333
372.127	538.889
374.664	567.111
377.2	560.667
379.735	570
382.27	577.778
384.802	563.333
387.334	563.778
389.866	549.111
392.397	548.667
394.927	549.556
397.457	558.222
399.985	553.556
402.513	541.556
405.038	544.667
407.565	551.111
410.09	544.444
412.614	544.222
415.138	556
417.66	550.445
420.181	559.111
422.702	554.222
425.222	556.444
427.742	550.222
430.259	562.667
432.777	567.333
435.294	572
437.81	571.333
440.324	569.556
442.838	564.222
445.352	564.667
447.863	559.778
450.375	556.444
452.887	558.889
455.395	565.778
457.905	562.444
460.414	573.778
462.92	567.556
465.427	565.556
467.932	563.778
470.438	559.333
472.942	565.556
475.445	565.556
477.948	556.444
480.448	563.333
482.95	557.556
485.449	569.778
487.949	562.889
490.446	573.333
492.944	568.889
495.44	572.222
497.937	578.667
500.431	579.111
502.926	560
505.418	566.889
507.912	561.333
510.403	573.111
512.894	571.556
515.384	570.444
517.874	567.778
520.361	578.889
522.848	569.778
525.336	581.556
527.821	569.556
530.306	578.222
532.791	576.444
535.274	575.111
537.756	566.889
540.238	568.222
542.719	560.222
545.199	570.667
547.679	572.222
550.157	563.778
552.634	560.667
555.112	572.222
557.588	572.889
560.063	567.556
562.537	570.444
565.011	574.444
567.484	580.222
569.955	578.667
572.426	574.889
574.896	570
577.367	573.111
579.835	567.556
582.303	558.222
584.77	561.333
587.236	563.111
589.701	558.889
592.165	571.778
594.629	576.222
597.093	573.556
599.555	588
602.016	568.667
604.477	580
606.936	579.111
609.395	582.222
611.853	596.445
614.311	599.111
616.767	609.111
619.223	595.778
621.678	591.111
624.132	604.222
626.585	604.222
629.037	587.778
631.489	594.889
633.94	592.444
636.39	590.889
638.839	578.889
641.288	593.556
643.736	594.222
646.183	589.333
648.627	586.889
651.073	591.555
653.517	583.111
655.961	574.667
658.404	592.222
660.846	577.556
663.288	574.667
665.727	577.555
668.167	567.556
670.606	572.667
673.044	583.111
675.482	568.444
677.917	564.667
680.353	565.778
682.788	585.333
685.222	572.667
687.655	572.667
690.087	557.111
692.519	572.889
694.951	578
697.38	581.333
699.809	582.889
702.238	579.556
704.665	574.889
707.092	587.778
709.519	586.889
711.943	585.556
714.368	583.111
716.791	590.667
719.214	593.333
721.637	589.111
724.058	590.222
726.479	572.889
728.898	580.222
731.317	580
733.734	576.889
736.152	584
738.568	577.778
740.985	573.333
743.399	582.667
745.814	583.556
748.227	576.667
750.64	575.778
753.051	578.667
755.463	588.889
757.872	584.222
760.283	580
762.691	579.778
765.098	573.111
767.506	560
769.912	576.444
772.318	592.667
774.722	582.444
777.126	578.667
779.53	585.333
781.932	575.111
784.333	590
786.735	575.556
789.135	589.333
791.533	582.222
793.933	581.333
796.33	594
798.727	582.222
801.123	586.889
803.519	587.778
805.913	599.778
808.307	590.667
810.699	596.889
813.093	588
815.484	604.889
817.874	601.778
820.264	600.444
822.653	603.556
825.041	603.556
827.43	600.889
829.817	606.444
832.203	595.111
834.588	603.556
836.972	601.111
839.356	594.889
841.738	593.111
844.12	602.667
846.502	605.778
848.882	606.667
851.262	610
853.641	616.444
856.02	626
858.397	626.667
860.774	612.667
863.15	632.222
865.525	621.556
867.9	620.889
870.273	601.111
872.646	619.111
875.019	606.222
877.39	618.222
879.761	609.778
882.131	610.667
884.5	610
886.869	599.556
889.236	617.111
891.602	603.111
893.968	607.333
896.334	607.111
898.698	593.111
901.062	604.222
903.426	597.556
905.787	599.333
908.148	598.444
910.509	599.333
912.87	592.444
915.228	594.889
917.587	589.556
919.945	598.444
922.302	600.667
924.657	594.667
927.013	587.778
929.368	591.556
931.721	595.333
934.074	591.556
936.427	599.111
938.778	598.889
941.129	590.667
943.479	592
945.828	598.444
948.177	608.444
950.524	587.556
952.871	591.556
955.218	594.889
957.563	592.667
959.908	591.111
962.252	598.222
964.595	587.556
966.937	591.778
969.28	613.111
971.62	605.778
973.961	601.556
976.3	591.111
978.639	589.111
980.976	589.778
983.314	587.111
985.65	595.111
987.987	585.333
990.321	589.111
992.655	603.556
994.989	601.111
997.321	608.889
999.653	604.444
1001.98	601.778
1004.31	610.222
1006.65	605.556
1008.97	598.889
1011.3	601.333
1013.63	596.667
1015.96	588.667
1018.28	578
1020.61	595.111
1022.93	592.444
1025.26	593.556
1027.58	602
1029.9	594
1032.22	599.333
1034.54	595.778
1036.86	581.333
1039.18	587.555
1041.5	586
1043.82	593.333
1046.14	610.667
1048.45	607.333
1050.77	615.111
1053.08	622.667
1055.4	608.889
1057.71	610.444
1060.02	599.333
1062.33	602.667
1064.64	600
1066.96	615.333
1069.27	615.778
1071.57	606
1073.88	632.222
1076.19	619.778
1078.5	625.556
1080.8	636.222
1083.11	626.222
1085.41	639.778
1087.72	636.667
1090.02	638.667
1092.32	645.556
1094.62	673.333
1096.92	665.111
1099.22	681.556
1101.52	666
1103.82	655.778
1106.12	664
1108.42	659.111
1110.71	662.889
1113.01	670.889
1115.3	656
1117.6	678.889
1119.89	670.222
1122.18	679.333
1124.48	699.111
1126.77	679.333
1129.06	684
1131.35	654.889
1133.64	678.444
1135.93	666.889
1138.21	658.889
1140.5	667.778
1142.79	672.667
1145.07	682
1147.36	699.778
1149.64	704.222
1151.92	703.778
1154.21	722.444
1156.49	715.556
1158.77	713.111
1161.05	700.889
1163.33	696.445
1165.61	692.222
1167.89	676.667
1170.16	664
1172.44	691.111
1174.72	660.222
1176.99	674.889
1179.27	673.778
1181.54	686.444
1183.81	682.444
1186.09	674.444
1188.36	687.778
1190.63	702.667
1192.9	693.556
1195.17	683.778
1197.44	699.333
1199.71	694.667
1201.97	687.556
1204.24	704.667
1206.5	710.667
1208.77	704.667
1211.03	726.889
1213.3	709.333
1215.56	724.222
1217.82	724.889
1220.09	729.111
1222.35	732
1224.61	750.889
1226.87	733.556
1229.12	740.444
1231.38	749.333
1233.64	752.222
1235.9	759.333
1238.15	756.444
1240.41	764.667
1242.66	764.222
1244.92	749.111
1247.17	763.333
1249.42	770
1251.67	764.667
1253.92	766.222
1256.17	770
1258.42	784.444
1260.67	818.667
1262.92	831.111
1265.17	845.778
1267.42	826
1269.66	815.556
1271.91	803.333
1274.15	799.333
1276.39	794.667
1278.64	778.889
1280.88	759.556
1283.12	752.222
1285.36	757.333
1287.6	735.333
1289.84	742.222
1292.08	754.667
1294.32	759.111
1296.56	756.222
1298.79	772
1301.03	742
1303.26	764.889
1305.5	764.667
1307.73	750
1309.97	765.556
1312.2	767.778
1314.43	758.667
1316.66	758
1318.89	764.444
1321.12	758.889
1323.35	764.222
1325.58	769.778
1327.81	762.667
1330.03	783.556
1332.26	791.556
1334.49	796.889
1336.71	830.222
1338.94	825.333
1341.16	836.222
1343.38	837.111
1345.6	841.333
1347.83	852.889
1350.05	845.778
1352.27	866.667
1354.49	860
1356.7	889.333
1358.92	915.778
1361.14	952.222
1363.36	1026.67
1365.57	1100.22
1367.79	1161.33
1370	1222.67
1372.21	1208.67
1374.43	1198.22
1376.64	1161.56
1378.85	1108.44
1381.06	1063.78
1383.27	1030.22
1385.48	970.889
1387.69	957.778
1389.9	918.667
1392.11	889.556
1394.31	876
1396.52	861.333
1398.73	837.778
1400.93	831.778
1403.13	810.444
1405.34	815.556
1407.54	802.667
1409.74	825.556
1411.94	799.556
1414.14	820.889
1416.34	804.667
1418.54	803.778
1420.74	803.111
1422.94	794.444
1425.14	792.667
1427.33	774.667
1429.53	790.444
1431.72	794.222
1433.92	788.222
1436.11	794.222
1438.3	824
1440.5	819.333
1442.69	831.111
1444.88	819.333
1447.07	827.333
1449.26	850.444
1451.45	870.222
1453.64	870.444
1455.82	875.111
1458.01	869.556
1460.2	838.444
1462.38	831.333
1464.57	826
1466.75	812
1468.93	812.444
1471.12	810.222
1473.3	787.111
1475.48	788.889
1477.66	791.778
1479.84	792.667
1482.02	781.333
1484.2	768.222
1486.38	772.444
1488.55	765.778
1490.73	774.444
1492.91	769.556
1495.08	772.444
1497.26	778.222
1499.43	773.778
1501.61	772.889
1503.78	778.889
1505.95	767.778
1508.12	765.111
1510.29	765.778
1512.46	784.667
1514.63	786.444
1516.8	775.778
1518.97	783.111
1521.14	785.556
1523.3	788.667
1525.47	784.444
1527.63	791.333
1529.8	790
1531.96	806.889
1534.12	797.556
1536.29	795.333
1538.45	790
1540.61	801.556
1542.77	800
1544.93	797.778
1547.09	798.222
1549.25	788
1551.41	796
1553.56	797.556
1555.72	804.889
1557.88	813.333
1560.03	825.111
1562.18	813.111
1564.34	850.444
1566.49	835.333
1568.64	853.778
1570.8	845.778
1572.95	825.333
1575.1	835.333
1577.25	831.333
1579.4	840.889
1581.55	831.556
1583.69	844.444
1585.84	842.222
1587.99	843.111
1590.13	830.889
1592.28	839.556
1594.42	832.444
1596.57	836.444
1598.71	827.111
1600.85	838.444
1602.99	820.444
1605.14	815.778
1607.28	790.889
1609.42	791.778
1611.56	787.555
1613.69	775.111
1615.83	754.667
1617.97	753.333
1620.11	741.111
1622.24	736.444
1624.38	716.889
1626.51	703.556
1628.65	697.111
1630.78	676.889
1632.91	677.556
1635.04	669.778
1637.17	656
1639.31	646.444
1641.44	636.889
1643.57	640
1645.69	628.222
1647.82	630
1649.95	626.222
1652.08	609.111
1654.2	609.778
1656.33	594.667
1658.45	595.111
1660.58	596.889
1662.7	576.889
1664.82	580.222
1666.94	582.667
1669.07	583.111
1671.19	581.111
1673.31	573.333
1675.43	578.889
1677.55	567.556
1679.66	571.778
1681.78	561.111
1683.9	555.111
1686.01	548.222
1688.13	551.556
1690.25	564.222
1692.36	540.222
1694.47	553.111
1696.59	536
1698.7	538.445
1700.81	539.111
1702.92	547.111
1705.03	537.333
1707.14	534.667
1709.25	531.556
1711.36	540
1713.47	520.222
1715.58	530.222
1717.68	539.111
1719.79	529.778
1721.89	522.222
1724	527.556
1726.1	516.667
1728.21	510.444
1730.31	523.556
1732.41	519.333
1734.51	504.889
1736.61	503.111
1738.71	510
1740.81	512.444
1742.91	507.333
1745.01	500.444
1747.11	510
1749.2	506
1751.3	507.111
1753.4	514.222
1755.49	508
1757.59	497.111
1759.68	495.556
1761.77	500
1763.86	499.333
1765.96	499.556
1768.05	498.889
1770.14	498.667
1772.23	487.778
1774.32	488.222
1776.41	494.667
1778.49	498.222
1780.58	478
1782.67	485.111
1784.76	491.333
1786.84	487.333
1788.92	485.778
1791.01	489.111
1793.09	486.222
1795.18	486.444
1797.26	488.889
1799.34	478.444
1801.42	480.444
1803.5	487.111
1805.58	483.778
1807.66	476.222
1809.74	480.667
1811.82	474.889
1813.89	470
1815.97	480.222
1818.05	479.333
1820.12	474.222
1822.2	486
1824.27	483.556
1826.34	473.556
1828.42	469.333
1830.49	466.889
1832.56	466.889
1834.63	476.667
1836.7	464.444
1838.77	467.111
1840.84	468.889
1842.91	470.222
1844.98	463.778
1847.04	468.667
1849.11	467.778
1851.18	463.778
1853.24	463.778
1855.31	457.333
1857.37	466.444
1859.43	459.333
1861.5	459.111
1863.56	451.556
1865.62	463.333
1867.68	452.444
1869.74	459.556
1871.8	460.667
1873.86	456
1875.92	460.444
1877.98	453.556
1880.03	446
1882.09	454.667
1884.15	458.889
1886.2	460.667
1888.26	452.444
1890.31	457.556
1892.36	460.667
1894.42	458.667
1896.47	454
1898.52	443.778
1900.57	458.667
1902.62	450.667
1904.67	456.222
1906.72	451.778
1908.77	450.444
1910.82	456.444
1912.86	446.667
1914.91	452.222
1916.96	448.889
1919	459.778
1921.04	450.667
1923.09	449.556
1925.13	451.111
1927.18	456.222
1929.22	445.111
1931.26	448
1933.3	460.444
1935.34	445.111
1937.38	454.667
1939.42	446.444
1941.46	439.556
1943.5	445.111
1945.53	432.667
1947.57	445.556
1949.61	449.778
1951.64	439.333
1953.68	430.889
1955.71	429.778
1957.75	443.111
1959.78	441.111
1961.81	440.222
1963.84	436.222
1965.87	422.222
1967.9	423.556
1969.93	438.667
1971.96	434.222
1973.99	430
1976.02	417.556
1978.05	423.556
1980.07	430.444
1982.1	434.444
1984.13	428.889
1986.15	434.222
1988.18	435.556
1990.2	423.556
1992.22	429.556
1994.25	433.333
1996.27	429.556
1998.29	422
2000.31	432.667
2002.33	423.333
2004.35	429.556
2006.37	434.889
2008.39	420.222
2010.41	424.444
2012.42	416
2014.44	434.444
2016.46	433.778
2018.47	428.667
2020.49	426
2022.5	428
2024.51	422.444
2026.53	432.444
2028.54	416.889
2030.55	428.222
2032.56	435.778
2034.57	423.778
2036.58	428.222
2038.59	425.111
2040.6	420.889
2042.61	430.889
2044.62	414
2046.62	420.667
2048.63	421.111
2050.64	422.667
2052.64	417.111
2054.65	421.778
2056.65	411.778
2058.65	413.778
2060.66	415.778
2062.66	415.333
2064.66	412.889
2066.66	413.778
2068.66	422.444
2070.66	408
2072.66	415.556
2074.66	413.333
2076.66	410.889
2078.65	406.667
2080.65	415.556
2082.65	420.444
2084.64	404.444
2086.64	400.444
2088.63	420.444
2090.63	414
2092.62	409.111
2094.61	406.667
2096.6	418
2098.59	414.889
2100.59	411.556
2102.58	418.889
2104.56	407.556
2106.55	405.111
2108.54	408.889
2110.53	411.333
2112.52	410.889
2114.5	415.333
2116.49	412.889
2118.48	424.444
2120.46	420.222
2122.44	429.111
2124.43	439.333
2126.41	436
2128.39	434.222
2130.38	436.444
2132.36	442.889
2134.34	440.667
2136.32	442.444
2138.3	435.333
2140.28	432.889
2142.26	431.111
2144.23	433.778
2146.21	433.111
2148.19	425.556
2150.16	432.889
2152.14	430.222
2154.11	425.333
2156.09	425.111
2158.06	415.778
2160.04	415.778
2162.01	409.333
2163.98	413.333
2165.95	407.333
2167.92	402
2169.89	401.333
2171.86	407.778
2173.83	397.778
2175.8	404.889
2177.77	403.556
2179.73	396.222
2181.7	396.222
2183.67	392.889
2185.63	390.889
2187.6	393.111
2189.56	390.667
2191.53	389.111
2193.49	392.444
2195.45	392
2197.41	390.444
2199.37	386.222
2201.34	388
2203.29	394.444
2205.26	398
2207.21	383.556
2209.17	384.667
2211.13	387.111
2213.09	381.556
2215.05	372.889
2217	382.667
2218.96	372.889
2220.91	386.444
2222.87	384
2224.82	380.444
2226.77	382.889
2228.73	380
2230.68	375.111
2232.63	385.778
2234.58	366.889
2236.53	372.667
2238.48	379.778
2240.43	370.222
2242.38	369.778
2244.33	382.444
2246.27	378
2248.22	380.222
2250.17	367.778
2252.11	369.111
2254.06	374.222
2256	363.778
2257.95	368.444
2259.89	370
2261.84	357.556
2263.78	375.111
2265.72	365.333
2267.66	366.889
2269.6	363.111
2271.54	366.444
2273.48	359.556
2275.42	364
2277.36	350.444
2279.3	354.889
2281.23	354.667
2283.17	360.889
2285.11	361.556
2287.04	357.778
2288.98	361.333
2290.91	354.889
2292.84	364.667
2294.78	357.111
2296.71	352.889
2298.64	347.556
2300.57	355.778
2302.51	354.444
2304.44	355.778
2306.37	356.222
2308.29	354.667
2310.22	349.333
2312.15	350.889
2314.08	351.778
2316.01	342.222
2317.93	351.111
2319.86	339.333
2321.78	350
2323.71	351.556
2325.63	342.222
2327.56	339.556
2329.48	351.778
2331.4	339.778
2333.32	346
2335.25	344.222
2337.17	352.889
2339.09	349.556
2341.01	341.333
2342.92	349.556
2344.84	335.778
2346.76	341.111
2348.68	339.333
2350.6	340
2352.51	335.333
2354.43	341.556
2356.34	345.556
2358.26	328.889
2360.17	336.889
2362.09	335.333
2364	340.667
2365.91	339.556
2367.82	343.333
2369.73	330.444
2371.64	334.222
2373.55	335.556
2375.46	338.889
2377.37	333.111
2379.28	334.889
2381.19	330.222
2383.1	341.111
2385	326.889
2386.91	330.889
2388.82	331.333
2390.72	330.667
2392.62	331.111
2394.53	332
2396.43	334.222
2398.33	326
2400.24	338
2402.14	333.778
2404.04	338.222
2405.94	329.778
2407.84	329.111
2409.74	332.889
2411.64	331.333
2413.54	333.111
2415.44	333.111
2417.33	333.778
2419.23	326.222
2421.13	332.667
2423.02	322.444
2424.92	333.556
2426.81	329.778
2428.71	324.444
2430.6	327.333
2432.49	321.556
2434.38	317.556
2436.28	324.444
2438.17	316.222
2440.06	317.556
2441.95	319.556
2443.84	325.333
2445.73	325.111
