176.817	120.667
179.42	114.667
182.022	120
184.622	104.667
187.223	102.667
189.821	101.333
192.419	100.667
195.017	106.667
197.612	97.3333
200.208	100.667
202.802	96
205.397	97.3333
207.99	94.6667
210.581	92
213.173	90
215.762	91.3333
218.352	92.6667
220.94	95.3333
223.528	88
226.114	85.3333
228.701	85.3333
231.285	80
233.87	78.6667
236.452	77.3333
239.034	80.6667
241.616	82
244.196	77.3333
246.777	74
249.355	78.6667
251.933	78.6667
254.511	75.3333
257.086	76.6667
259.663	68.6667
262.237	70.6667
264.81	70.6667
267.383	70.6667
269.955	74
272.525	69.3333
275.097	64
277.665	68.6667
280.234	66.6667
282.802	67.3333
285.368	66
287.934	60
290.499	62
293.064	64.6667
295.627	59.3333
298.189	58.6667
300.75	60
303.312	58.6667
305.871	56
308.43	54
310.988	56
313.545	56.6667
316.101	53.3333
318.658	54.6667
321.212	46.6667
323.766	54
326.319	50.6667
328.871	48
331.422	52
333.972	48.6667
336.522	51.3333
339.072	50
341.619	45.3333
344.166	48.6667
346.712	48
349.258	48
351.802	47.3333
354.346	45.3333
356.888	46
359.43	50.6667
361.971	44
364.511	46.6667
367.051	45.3333
369.589	42.6667
372.127	46
374.664	44
377.2	47.3333
379.735	44.6667
382.27	48
384.802	48.6667
387.334	42
389.866	44
392.397	42.6667
394.927	52
397.457	47.3333
399.985	43.3333
402.513	40.6667
405.038	44.6667
407.565	45.3333
410.09	46
412.614	45.3333
415.138	44
417.66	41.3333
420.181	40.6667
422.702	41.3333
425.222	45.3333
427.742	44
430.259	44
432.777	46
435.294	44
437.81	40
440.324	46
442.838	40.6667
445.352	44.6667
447.863	42.6667
450.375	44.6667
452.887	43.3333
455.395	44
457.905	44
460.414	46
462.92	44.6667
465.427	42
467.932	44
470.438	44.6667
472.942	41.3333
475.445	44.6667
477.948	42.6667
480.448	43.3333
482.95	43.3333
485.449	46.6667
487.949	47.3333
490.446	42
492.944	44
495.44	47.3333
497.937	44
500.431	40
502.926	44.6667
505.418	45.3333
507.912	40
510.403	50
512.894	44.6667
515.384	42
517.874	40.6667
520.361	46.6667
522.848	44.6667
525.336	44.6667
527.821	42.6667
530.306	48
532.791	48.6667
535.274	43.3333
537.756	44
540.238	41.3333
542.719	48
545.199	45.3333
547.679	44.6667
550.157	46
552.634	38.6667
555.112	48.6667
557.588	48
560.063	46
562.537	44.6667
565.011	44
567.484	47.3333
569.955	42.6667
572.426	42
574.896	48
577.367	44
579.835	43.3333
582.303	49.3333
584.77	43.3333
587.236	40.6667
589.701	40
592.165	46.6667
594.629	44
597.093	40.6667
599.555	46.6667
602.016	44.6667
604.477	44.6667
606.936	45.3333
609.395	44.6667
611.853	44.6667
614.311	44
616.767	45.3333
619.223	41.3333
621.678	45.3333
624.132	47.3333
626.585	42.6667
629.037	44
631.489	48
633.94	44.6667
636.39	49.3333
638.839	45.3333
641.288	46
643.736	48.6667
646.183	46
648.627	47.3333
651.073	44.6667
653.517	46
655.961	43.3333
658.404	46
660.846	48
663.288	46
665.727	44.6667
668.167	47.3333
670.606	48.6667
673.044	45.3333
675.482	45.3333
677.917	44.6667
680.353	46.6667
682.788	50.6667
685.222	52
687.655	42
690.087	44
692.519	46.6667
694.951	46.6667
697.38	48
699.809	45.3333
702.238	46.6667
704.665	48
707.092	44
709.519	48
711.943	49.3333
714.368	48
716.791	49.3333
719.214	44
721.637	46.6667
724.058	43.3333
726.479	46.6667
728.898	46.6667
731.317	47.3333
733.734	46.6667
736.152	47.3333
738.568	48.6667
740.985	48
743.399	46.6667
745.814	51.3333
748.227	44
750.64	44.6667
753.051	47.3333
755.463	49.3333
757.872	47.3333
760.283	46
762.691	50
765.098	49.3333
767.506	46.6667
769.912	47.3333
772.318	50
774.722	48
777.126	49.3333
779.53	49.3333
781.932	47.3333
784.333	43.3333
786.735	48
789.135	46.6667
791.533	47.3333
793.933	49.3333
796.33	46
798.727	47.3333
801.123	48
803.519	47.3333
805.913	42.6667
808.307	49.3333
810.699	44.6667
813.093	51.3333
815.484	43.3333
817.874	45.3333
820.264	48
822.653	47.3333
825.041	42
827.43	46
829.817	46
832.203	52.6667
834.588	44
836.972	46
839.356	46.6667
841.738	50
844.12	46.6667
846.502	48
848.882	49.3333
851.262	48
853.641	45.3333
856.02	45.3333
858.397	46.6667
860.774	47.3333
863.15	46.6667
865.525	48
867.9	47.3333
870.273	49.3333
872.646	50
875.019	49.3333
877.39	48.6667
879.761	46
882.131	48.6667
884.5	49.3333
886.869	48
889.236	46.6667
891.602	51.3333
893.968	48.6667
896.334	50
898.698	49.3333
901.062	48
903.426	47.3333
905.787	48
908.148	44.6667
910.509	46
912.87	45.3333
915.228	47.3333
917.587	50.6667
919.945	48
922.302	50
924.657	46.6667
927.013	49.3333
929.368	48
931.721	49.3333
934.074	52
936.427	54
938.778	52
941.129	52
943.479	56.6667
945.828	49.3333
948.177	56
950.524	54.6667
952.871	56
955.218	60
957.563	56.6667
959.908	58
962.252	59.3333
964.595	60.6667
966.937	57.3333
969.28	54.6667
971.62	58
973.961	58.6667
976.3	62.6667
978.639	62
980.976	63.3333
983.314	64
985.65	65.3333
987.987	68
990.321	72.6667
992.655	69.3333
994.989	74
997.321	82
999.653	91.3333
1001.98	92
1004.31	100
1006.65	105.333
1008.97	130
1011.3	144.667
1013.63	161.333
1015.96	184.667
1018.28	212
1020.61	253.333
1022.93	310
1025.26	367.333
1027.58	424
1029.9	480.667
1032.22	526.667
1034.54	565.333
1036.86	561.333
1039.18	536
1041.5	509.333
1043.82	442.667
1046.14	352
1048.45	285.333
1050.77	218
1053.08	186.667
1055.4	159.333
1057.71	134
1060.02	124.667
1062.33	116
1064.64	108.667
1066.96	98
1069.27	100.667
1071.57	102
1073.88	96
1076.19	92.6667
1078.5	95.3333
1080.8	84
1083.11	95.3333
1085.41	92.6667
1087.72	98
1090.02	92
1092.32	104.667
1094.62	95.3333
1096.92	101.333
1099.22	102
1101.52	98.6667
1103.82	104.667
1106.12	112.667
1108.42	117.333
1110.71	111.333
1113.01	109.333
1115.3	115.333
1117.6	114.667
1119.89	111.333
1122.18	102.667
1124.48	96.6667
1126.77	96.6667
1129.06	92
1131.35	100
1133.64	89.3333
1135.93	86
1138.21	89.3333
1140.5	90
1142.79	81.3333
1145.07	84.6667
1147.36	86.6667
1149.64	85.3333
1151.92	94.6667
1154.21	88
1156.49	90
1158.77	84
1161.05	88.6667
1163.33	85.3333
1165.61	87.3333
1167.89	83.3333
1170.16	75.3333
1172.44	73.3333
1174.72	78
1176.99	75.3333
1179.27	72.6667
1181.54	70.6667
1183.81	72
1186.09	67.3333
1188.36	68.6667
1190.63	60.6667
1192.9	69.3333
1195.17	65.3333
1197.44	62
1199.71	64
1201.97	64.6667
1204.24	60.6667
1206.5	60.6667
1208.77	66
1211.03	60.6667
1213.3	58.6667
1215.56	58
1217.82	59.3333
1220.09	61.3333
1222.35	61.3333
1224.61	62
1226.87	65.3333
1229.12	60.6667
1231.38	58
1233.64	65.3333
1235.9	60
1238.15	58.6667
1240.41	60.6667
1242.66	63.3333
1244.92	59.3333
1247.17	57.3333
1249.42	60.6667
1251.67	52.6667
1253.92	60.6667
1256.17	60.6667
1258.42	58
1260.67	57.3333
1262.92	60
1265.17	60
1267.42	58
1269.66	62.6667
1271.91	64
1274.15	56.6667
1276.39	61.3333
1278.64	58.6667
1280.88	56.6667
1283.12	56
1285.36	62
1287.6	59.3333
1289.84	60.6667
1292.08	62
1294.32	60.6667
1296.56	66
1298.79	61.3333
1301.03	64
1303.26	65.3333
1305.5	60.6667
1307.73	60
1309.97	60.6667
1312.2	59.3333
1314.43	64
1316.66	62.6667
1318.89	62
1321.12	64
1323.35	69.3333
1325.58	64.6667
1327.81	66
1330.03	68.6667
1332.26	68
1334.49	70
1336.71	64
1338.94	68
1341.16	74.6667
1343.38	71.3333
1345.6	69.3333
1347.83	70
1350.05	64.6667
1352.27	76.6667
1354.49	75.3333
1356.7	76.6667
1358.92	74
1361.14	80.6667
1363.36	82
1365.57	74
1367.79	77.3333
1370	83.3333
1372.21	78
1374.43	84.6667
1376.64	84.6667
1378.85	85.3333
1381.06	88.6667
1383.27	87.3333
1385.48	90.6667
1387.69	88.6667
1389.9	92
1392.11	92.6667
1394.31	95.3333
1396.52	95.3333
1398.73	90
1400.93	102.667
1403.13	92.6667
1405.34	91.3333
1407.54	98
1409.74	94
1411.94	104.667
1414.14	97.3333
1416.34	104.667
1418.54	104
1420.74	101.333
1422.94	115.333
1425.14	112.667
1427.33	110.667
1429.53	110
1431.72	117.333
1433.92	124.667
1436.11	127.333
1438.3	140
1440.5	150.667
1442.69	162
1444.88	183.333
1447.07	205.333
1449.26	232
1451.45	259.333
1453.64	252.667
1455.82	248
1458.01	232
1460.2	224.667
1462.38	236.667
1464.57	229.333
1466.75	213.333
1468.93	227.333
1471.12	234
1473.3	230
1475.48	222.667
1477.66	220
1479.84	207.333
1482.02	206.667
1484.2	183.333
1486.38	194
1488.55	184
1490.73	167.333
1492.91	161.333
1495.08	149.333
1497.26	152.667
1499.43	144
1501.61	137.333
1503.78	136
1505.95	142.667
1508.12	128
1510.29	130.667
1512.46	126
1514.63	124.667
1516.8	120.667
1518.97	116
1521.14	116.667
1523.3	112
1525.47	114.667
1527.63	108
1529.8	114
1531.96	108
1534.12	106
1536.29	114
1538.45	109.333
1540.61	110.667
1542.77	104
1544.93	108.667
1547.09	105.333
1549.25	104
1551.41	106.667
1553.56	104.667
1555.72	104.667
1557.88	107.333
1560.03	96
1562.18	100
1564.34	91.3333
1566.49	96.6667
1568.64	97.3333
1570.8	90.6667
1572.95	96.6667
1575.1	93.3333
1577.25	95.3333
1579.4	90
1581.55	90
1583.69	92.6667
1585.84	86.6667
1587.99	80
1590.13	86
1592.28	90.6667
1594.42	86.6667
1596.57	87.3333
1598.71	80
1600.85	82
1602.99	80.6667
1605.14	83.3333
1607.28	85.3333
1609.42	85.3333
1611.56	74.6667
1613.69	75.3333
1615.83	78.6667
1617.97	80.6667
1620.11	75.3333
1622.24	78
1624.38	76.6667
1626.51	70.6667
1628.65	74.6667
1630.78	79.3333
1632.91	64.6667
1635.04	76.6667
1637.17	72
1639.31	70
1641.44	70
1643.57	73.3333
1645.69	70.6667
1647.82	73.3333
1649.95	70.6667
1652.08	66.6667
1654.2	74.6667
1656.33	76.6667
1658.45	65.3333
1660.58	68
1662.7	70.6667
1664.82	65.3333
1666.94	68
1669.07	70
1671.19	70.6667
1673.31	73.3333
1675.43	65.3333
1677.55	67.3333
1679.66	62
1681.78	73.3333
1683.9	68
1686.01	63.3333
1688.13	64.6667
1690.25	63.3333
1692.36	68.6667
1694.47	64.6667
1696.59	61.3333
1698.7	70.6667
1700.81	66
1702.92	60.6667
1705.03	61.3333
1707.14	65.3333
1709.25	66
1711.36	68
1713.47	69.3333
1715.58	60
1717.68	62
1719.79	64
1721.89	66
1724	62
1726.1	67.3333
1728.21	66.6667
1730.31	62.6667
1732.41	69.3333
1734.51	67.3333
1736.61	68
1738.71	64
1740.81	65.3333
1742.91	62.6667
1745.01	66.6667
1747.11	64.6667
1749.2	68
1751.3	60.6667
1753.4	62
1755.49	64
1757.59	56.6667
1759.68	60.6667
1761.77	65.3333
1763.86	63.3333
1765.96	62.6667
1768.05	65.3333
1770.14	61.3333
1772.23	72
1774.32	63.3333
1776.41	62
1778.49	64
1780.58	64.6667
1782.67	63.3333
1784.76	64
1786.84	62.6667
1788.92	68
1791.01	63.3333
1793.09	62.6667
1795.18	67.3333
1797.26	64
1799.34	63.3333
1801.42	62
1803.5	69.3333
1805.58	64.6667
1807.66	63.3333
1809.74	62.6667
1811.82	68.6667
1813.89	68
1815.97	66.6667
1818.05	66.6667
1820.12	68
1822.2	61.3333
1824.27	70
1826.34	68.6667
1828.42	65.3333
1830.49	66
1832.56	66.6667
1834.63	65.3333
1836.7	66.6667
1838.77	66
1840.84	62.6667
1842.91	71.3333
1844.98	68
1847.04	64.6667
1849.11	67.3333
1851.18	66.6667
1853.24	69.3333
1855.31	67.3333
1857.37	67.3333
1859.43	66
1861.5	72
1863.56	72.6667
1865.62	63.3333
1867.68	64.6667
1869.74	62
1871.8	68.6667
1873.86	67.3333
1875.92	71.3333
1877.98	64.6667
1880.03	64.6667
1882.09	72
1884.15	64
1886.2	64.6667
1888.26	63.3333
1890.31	64.6667
1892.36	63.3333
1894.42	68
1896.47	62
1898.52	72.6667
1900.57	66
1902.62	64
1904.67	66
1906.72	70
1908.77	64
1910.82	70
1912.86	72
1914.91	64
1916.96	68
1919	73.3333
1921.04	65.3333
1923.09	66
1925.13	66.6667
1927.18	67.3333
1929.22	72.6667
1931.26	67.3333
1933.3	65.3333
1935.34	67.3333
1937.38	70
1939.42	68
1941.46	64.6667
1943.5	66.6667
1945.53	72
1947.57	66.6667
1949.61	68
1951.64	66
1953.68	67.3333
1955.71	63.3333
1957.75	69.3333
1959.78	67.3333
1961.81	66
1963.84	68.6667
1965.87	64.6667
1967.9	70
1969.93	64.6667
1971.96	64.6667
1973.99	64.6667
1976.02	70
1978.05	66
1980.07	68.6667
1982.1	66.6667
1984.13	66
1986.15	66.6667
1988.18	68.6667
1990.2	74
1992.22	70
1994.25	68.6667
1996.27	71.3333
1998.29	72
2000.31	68.6667
2002.33	68.6667
2004.35	66.6667
2006.37	76.6667
2008.39	72.6667
2010.41	70.6667
2012.42	75.3333
2014.44	68
2016.46	74
2018.47	74
2020.49	69.3333
2022.5	72.6667
2024.51	66.6667
2026.53	68.6667
2028.54	71.3333
2030.55	72
2032.56	64
2034.57	66
2036.58	77.3333
2038.59	70.6667
2040.6	69.3333
2042.61	72
2044.62	71.3333
2046.62	71.3333
2048.63	76.6667
2050.64	76
2052.64	68
2054.65	72.6667
2056.65	76.6667
2058.65	73.3333
2060.66	68
2062.66	72
2064.66	76.6667
2066.66	77.3333
2068.66	78
2070.66	71.3333
2072.66	68.6667
2074.66	75.3333
2076.66	73.3333
2078.65	78
2080.65	66.6667
2082.65	64.6667
2084.64	71.3333
2086.64	70
2088.63	67.3333
2090.63	72
2092.62	72.6667
2094.61	74
2096.6	72.6667
2098.59	72
2100.59	69.3333
2102.58	75.3333
2104.56	74.6667
2106.55	74
2108.54	70.6667
2110.53	68
2112.52	74
2114.5	76
2116.49	68
2118.48	77.3333
2120.46	73.3333
2122.44	68.6667
2124.43	69.3333
2126.41	70
2128.39	74.6667
2130.38	74.6667
2132.36	72.6667
2134.34	72
2136.32	76.6667
2138.3	74.6667
2140.28	71.3333
2142.26	74.6667
2144.23	74
2146.21	72.6667
2148.19	74
2150.16	77.3333
2152.14	68.6667
2154.11	76.6667
2156.09	72.6667
2158.06	78.6667
2160.04	78.6667
2162.01	68.6667
2163.98	72
2165.95	69.3333
2167.92	74
2169.89	70.6667
2171.86	71.3333
2173.83	73.3333
2175.8	70.6667
2177.77	80
2179.73	76.6667
2181.7	76
2183.67	76
2185.63	75.3333
2187.6	74
2189.56	76
2191.53	73.3333
2193.49	70
2195.45	74
2197.41	74
2199.37	71.3333
2201.34	78.6667
2203.29	78.6667
2205.26	72.6667
2207.21	77.3333
2209.17	71.3333
2211.13	75.3333
2213.09	75.3333
2215.05	78.6667
2217	72
2218.96	74.6667
2220.91	78.6667
2222.87	76.6667
2224.82	78.6667
2226.77	76.6667
2228.73	72.6667
2230.68	76.6667
2232.63	83.3333
2234.58	78
2236.53	74
2238.48	74
2240.43	76.6667
2242.38	76.6667
2244.33	78
2246.27	79.3333
2248.22	74.6667
2250.17	72
2252.11	75.3333
2254.06	83.3333
2256	80
2257.95	76
2259.89	80
2261.84	78.6667
2263.78	78.6667
2265.72	78.6667
2267.66	72.6667
2269.6	79.3333
2271.54	79.3333
2273.48	76
2275.42	75.3333
2277.36	79.3333
2279.3	74
2281.23	79.3333
2283.17	82
2285.11	79.3333
2287.04	80.6667
2288.98	78
2290.91	80.6667
2292.84	77.3333
2294.78	76
2296.71	74.6667
2298.64	80
2300.57	78.6667
2302.51	78.6667
2304.44	85.3333
2306.37	80
2308.29	80
2310.22	82
2312.15	79.3333
2314.08	76
2316.01	74.6667
2317.93	85.3333
2319.86	78.6667
2321.78	82.6667
2323.71	80.6667
2325.63	76
2327.56	77.3333
2329.48	81.3333
2331.4	81.3333
2333.32	78
2335.25	74.6667
2337.17	80.6667
2339.09	78.6667
2341.01	72.6667
2342.92	78
2344.84	74.6667
2346.76	80
2348.68	77.3333
2350.6	71.3333
2352.51	81.3333
2354.43	85.3333
2356.34	80.6667
2358.26	78.6667
2360.17	79.3333
2362.09	74.6667
2364	79.3333
2365.91	78
2367.82	78
2369.73	78.6667
2371.64	78.6667
2373.55	73.3333
2375.46	78
2377.37	70
2379.28	78
2381.19	75.3333
2383.1	81.3333
2385	76
2386.91	79.3333
2388.82	78
2390.72	82.6667
2392.62	82
2394.53	76
2396.43	78
2398.33	81.3333
2400.24	76
2402.14	78.6667
2404.04	88
2405.94	82
2407.84	80
2409.74	82.6667
2411.64	76
2413.54	86
2415.44	76
2417.33	84
2419.23	82
2421.13	81.3333
2423.02	78
2424.92	77.3333
2426.81	77.3333
2428.71	83.3333
2430.6	81.3333
2432.49	83.3333
2434.38	78.6667
2436.28	78.6667
2438.17	80.6667
2440.06	78.6667
2441.95	86
2443.84	82
2445.73	76.6667
