176.817	56.6667
179.42	55.3333
182.022	54.6667
184.622	55.3333
187.223	49.3333
189.821	54.6667
192.419	54
195.017	52.6667
197.612	54.6667
200.208	48
202.802	47.3333
205.397	46
207.99	50
210.581	52.6667
213.173	51.3333
215.762	50.6667
218.352	52
220.94	42.6667
223.528	45.3333
226.114	42.6667
228.701	48.6667
231.285	46.6667
233.87	48.6667
236.452	45.3333
239.034	46.6667
241.616	48
244.196	46.6667
246.777	48.6667
249.355	46.6667
251.933	45.3333
254.511	46.6667
257.086	46
259.663	46.6667
262.237	46
264.81	45.3333
267.383	46.6667
269.955	45.3333
272.525	46.6667
275.097	44.6667
277.665	46.6667
280.234	43.3333
282.802	44
285.368	42.6667
287.934	44.6667
290.499	41.3333
293.064	42.6667
295.627	40.6667
298.189	43.3333
300.75	44.6667
303.312	42.6667
305.871	40
308.43	42.6667
310.988	39.3333
313.545	42
316.101	38
318.658	42
321.212	40.6667
323.766	40.6667
326.319	41.3333
328.871	39.3333
331.422	40.6667
333.972	40
336.522	39.3333
339.072	38
341.619	40
344.166	36
346.712	43.3333
349.258	38
351.802	40.6667
354.346	41.3333
356.888	40.6667
359.43	39.3333
361.971	40
364.511	39.3333
367.051	40.6667
369.589	39.3333
372.127	40
374.664	42
377.2	42.6667
379.735	42
382.27	42.6667
384.802	43.3333
387.334	41.3333
389.866	40.6667
392.397	39.3333
394.927	41.3333
397.457	41.3333
399.985	42
402.513	43.3333
405.038	44.6667
407.565	46
410.09	46.6667
412.614	48.6667
415.138	46
417.66	52
420.181	54
422.702	57.3333
425.222	62
427.742	59.3333
430.259	67.3333
432.777	79.3333
435.294	75.3333
437.81	73.3333
440.324	67.3333
442.838	64.6667
445.352	69.3333
447.863	59.3333
450.375	61.3333
452.887	52
455.395	54.6667
457.905	49.3333
460.414	54
462.92	45.3333
465.427	48.6667
467.932	44.6667
470.438	47.3333
472.942	36
475.445	47.3333
477.948	44.6667
480.448	44.6667
482.95	40.6667
485.449	42
487.949	40.6667
490.446	41.3333
492.944	39.3333
495.44	40.6667
497.937	42.6667
500.431	40.6667
502.926	38
505.418	40.6667
507.912	41.3333
510.403	40
512.894	37.3333
515.384	38.6667
517.874	40.6667
520.361	40.6667
522.848	39.3333
525.336	43.3333
527.821	39.3333
530.306	38
532.791	41.3333
535.274	40
537.756	38.6667
540.238	40
542.719	42.6667
545.199	38.6667
547.679	40
550.157	38
552.634	41.3333
555.112	40
557.588	38.6667
560.063	40.6667
562.537	40.6667
565.011	40
567.484	36.6667
569.955	40
572.426	37.3333
574.896	39.3333
577.367	38
579.835	37.3333
582.303	38
584.77	42.6667
587.236	40
589.701	39.3333
592.165	40.6667
594.629	36
597.093	42.6667
599.555	42.6667
602.016	36
604.477	36.6667
606.936	39.3333
609.395	38
611.853	40
614.311	42
616.767	40
619.223	40
621.678	40
624.132	38.6667
626.585	39.3333
629.037	40
631.489	38.6667
633.94	40.6667
636.39	40.6667
638.839	42.6667
641.288	40
643.736	43.3333
646.183	41.3333
648.627	41.3333
651.073	40
653.517	42.6667
655.961	38.6667
658.404	42
660.846	38.6667
663.288	44
665.727	37.3333
668.167	39.3333
670.606	42.6667
673.044	42
675.482	40.6667
677.917	40
680.353	42.6667
682.788	39.3333
685.222	39.3333
687.655	42
690.087	38
692.519	42.6667
694.951	40.6667
697.38	40.6667
699.809	40
702.238	42
704.665	42
707.092	40.6667
709.519	39.3333
711.943	43.3333
714.368	38
716.791	42.6667
719.214	41.3333
721.637	43.3333
724.058	44
726.479	44
728.898	40
731.317	40
733.734	41.3333
736.152	41.3333
738.568	41.3333
740.985	40
743.399	39.3333
745.814	39.3333
748.227	44.6667
750.64	38.6667
753.051	43.3333
755.463	41.3333
757.872	40.6667
760.283	36.6667
762.691	43.3333
765.098	44.6667
767.506	42.6667
769.912	44.6667
772.318	42.6667
774.722	43.3333
777.126	42.6667
779.53	42
781.932	40.6667
784.333	44
786.735	42
789.135	41.3333
791.533	41.3333
793.933	45.3333
796.33	47.3333
798.727	48
801.123	40
803.519	45.3333
805.913	48
808.307	48.6667
810.699	46
813.093	50
815.484	46.6667
817.874	48.6667
820.264	44
822.653	44.6667
825.041	50
827.43	46
829.817	43.3333
832.203	43.3333
834.588	44
836.972	50
839.356	48.6667
841.738	46.6667
844.12	52
846.502	52
848.882	48.6667
851.262	49.3333
853.641	56
856.02	56.6667
858.397	56.6667
860.774	63.3333
863.15	62.6667
865.525	68.6667
867.9	74
870.273	86.6667
872.646	111.333
875.019	150
877.39	197.333
879.761	266
882.131	330
884.5	369.333
886.869	376
889.236	304.667
891.602	234
893.968	164.667
896.334	119.333
898.698	100.667
901.062	85.3333
903.426	74.6667
905.787	68
908.148	61.3333
910.509	54
912.87	60
915.228	55.3333
917.587	50.6667
919.945	53.3333
922.302	50
924.657	52
927.013	45.3333
929.368	50
931.721	46
934.074	43.3333
936.427	44.6667
938.778	46.6667
941.129	43.3333
943.479	40.6667
945.828	43.3333
948.177	48.6667
950.524	39.3333
952.871	44
955.218	44.6667
957.563	43.3333
959.908	42.6667
962.252	45.3333
964.595	46.6667
966.937	46
969.28	44.6667
971.62	44
973.961	42
976.3	41.3333
978.639	45.3333
980.976	42.6667
983.314	50
985.65	49.3333
987.987	48
990.321	41.3333
992.655	46
994.989	48.6667
997.321	47.3333
999.653	47.3333
1001.98	48
1004.31	48.6667
1006.65	50.6667
1008.97	49.3333
1011.3	47.3333
1013.63	49.3333
1015.96	48.6667
1018.28	47.3333
1020.61	52.6667
1022.93	59.3333
1025.26	58
1027.58	56
1029.9	60.6667
1032.22	64
1034.54	62.6667
1036.86	74
1039.18	83.3333
1041.5	90.6667
1043.82	97.3333
1046.14	112
1048.45	128
1050.77	136
1053.08	138
1055.4	136.667
1057.71	129.333
1060.02	118.667
1062.33	106.667
1064.64	103.333
1066.96	85.3333
1069.27	86.6667
1071.57	86
1073.88	85.3333
1076.19	84
1078.5	90
1080.8	86.6667
1083.11	94.6667
1085.41	104
1087.72	111.333
1090.02	118
1092.32	120
1094.62	137.333
1096.92	146.667
1099.22	139.333
1101.52	144.667
1103.82	124
1106.12	105.333
1108.42	101.333
1110.71	88
1113.01	80
1115.3	82
1117.6	84
1119.89	77.3333
1122.18	74.6667
1124.48	75.3333
1126.77	74
1129.06	65.3333
1131.35	60.6667
1133.64	68
1135.93	58
1138.21	60
1140.5	60.6667
1142.79	56.6667
1145.07	58.6667
1147.36	58
1149.64	52.6667
1151.92	52.6667
1154.21	53.3333
1156.49	53.3333
1158.77	49.3333
1161.05	48.6667
1163.33	51.3333
1165.61	50
1167.89	49.3333
1170.16	50
1172.44	50
1174.72	42.6667
1176.99	50
1179.27	50
1181.54	51.3333
1183.81	47.3333
1186.09	50
1188.36	44
1190.63	46.6667
1192.9	49.3333
1195.17	46.6667
1197.44	46.6667
1199.71	48
1201.97	47.3333
1204.24	51.3333
1206.5	46
1208.77	52.6667
1211.03	52.6667
1213.3	46.6667
1215.56	52.6667
1217.82	49.3333
1220.09	49.3333
1222.35	49.3333
1224.61	52
1226.87	46
1229.12	53.3333
1231.38	48
1233.64	52
1235.9	52.6667
1238.15	54
1240.41	56.6667
1242.66	54
1244.92	58
1247.17	62.6667
1249.42	55.3333
1251.67	56.6667
1253.92	56
1256.17	62
1258.42	66
1260.67	62.6667
1262.92	65.3333
1265.17	69.3333
1267.42	71.3333
1269.66	79.3333
1271.91	77.3333
1274.15	88
1276.39	94.6667
1278.64	92.6667
1280.88	89.3333
1283.12	88.6667
1285.36	76
1287.6	74.6667
1289.84	74.6667
1292.08	67.3333
1294.32	64.6667
1296.56	66.6667
1298.79	61.3333
1301.03	63.3333
1303.26	63.3333
1305.5	62
1307.73	58.6667
1309.97	54
1312.2	62
1314.43	57.3333
1316.66	58.6667
1318.89	54.6667
1321.12	57.3333
1323.35	56
1325.58	60.6667
1327.81	58.6667
1330.03	54
1332.26	56
1334.49	57.3333
1336.71	59.3333
1338.94	57.3333
1341.16	57.3333
1343.38	60
1345.6	62
1347.83	56
1350.05	54.6667
1352.27	56.6667
1354.49	61.3333
1356.7	57.3333
1358.92	64.6667
1361.14	57.3333
1363.36	60
1365.57	56.6667
1367.79	58.6667
1370	61.3333
1372.21	64
1374.43	65.3333
1376.64	66.6667
1378.85	64.6667
1381.06	68.6667
1383.27	70
1385.48	66
1387.69	65.3333
1389.9	62.6667
1392.11	66.6667
1394.31	71.3333
1396.52	68.6667
1398.73	70.6667
1400.93	68.6667
1403.13	78
1405.34	69.3333
1407.54	75.3333
1409.74	68
1411.94	75.3333
1414.14	77.3333
1416.34	72
1418.54	80.6667
1420.74	82.6667
1422.94	91.3333
1425.14	88
1427.33	88
1429.53	88.6667
1431.72	96
1433.92	90.6667
1436.11	98.6667
1438.3	109.333
1440.5	118
1442.69	122
1444.88	130.667
1447.07	140.667
1449.26	162
1451.45	173.333
1453.64	170.667
1455.82	169.333
1458.01	172
1460.2	165.333
1462.38	154
1464.57	142
1466.75	124.667
1468.93	116
1471.12	112.667
1473.3	105.333
1475.48	104
1477.66	104
1479.84	102.667
1482.02	108.667
1484.2	109.333
1486.38	109.333
1488.55	103.333
1490.73	99.3333
1492.91	88.6667
1495.08	84.6667
1497.26	83.3333
1499.43	73.3333
1501.61	70
1503.78	76.6667
1505.95	75.3333
1508.12	66.6667
1510.29	72
1512.46	68.6667
1514.63	65.3333
1516.8	64
1518.97	62
1521.14	65.3333
1523.3	63.3333
1525.47	63.3333
1527.63	64.6667
1529.8	60
1531.96	58
1534.12	60.6667
1536.29	58
1538.45	62
1540.61	60
1542.77	59.3333
1544.93	64.6667
1547.09	56
1549.25	59.3333
1551.41	54.6667
1553.56	60.6667
1555.72	56.6667
1557.88	57.3333
1560.03	56
1562.18	58.6667
1564.34	54
1566.49	58.6667
1568.64	53.3333
1570.8	60.6667
1572.95	58
1575.1	56.6667
1577.25	56
1579.4	53.3333
1581.55	57.3333
1583.69	55.3333
1585.84	60.6667
1587.99	52
1590.13	50.6667
1592.28	51.3333
1594.42	55.3333
1596.57	53.3333
1598.71	52
1600.85	56.6667
1602.99	54
1605.14	52.6667
1607.28	54.6667
1609.42	50.6667
1611.56	57.3333
1613.69	57.3333
1615.83	53.3333
1617.97	57.3333
1620.11	58
1622.24	54.6667
1624.38	52.6667
1626.51	46
1628.65	54
1630.78	51.3333
1632.91	52
1635.04	50.6667
1637.17	53.3333
1639.31	51.3333
1641.44	54
1643.57	56.6667
1645.69	51.3333
1647.82	54
1649.95	57.3333
1652.08	55.3333
1654.2	52.6667
1656.33	54
1658.45	56.6667
1660.58	51.3333
1662.7	50.6667
1664.82	54
1666.94	56.6667
1669.07	48
1671.19	59.3333
1673.31	57.3333
1675.43	50.6667
1677.55	54.6667
1679.66	50
1681.78	54.6667
1683.9	56.6667
1686.01	52
1688.13	56
1690.25	56.6667
1692.36	56.6667
1694.47	54.6667
1696.59	57.3333
1698.7	56
1700.81	60
1702.92	56
1705.03	52
1707.14	56
1709.25	48
1711.36	54
1713.47	57.3333
1715.58	56
1717.68	52
1719.79	56.6667
1721.89	54.6667
1724	56
1726.1	60.6667
1728.21	58.6667
1730.31	58.6667
1732.41	54.6667
1734.51	52
1736.61	54.6667
1738.71	57.3333
1740.81	53.3333
1742.91	53.3333
1745.01	54.6667
1747.11	61.3333
1749.2	50.6667
1751.3	58
1753.4	55.3333
1755.49	56.6667
1757.59	52.6667
1759.68	52.6667
1761.77	53.3333
1763.86	56
1765.96	54
1768.05	50.6667
1770.14	56
1772.23	48.6667
1774.32	56.6667
1776.41	52.6667
1778.49	56
1780.58	56.6667
1782.67	50.6667
1784.76	45.3333
1786.84	50.6667
1788.92	62
1791.01	48.6667
1793.09	55.3333
1795.18	54
1797.26	50
1799.34	52.6667
1801.42	60
1803.5	52.6667
1805.58	56
1807.66	54
1809.74	54
1811.82	56
1813.89	56.6667
1815.97	54
1818.05	55.3333
1820.12	56
1822.2	54
1824.27	50.6667
1826.34	56.6667
1828.42	53.3333
1830.49	56.6667
1832.56	56
1834.63	54
1836.7	53.3333
1838.77	52.6667
1840.84	57.3333
1842.91	56.6667
1844.98	54.6667
1847.04	54.6667
1849.11	56
1851.18	52.6667
1853.24	55.3333
1855.31	56
1857.37	56
1859.43	59.3333
1861.5	59.3333
1863.56	56.6667
1865.62	52
1867.68	56
1869.74	51.3333
1871.8	58.6667
1873.86	60.6667
1875.92	60
1877.98	60.6667
1880.03	56
1882.09	54.6667
1884.15	59.3333
1886.2	50.6667
1888.26	58
1890.31	62
1892.36	55.3333
1894.42	53.3333
1896.47	56.6667
1898.52	54.6667
1900.57	59.3333
1902.62	55.3333
1904.67	53.3333
1906.72	56
1908.77	54
1910.82	56
1912.86	59.3333
1914.91	52
1916.96	59.3333
1919	57.3333
1921.04	58
1923.09	58.6667
1925.13	58
1927.18	58
1929.22	58.6667
1931.26	60
1933.3	57.3333
1935.34	60
1937.38	58.6667
1939.42	60
1941.46	56.6667
1943.5	54.6667
1945.53	56
1947.57	55.3333
1949.61	54
1951.64	58.6667
1953.68	57.3333
1955.71	56.6667
1957.75	61.3333
1959.78	60.6667
1961.81	60
1963.84	62
1965.87	59.3333
1967.9	57.3333
1969.93	56
1971.96	59.3333
1973.99	53.3333
1976.02	59.3333
1978.05	50
1980.07	59.3333
1982.1	58.6667
1984.13	54
1986.15	57.3333
1988.18	58.6667
1990.2	60
1992.22	61.3333
1994.25	52.6667
1996.27	61.3333
1998.29	52.6667
2000.31	54.6667
2002.33	57.3333
2004.35	58.6667
2006.37	58
2008.39	58
2010.41	56
2012.42	55.3333
2014.44	53.3333
2016.46	57.3333
2018.47	58
2020.49	62.6667
2022.5	58
2024.51	58
2026.53	56.6667
2028.54	57.3333
2030.55	52.6667
2032.56	61.3333
2034.57	60.6667
2036.58	56.6667
2038.59	60
2040.6	60
2042.61	61.3333
2044.62	59.3333
2046.62	58.6667
2048.63	59.3333
2050.64	58
2052.64	64.6667
2054.65	60
2056.65	57.3333
2058.65	61.3333
2060.66	56.6667
2062.66	51.3333
2064.66	60.6667
2066.66	58
2068.66	58.6667
2070.66	56.6667
2072.66	58.6667
2074.66	60
2076.66	59.3333
2078.65	59.3333
2080.65	60
2082.65	58.6667
2084.64	62
2086.64	62.6667
2088.63	57.3333
2090.63	56
2092.62	56.6667
2094.61	56
2096.6	64.6667
2098.59	60.6667
2100.59	58.6667
2102.58	61.3333
2104.56	60
2106.55	61.3333
2108.54	62
2110.53	59.3333
2112.52	56
2114.5	63.3333
2116.49	68
2118.48	61.3333
2120.46	56
2122.44	64.6667
2124.43	61.3333
2126.41	62.6667
2128.39	62.6667
2130.38	56.6667
2132.36	62
2134.34	56
2136.32	62
2138.3	58
2140.28	60.6667
2142.26	60
2144.23	60.6667
2146.21	60.6667
2148.19	60.6667
2150.16	64.6667
2152.14	60.6667
2154.11	55.3333
2156.09	58
2158.06	55.3333
2160.04	62
2162.01	58.6667
2163.98	64
2165.95	54
2167.92	61.3333
2169.89	56.6667
2171.86	65.3333
2173.83	60.6667
2175.8	57.3333
2177.77	58
2179.73	66
2181.7	62
2183.67	58.6667
2185.63	59.3333
2187.6	62
2189.56	64.6667
2191.53	62
2193.49	64
2195.45	60
2197.41	56
2199.37	58.6667
2201.34	65.3333
2203.29	62
2205.26	59.3333
2207.21	58.6667
2209.17	60.6667
2211.13	58.6667
2213.09	61.3333
2215.05	62.6667
2217	63.3333
2218.96	58.6667
2220.91	66
2222.87	64
2224.82	64
2226.77	60.6667
2228.73	61.3333
2230.68	64
2232.63	62
2234.58	64
2236.53	64
2238.48	65.3333
2240.43	59.3333
2242.38	64
2244.33	58
2246.27	68
2248.22	61.3333
2250.17	65.3333
2252.11	61.3333
2254.06	61.3333
2256	64
2257.95	67.3333
2259.89	62
2261.84	62
2263.78	64
2265.72	66.6667
2267.66	59.3333
2269.6	65.3333
2271.54	65.3333
2273.48	63.3333
2275.42	60.6667
2277.36	66
2279.3	70
2281.23	65.3333
2283.17	62.6667
2285.11	60.6667
2287.04	64.6667
2288.98	62
2290.91	50.6667
2292.84	68
2294.78	65.3333
2296.71	67.3333
2298.64	58
2300.57	63.3333
2302.51	64
2304.44	60
2306.37	62
2308.29	68.6667
2310.22	59.3333
2312.15	63.3333
2314.08	61.3333
2316.01	63.3333
2317.93	61.3333
2319.86	66
2321.78	64.6667
2323.71	63.3333
2325.63	64.6667
2327.56	69.3333
2329.48	63.3333
2331.4	61.3333
2333.32	63.3333
2335.25	63.3333
2337.17	62
2339.09	64.6667
2341.01	60.6667
2342.92	62.6667
2344.84	58
2346.76	64.6667
2348.68	62.6667
2350.6	60
2352.51	66
2354.43	60
2356.34	64.6667
2358.26	66
2360.17	64.6667
2362.09	65.3333
2364	69.3333
2365.91	62.6667
2367.82	66
2369.73	64.6667
2371.64	61.3333
2373.55	65.3333
2375.46	62.6667
2377.37	61.3333
2379.28	65.3333
2381.19	63.3333
2383.1	63.3333
2385	62.6667
2386.91	65.3333
2388.82	68.6667
2390.72	62
2392.62	59.3333
2394.53	66
2396.43	64
2398.33	66.6667
2400.24	67.3333
2402.14	60
2404.04	66.6667
2405.94	67.3333
2407.84	68
2409.74	66.6667
2411.64	62.6667
2413.54	62.6667
2415.44	67.3333
2417.33	60.6667
2419.23	66
2421.13	69.3333
2423.02	56.6667
2424.92	67.3333
2426.81	60.6667
2428.71	66.6667
2430.6	64.6667
2432.49	70
2434.38	63.3333
2436.28	68.6667
2438.17	64.6667
2440.06	62
2441.95	67.3333
2443.84	72.6667
2445.73	64
