188.706	393.333
191.305	383.333
193.902	357.778
196.499	351.111
199.096	340.222
201.69	327.333
204.284	328.222
206.877	322.222
209.47	313.333
212.062	302.444
214.652	297.778
217.242	293.333
219.83	290
222.419	280.222
225.005	277.556
227.592	278
230.177	265.111
232.762	265.556
235.345	257.111
237.928	264.667
240.509	259.556
243.09	258.889
245.671	259.333
248.249	248.222
250.829	249.333
253.405	252.222
255.983	249.556
258.558	246.444
261.132	246.222
263.707	248
266.28	244.667
268.852	237.778
271.424	238.889
273.994	233.778
276.564	236.667
279.133	243.111
281.701	238
284.268	227.333
286.835	236.444
289.4	237.111
291.964	239.111
294.527	236.444
297.091	237.778
299.653	233.778
302.214	232.889
304.774	230.222
307.334	235.556
309.892	235.111
312.45	227.111
315.006	223.111
317.562	224
320.118	230.667
322.672	222.444
325.225	227.111
327.778	231.778
330.329	223.333
332.88	231.778
335.43	221.778
337.978	224.222
340.528	223.778
343.075	227.556
345.622	224.667
348.167	226.444
350.712	224
353.256	229.556
355.799	227.556
358.341	223.778
360.883	229.778
363.423	230
365.963	232.222
368.502	226.889
371.04	225.556
373.577	232.444
376.114	228.667
378.649	227.111
381.184	232.889
383.718	235.111
386.251	231.556
388.783	230.889
391.314	232
393.844	244.889
396.373	233.778
398.902	241.111
401.43	233.778
403.957	240
406.484	237.111
409.009	240.444
411.534	240.889
414.057	242.889
416.58	243.111
419.102	230.444
421.624	240.444
424.144	235.778
426.663	234.222
429.181	233.111
431.7	234.222
434.217	230.222
436.732	232
439.248	230.444
441.763	229.556
444.277	232.444
446.788	235.111
449.301	233.333
451.812	232.889
454.322	236.444
456.831	230.444
459.341	234.889
461.847	228.889
464.355	231.778
466.861	224.222
469.366	227.333
471.871	222.889
474.374	230.444
476.877	234.667
479.378	231.111
481.88	229.778
484.381	234
486.879	236
489.379	233.778
491.876	232
494.373	232
496.869	229.778
499.365	234
501.858	237.333
504.353	227.333
506.845	236.222
509.338	224.889
511.828	236.222
514.319	225.778
516.808	238
519.296	231.333
521.785	236
524.272	230
526.759	230.444
529.244	237.778
531.728	231.556
534.212	236.667
536.695	235.333
539.178	231.333
541.659	240.667
544.139	232.444
546.619	232.444
549.098	237.556
551.575	238
554.052	234.444
556.529	236.667
559.005	238.222
561.479	240.222
563.953	245.556
566.427	241.333
568.899	240.667
571.37	241.556
573.84	242.667
576.311	249.333
578.78	250.889
581.248	250.222
583.715	255.333
586.181	262.667
588.647	265.778
591.113	274
593.577	280.222
596.04	302.444
598.503	327.333
600.964	370
603.425	450
605.885	593.111
608.344	687.556
610.803	653.333
613.26	540.444
615.718	425.778
618.174	364.222
620.63	314.222
623.084	292.667
625.538	279.778
627.99	277.111
630.443	265.778
632.894	257.556
635.344	245.111
637.792	258.444
640.241	251.111
642.689	244.667
645.137	243.556
647.583	246.444
650.029	234.222
652.474	241.111
654.918	244
657.361	243.333
659.804	235.778
662.246	242.222
664.685	232.444
667.125	236
669.565	241.778
672.003	236.444
674.441	242.889
676.877	233.333
679.313	239.556
681.749	240.667
684.183	238.667
686.617	241.556
689.049	242.667
691.481	231.111
693.913	232.889
696.342	239.111
698.772	239.778
701.201	230.667
703.63	234.889
706.056	232.889
708.483	230.889
710.909	233.778
713.333	230.667
715.758	237.111
718.18	232.222
720.603	235.778
723.025	234.889
725.445	239.333
727.866	230.889
730.284	225.556
732.703	227.333
735.122	236
737.538	225.778
739.955	227.111
742.369	222.667
744.784	225.556
747.197	230.444
749.611	222.667
752.023	224.667
754.435	231.778
756.845	220.444
759.255	223.333
761.664	224.222
764.071	228.667
766.48	225.778
768.886	228.889
771.292	225.778
773.697	236.444
776.102	224.222
778.505	233.778
780.907	233.111
783.31	228.667
785.711	229.778
788.111	234.444
790.511	229.333
792.91	234.222
795.308	238.444
797.706	242.444
800.102	243.778
802.497	248.889
804.892	254.667
807.287	247.333
809.68	245.556
812.072	236.444
814.464	241.556
816.855	239.111
819.246	241.556
821.635	229.111
824.024	230.222
826.412	228.222
828.799	235.333
831.186	226.889
833.572	236
835.956	237.556
838.34	243.111
840.723	247.333
843.106	251.778
845.487	257.556
847.868	263.333
850.248	272.444
852.628	286.222
855.006	275.556
857.384	278
859.761	254.667
862.138	246.222
864.513	239.111
866.888	243.111
869.262	232.667
871.636	228.667
874.008	231.556
876.38	226.444
878.751	230.444
881.121	223.111
883.491	229.556
885.86	223.333
888.228	226.667
890.595	223.778
892.962	221.111
895.327	228.667
897.691	227.333
900.055	226.444
902.419	231.333
904.782	222.444
907.144	229.778
909.505	219.556
911.864	222.444
914.224	225.556
916.583	227.556
918.941	224.889
921.298	219.333
923.654	222.222
926.01	222
928.366	230
930.719	231.111
933.073	225.111
935.426	234.667
937.777	236
940.129	229.778
942.479	234.667
944.828	233.111
947.178	230
949.526	242.444
951.873	234.222
954.22	241.333
956.565	244
958.911	249.333
961.254	248
963.598	260.222
965.942	270.222
968.283	283.556
970.625	300.444
972.965	323.333
975.305	373.333
977.644	474.444
979.983	668.222
982.32	891.333
984.657	1226.89
986.993	1229.56
989.327	2199.56
991.663	7129.56
993.996	10194.9
996.33	6106.22
998.662	2629.11
1000.99	1316
1003.32	786.444
1005.65	541.111
1007.98	482.889
1010.31	431.111
1012.64	388.889
1014.97	372.444
1017.29	371.778
1019.62	386.889
1021.94	409.778
1024.27	439.333
1026.59	481.778
1028.91	513.111
1031.24	556
1033.56	589.111
1035.88	615.111
1038.2	637.333
1040.51	640.889
1042.83	611.333
1045.15	531.778
1047.47	469.333
1049.78	391.333
1052.1	356.444
1054.41	323.333
1056.73	311.778
1059.04	292.222
1061.35	279.778
1063.66	278
1065.97	275.333
1068.28	270.889
1070.59	267.778
1072.9	275.556
1075.21	263.778
1077.52	268.889
1079.82	265.778
1082.13	269.333
1084.43	264.889
1086.74	270.444
1089.04	262.444
1091.34	262.889
1093.65	264.444
1095.95	266.667
1098.25	270.222
1100.55	269.111
1102.85	267.333
1105.14	273.556
1107.44	270.667
1109.74	269.111
1112.03	271.111
1114.33	267.778
1116.62	267.111
1118.92	274
1121.21	269.333
1123.5	269.333
1125.79	270.889
1128.09	265.333
1130.38	269.556
1132.67	273.111
1134.95	269.556
1137.24	264.889
1139.53	276.889
1141.82	272.444
1144.1	281.111
1146.39	279.778
1148.67	286.444
1150.95	287.111
1153.24	296.667
1155.52	298
1157.8	307.778
1160.08	319.333
1162.36	327.778
1164.64	341.778
1166.92	370.222
1169.2	406.889
1171.47	451.556
1173.75	535.778
1176.03	619.556
1178.3	673.556
1180.58	667.778
1182.85	592
1185.12	503.111
1187.39	434.889
1189.66	382
1191.94	348.667
1194.21	316.444
1196.48	292.667
1198.74	284.222
1201.01	273.111
1203.28	261.111
1205.54	261.778
1207.81	250
1210.07	256
1212.34	254
1214.6	250.444
1216.86	250.444
1219.13	242.444
1221.39	246.444
1223.65	232.889
1225.91	242.667
1228.17	237.778
1230.43	239.333
1232.68	227.333
1234.94	234.222
1237.2	226.889
1239.45	225.778
1241.71	228.667
1243.96	223.111
1246.22	223.333
1248.47	235.556
1250.72	227.333
1252.97	223.778
1255.22	229.556
1257.47	225.111
1259.72	226.222
1261.97	224.667
1264.22	226.667
1266.46	223.333
1268.71	225.111
1270.95	224.444
1273.2	226.667
1275.44	220.444
1277.69	225.333
1279.93	224.667
1282.17	222.889
1284.41	224.444
1286.65	229.778
1288.89	226.444
1291.13	223.333
1293.37	216.889
1295.61	217.333
1297.85	221.556
1300.08	217.556
1302.32	221.333
1304.55	224.889
1306.79	224.667
1309.02	227.333
1311.26	224
1313.49	222.667
1315.72	225.778
1317.95	229.778
1320.18	225.778
1322.41	223.556
1324.64	222.889
1326.86	226.222
1329.09	230.444
1331.32	230.889
1333.55	235.556
1335.77	230.444
1337.99	238.444
1340.22	229.556
1342.44	237.333
1344.66	233.556
1346.89	236.889
1349.11	229.111
1351.33	233.778
1353.55	236.667
1355.77	239.111
1357.98	241.778
1360.2	237.556
1362.42	241.556
1364.63	244
1366.85	247.111
1369.06	244.222
1371.28	244
1373.49	243.556
1375.7	249.333
1377.92	251.333
1380.13	246.889
1382.34	243.556
1384.55	248.444
1386.76	239.111
1388.97	246
1391.17	242.222
1393.38	247.333
1395.59	249.111
1397.79	248.889
1400	256.667
1402.2	252.222
1404.41	268
1406.61	276.444
1408.81	278.667
1411.01	276.444
1413.21	262.667
1415.41	268
1417.61	262.889
1419.81	257.556
1422.01	263.556
1424.21	270.444
1426.4	269.778
1428.6	269.333
1430.8	276.889
1432.99	272
1435.18	279.778
1437.38	285.556
1439.57	298.222
1441.76	316.889
1443.95	338.222
1446.14	341.556
1448.33	375.333
1450.52	391.111
1452.71	389.111
1454.9	380.889
1457.09	371.778
1459.27	371.333
1461.46	380.222
1463.64	358
1465.83	372.444
1468.01	362.444
1470.2	369.778
1472.38	360.889
1474.56	355.556
1476.74	349.333
1478.92	340
1481.1	346.444
1483.28	340.444
1485.46	326
1487.64	316.889
1489.81	307.333
1491.99	299.111
1494.16	303.333
1496.34	296.889
1498.51	293.556
1500.69	286.889
1502.86	286.444
1505.03	270.889
1507.21	277.556
1509.38	274.667
1511.55	273.778
1513.72	263.333
1515.89	262.222
1518.05	270.222
1520.22	269.333
1522.39	269.333
1524.55	263.556
1526.72	263.556
1528.88	266.444
1531.05	260.444
1533.21	265.333
1535.37	260.667
1537.54	263.333
1539.7	263.556
1541.86	264.444
1544.02	271.111
1546.18	264
1548.34	264.889
1550.5	273.556
1552.65	276.222
1554.81	279.333
1556.97	276.889
1559.12	282.444
1561.28	287.333
1563.43	284.889
1565.58	295.333
1567.74	308.444
1569.89	318.667
1572.04	328.222
1574.19	353.333
1576.34	373.778
1578.49	398.667
1580.64	432.222
1582.79	480
1584.94	528.667
1587.08	578
1589.23	568.444
1591.37	528.667
1593.52	492
1595.66	432.444
1597.81	404.667
1599.95	402.222
1602.09	422.222
1604.23	457.111
1606.37	481.333
1608.51	488.444
1610.65	457.556
1612.79	413.556
1614.93	371.111
1617.07	346.667
1619.21	314.889
1621.34	311.778
1623.48	290
1625.61	279.333
1627.75	275.333
1629.88	270
1632.01	261.556
1634.15	256.444
1636.28	252
1638.41	241.333
1640.54	238.889
1642.67	237.778
1644.8	237.556
1646.93	243.111
1649.05	233.778
1651.18	238
1653.31	233.111
1655.43	230
1657.56	229.333
1659.68	222
1661.81	228.222
1663.93	220.222
1666.05	227.778
1668.17	222
1670.3	228.444
1672.42	222
1674.54	222.222
1676.66	220.444
1678.77	222.667
1680.89	223.111
1683.01	224.444
1685.13	218.667
1687.24	222.222
1689.36	224.444
1691.47	215.556
1693.59	219.556
1695.7	225.556
1697.81	231.556
1699.92	224.889
1702.04	219.111
1704.15	225.556
1706.26	224.222
1708.37	221.333
1710.47	230.222
1712.58	219.111
1714.69	221.111
1716.8	222.444
1718.9	213.333
1721.01	213.778
1723.11	220.444
1725.22	214.444
1727.32	211.556
1729.42	215.556
1731.53	218.222
1733.63	217.111
1735.73	212
1737.83	212
1739.93	217.111
1742.03	214.667
1744.13	213.778
1746.23	220.667
1748.32	211.556
1750.42	216
1752.52	208.889
1754.61	216
1756.71	210.667
1758.8	210.889
1760.89	215.111
1762.99	213.556
1765.08	211.333
1767.17	224
1769.26	213.778
1771.35	216.222
1773.44	210.222
1775.53	215.333
1777.62	207.556
1779.71	212
1781.79	212.889
1783.88	215.333
1785.96	212.889
1788.05	213.111
1790.13	213.556
1792.22	208.889
1794.3	208
1796.38	214
1798.47	208.889
1800.55	213.556
1802.63	212.222
1804.71	220
1806.79	216.222
1808.87	215.111
1810.95	212
1813.02	211.556
1815.1	213.333
1817.18	216.222
1819.25	209.778
1821.33	214.889
1823.4	212.444
1825.47	211.333
1827.55	210.444
1829.62	216.667
1831.69	212.444
1833.76	210.889
1835.83	206.667
1837.9	206
1839.97	214.667
1842.04	214.222
1844.11	211.333
1846.18	209.778
1848.24	216.889
1850.31	211.778
1852.38	213.111
1854.44	212.444
1856.51	213.333
1858.57	210.444
1860.63	211.333
1862.69	206
1864.76	215.556
1866.82	205.111
1868.88	212.222
1870.94	211.556
1873	209.111
1875.06	205.778
1877.11	211.556
1879.17	204.444
1881.23	210.444
1883.28	209.778
1885.34	208
1887.4	209.111
1889.45	208
1891.5	206.667
1893.56	210
1895.61	209.778
1897.66	210
1899.71	209.333
1901.76	207.556
1903.81	211.111
1905.86	217.556
1907.91	221.333
1909.96	213.111
1912.01	210
1914.05	211.333
1916.1	210.444
1918.15	215.333
1920.19	214
1922.23	210.444
1924.28	206.889
1926.32	210.889
1928.36	210.222
1930.41	213.111
1932.45	215.111
1934.49	213.111
1936.53	214.444
1938.57	213.556
1940.61	212
1942.64	215.556
1944.68	211.111
1946.72	209.111
1948.76	215.778
1950.79	213.333
1952.83	207.778
1954.86	215.778
1956.89	210.889
1958.93	204.667
1960.96	206.444
1962.99	208.222
1965.03	206.444
1967.06	208.222
1969.09	202.889
1971.12	210.667
1973.14	204.222
1975.17	208
1977.2	207.111
1979.23	210.444
1981.25	201.556
1983.28	210.222
1985.31	209.111
1987.33	207.556
1989.36	206.667
1991.38	210.667
1993.4	208.222
1995.42	197.778
1997.45	207.778
1999.47	205.556
2001.49	205.333
2003.51	209.556
2005.53	209.111
2007.55	209.556
2009.56	206.222
2011.58	205.778
2013.6	207.333
2015.61	208.889
2017.63	210.667
2019.65	198.667
2021.66	210.667
2023.67	214.222
2025.69	209.778
2027.7	209.111
2029.71	205.778
2031.72	213.778
2033.73	205.778
2035.74	214.222
2037.75	202.889
2039.76	204.889
2041.77	207.556
2043.78	207.778
2045.79	213.333
2047.79	208.222
2049.8	208.444
2051.8	206
2053.81	202.444
2055.81	206.444
2057.82	214
2059.82	207.556
2061.82	205.333
2063.82	208.444
2065.83	205.778
2067.83	209.778
2069.83	211.333
2071.83	209.111
2073.82	200.222
2075.82	204.444
2077.82	208
2079.82	202.889
2081.81	204.889
2083.81	202.667
2085.8	208.667
2087.8	208.444
2089.79	202
2091.79	203.111
2093.78	203.111
2095.77	200.667
2097.76	200.889
2099.76	206.889
2101.75	196.667
2103.74	200.889
2105.72	205.556
2107.71	201.556
2109.7	203.333
2111.69	206.444
2113.68	202.667
2115.66	205.111
2117.65	206.444
2119.63	200
2121.62	204.444
2123.6	201.333
2125.59	200.222
2127.57	202.222
2129.55	203.778
2131.53	205.556
2133.51	202.222
2135.49	201.556
2137.47	200
2139.45	203.778
2141.43	199.778
2143.41	198.222
2145.39	198.667
2147.36	204
2149.34	202.222
2151.32	192.889
2153.29	198.222
2155.27	201.111
2157.24	202.222
2159.21	203.111
2161.19	200.889
2163.16	199.111
2165.13	198.444
2167.1	187.556
2169.07	204.889
2171.04	199.556
2173.01	202.444
2174.98	195.111
2176.95	195.111
2178.92	200.222
2180.88	198.667
2182.85	202.222
2184.81	198
2186.78	203.111
2188.74	199.778
2190.71	201.556
2192.67	204.444
2194.63	198.222
2196.6	203.556
2198.56	201.778
2200.52	198.444
2202.48	193.556
2204.44	196
2206.4	194.444
2208.36	198.667
2210.32	202.667
2212.28	200.444
2214.23	198.222
2216.19	198.667
2218.14	206.889
2220.1	200.222
2222.05	195.778
2224.01	197.111
2225.96	197.333
2227.91	202
2229.87	197.111
2231.82	190.667
2233.77	192.889
2235.72	196.222
2237.67	197.556
2239.62	202.667
2241.57	196
2243.52	199.778
2245.47	198.889
2247.41	193.333
2249.36	195.333
2251.31	198.667
2253.25	197.556
2255.2	205.111
2257.14	203.111
2259.09	202.667
2261.03	196.889
2262.97	192.444
2264.91	193.111
2266.85	198.889
2268.8	196
2270.74	199.778
2272.68	192.889
2274.61	197.556
2276.55	196.222
2278.49	199.111
2280.43	199.556
2282.37	200.889
2284.3	200
2286.24	196.667
2288.17	198.889
2290.11	197.333
2292.04	194.667
2293.98	199.778
2295.91	208.667
2297.84	211.333
2299.77	201.778
2301.7	206.889
2303.64	198.889
2305.56	197.111
2307.49	190.889
2309.42	198.222
2311.35	194.889
2313.28	194.222
2315.21	187.333
2317.13	192.667
2319.06	192.444
2320.99	198.222
2322.91	198.667
2324.84	191.333
2326.76	193.111
2328.68	191.111
2330.6	189.333
2332.53	197.556
2334.45	190.667
2336.37	193.778
2338.29	194.444
2340.21	194.667
2342.13	198.444
2344.05	194.667
2345.97	197.556
2347.89	196.444
2349.8	197.778
2351.72	198.222
2353.63	193.556
2355.55	198.889
2357.47	192.889
2359.38	196.667
2361.29	186.889
2363.21	195.556
2365.12	196.667
2367.03	191.333
2368.94	189.778
2370.85	189.778
2372.76	187.778
2374.67	188
2376.58	189.111
2378.49	194.889
2380.4	189.556
2382.31	198
2384.21	185.778
2386.12	192.667
2388.03	192.889
2389.93	191.111
2391.84	185.333
2393.74	194
2395.64	189.333
2397.55	186.889
2399.45	187.111
2401.35	185.333
2403.25	189.111
2405.15	190.222
2407.05	183.111
2408.95	187.556
2410.85	191.556
2412.75	186.444
2414.65	189.111
2416.55	186.889
2418.45	186.222
2420.34	187.556
2422.24	190.444
2424.13	191.778
2426.03	192
2427.92	194.444
2429.82	192
2431.71	192.444
2433.6	190.667
2435.49	195.333
2437.39	188.889
2439.28	188
2441.17	190.889
2443.06	196.667
2444.95	193.778
2446.83	189.333
2448.72	196.667
2450.61	196.667
2452.5	199.778
2454.39	198.222
