365.286	1288.23
368.238	1207.07
371.189	1129.8
374.139	1084.33
377.087	1033.93
380.034	1021.69
382.979	1003.91
385.923	969.64
388.866	958.52
391.806	976.615
394.745	964.515
397.684	989.137
400.62	986.137
403.555	949.039
406.49	916.573
409.421	883.101
412.353	855.276
415.282	852.209
418.209	860.07
421.137	854.054
424.062	837.712
426.985	859.436
429.908	873.587
432.829	880.715
435.748	891.21
438.666	896.84
441.583	886.765
444.498	883.872
447.412	871.381
450.324	868.826
453.235	844.27
456.145	842.626
459.052	849.404
461.959	836.693
464.865	837.534
467.769	807.072
470.671	799.152
473.572	793.409
476.471	813.751
479.37	829.635
482.266	843.635
485.162	849.635
488.056	884.412
490.948	895.857
493.839	899.079
496.73	899.546
499.618	874.856
502.505	855.143
505.39	815.411
508.275	789.326
511.157	783.236
514.039	754.485
516.919	751.097
519.798	733.409
522.674	715.019
525.55	700.103
528.425	675.988
531.297	657.587
534.169	673.134
537.039	683.351
539.908	696.662
542.775	706.248
545.642	701.018
548.506	691.093
551.369	682.418
554.231	675.497
557.092	674.582
559.951	696.747
562.808	710.503
565.664	782.303
568.519	888.197
571.373	1098.74
574.225	1323.24
577.076	1480.35
579.925	1428.63
582.773	1280.25
585.62	1116.69
588.466	994.703
591.309	892.076
594.152	796.621
596.993	726.076
599.832	687.558
602.671	654.124
605.508	618.17
608.343	626.926
611.178	605.867
614.011	603.797
616.842	586.9
619.672	605.452
622.501	589.593
625.329	614.023
628.155	628.013
630.98	616.17
633.802	614.866
636.624	626.574
639.445	634.223
642.264	626.751
645.082	614.819
647.898	579.591
650.714	584.29
653.527	580.676
656.34	572.201
659.151	569.864
661.961	570.92
664.769	556.667
667.576	570.042
670.382	560.995
673.186	570.96
675.989	578.84
678.791	588.903
681.591	613.293
684.39	624.676
687.187	622.081
689.983	615.637
692.779	635.663
695.572	630.483
698.363	623.288
701.155	626.755
703.944	618.469
706.733	618.816
709.519	592.266
712.305	585.299
715.089	569.726
717.871	573.854
720.653	569.134
723.433	567.103
726.212	562.059
728.989	562.686
731.765	558.544
734.54	555.805
737.313	541.573
740.085	541.003
742.856	535.376
745.625	530.29
748.394	525.964
751.16	512.17
753.926	517.379
756.689	509.216
759.452	499.96
762.214	511.169
764.974	519.502
767.733	536.02
770.49	542.95
773.246	560.233
776.001	572.818
778.755	574.159
781.507	557.961
784.258	559.227
787.007	550.4
789.756	556.318
792.502	544.23
795.247	529.704
797.992	523.37
800.735	512.996
803.477	524.44
806.217	536.253
808.956	551.401
811.694	571.156
814.43	587.734
817.165	604.775
819.899	607.775
822.631	610.206
825.362	587.218
828.092	565.334
830.82	546.231
833.548	539.12
836.274	524.591
838.998	510.226
841.721	520.149
844.444	508.334
847.165	516.663
849.884	500.151
852.601	494.599
855.318	520.391
858.034	516.534
860.749	511.986
863.461	513.857
866.173	496.165
868.883	509.413
871.592	505.153
874.3	495.183
877.006	501.29
879.712	495.183
882.415	484.744
885.118	484.386
887.819	484.86
890.519	485.26
893.218	479.525
895.914	476.445
898.611	478.809
901.306	474.315
903.999	465.236
906.692	475.24
909.382	469.374
912.072	474.795
914.761	483.12
917.447	484.95
920.133	483.839
922.818	491.479
925.501	497.463
928.183	508.07
930.864	506.885
933.543	505.165
936.221	517.17
938.898	494.767
941.574	498.434
944.248	492.684
946.921	471.419
949.593	472.872
952.263	459.681
954.932	466.165
957.6	450.129
960.267	456.961
962.932	446.804
965.597	447.9
968.26	449.641
970.922	453.423
973.581	452.171
976.241	465.706
978.898	466.293
981.555	491.446
984.21	478.513
986.864	477.889
989.517	478.795
992.169	470.311
994.819	489.587
997.468	484.231
1000.12	489.134
1002.76	491.311
1005.41	512.604
1008.05	548.349
1010.69	548.322
1013.34	533.818
1015.98	542.876
1018.61	528.087
1021.25	519.544
1023.89	518.69
1026.52	515.85
1029.16	527.172
1031.79	537.69
1034.42	549.974
1037.05	569.739
1039.68	579.893
1042.31	617.014
1044.93	643.628
1047.56	686.57
1050.18	744.85
1052.81	820.37
1055.43	924.405
1058.05	1149.48
1060.67	1482.59
1063.28	1929.26
1065.9	2439.59
1068.52	2797.87
1071.13	2837.04
1073.74	2553.24
1076.35	2162.36
1078.96	1751.33
1081.57	1409.35
1084.18	1147.4
1086.79	987.286
1089.39	876.792
1092	798.064
1094.6	744.462
1097.2	711.715
1099.8	685.262
1102.4	658.953
1105	635.076
1107.6	588.948
1110.19	614.726
1112.79	613.342
1115.38	600.37
1117.97	610.329
1120.56	620.511
1123.15	609.162
1125.74	605.468
1128.33	589.958
1130.91	575.154
1133.5	552.023
1136.08	570.579
1138.66	566.268
1141.24	554.684
1143.82	576.286
1146.4	579.841
1148.98	587.24
1151.55	592.81
1154.13	601.359
1156.7	625.717
1159.27	648.527
1161.85	675.349
1164.42	721.47
1166.98	792.85
1169.55	904.026
1172.12	1057.14
1174.68	1131.91
1177.25	1076.94
1179.81	965.581
1182.37	862.739
1184.93	800.129
1187.49	742.761
1190.05	696.698
1192.6	704.115
1195.16	719.832
1197.71	728.417
1200.27	696.183
1202.82	674.92
1205.37	673.927
1207.92	635.881
1210.47	638.838
1213.01	625.623
1215.56	614.893
1218.1	631.724
1220.65	629.301
1223.19	612.44
1225.73	613.329
1228.27	609.684
1230.81	614.351
1233.35	624.965
1235.88	629.351
1238.42	628.912
1240.95	616.392
1243.48	630.859
1246.02	617.826
1248.55	606.65
1251.07	603.768
1253.6	594.342
1256.13	588.522
1258.66	596.359
1261.18	600.633
1263.7	587.187
1266.22	590.525
1268.75	600.281
1271.27	590.232
1273.78	596.34
1276.3	592.827
1278.82	597.618
1281.33	585.514
1283.85	587.037
1286.36	586.912
1288.87	591.42
1291.38	597.754
1293.89	603.907
1296.4	593.787
1298.9	592.61
1301.41	597.165
1303.91	599.477
1306.41	602.276
1308.92	602.543
1311.42	601.454
1313.92	605.954
1316.42	604.935
1318.91	606.326
1321.41	604.118
1323.9	608.757
1326.4	609.132
1328.89	632.028
1331.38	617.25
1333.87	606.378
1336.36	604.139
1338.85	590.072
1341.34	587.757
1343.82	574.908
1346.31	571.451
1348.79	565.774
1351.27	553.575
1353.75	548.525
1356.23	554.436
1358.71	548.489
1361.19	561.032
1363.66	561.592
1366.14	564.497
1368.61	569.436
1371.09	584.258
1373.56	592.263
1376.03	582.386
1378.5	588.431
1380.96	571.164
1383.43	583.208
1385.9	573.88
1388.36	575.239
1390.83	579.15
1393.29	566.511
1395.75	568.311
1398.21	549.795
1400.67	560.2
1403.13	572.091
1405.58	554.022
1408.04	543.386
1410.49	542.565
1412.95	542.454
1415.4	538.632
1417.85	526.832
1420.3	519.432
1422.75	522.489
1425.2	526.126
1427.64	525.913
1430.09	517.343
1432.53	519.766
1434.97	530.749
1437.42	522.41
1439.86	517.068
1442.3	513.877
1444.73	519.082
1447.17	516.21
1449.61	524.787
1452.04	529.099
1454.48	546.655
1456.91	545.477
1459.34	563.988
1461.77	559.766
1464.2	570.655
1466.63	571.543
1469.06	583.085
1471.48	607.041
1473.91	598.21
1476.33	589.485
1478.75	579.921
1481.17	571.152
1483.6	562.53
1486.01	552.374
1488.43	552.93
1490.85	561.152
1493.27	565.218
1495.68	560.974
1498.09	562.691
1500.51	566.041
1502.92	571.762
1505.33	565.896
1507.74	555.913
1510.14	566.157
1512.55	571.082
1514.96	577.624
1517.36	579.682
1519.77	589.246
1522.17	616.771
1524.57	621.624
1526.97	623.882
1529.37	623.135
1531.77	628.944
1534.16	618.281
1536.56	622.575
1538.95	626.664
1541.35	625.166
1543.74	637.397
1546.13	630.833
1548.52	636.298
1550.91	645.009
1553.3	669.944
1555.68	695.85
1558.07	719.049
1560.45	760.926
1562.84	797.85
1565.22	863.481
1567.6	937.206
1569.98	1039.59
1572.36	1153.66
1574.74	1328.71
1577.12	1521.66
1579.49	1678.26
1581.87	1718.44
1584.24	1580.05
1586.61	1387.16
1588.98	1192.94
1591.35	1001.72
1593.72	876.366
1596.09	751.547
1598.46	656.543
1600.82	606.497
1603.19	572.454
1605.55	536.104
1607.92	519.346
1610.28	487.747
1612.64	472.058
1615	456.832
1617.36	443.328
1619.71	406.393
1622.07	400.787
1624.42	380.298
1626.78	374.882
1629.13	358.836
1631.48	348.293
1633.83	339.686
1636.18	336.962
1638.53	332.03
1640.88	317.36
1643.22	313.844
1645.57	309.89
1647.91	297.071
1650.26	293.651
1652.6	290.507
1654.94	282.01
1657.28	280.464
1659.62	270.522
1661.96	260.914
1664.29	264.878
1666.63	247.936
1668.96	244.201
1671.3	243.145
1673.63	236.613
1675.96	227.056
1678.29	224.503
1680.62	220.24
1682.95	216.352
1685.27	215.744
1687.6	212.717
1689.92	206.775
1692.25	211.254
1694.57	207
1696.89	209.228
1699.21	200.677
1701.53	204.254
1703.85	203.811
1706.17	195.484
1708.48	199.894
1710.8	199.562
1713.11	198.121
1715.43	187.064
1717.74	186.67
1720.05	187.633
1722.36	183.834
1724.67	178.3
1726.97	184.454
1729.28	183.522
1731.59	177.744
1733.89	177.144
1736.19	179.708
1738.5	171.842
1740.8	179.34
1743.1	171.752
1745.4	171.536
1747.7	171.24
1749.99	172.179
1752.29	163.232
1754.58	166.486
1756.88	165.375
1759.17	164.623
1761.46	158.086
1763.75	159.876
1766.04	162.734
1768.33	156.078
1770.62	165.654
1772.91	156.068
1775.19	149.7
1777.48	146.529
1779.76	153.551
1782.04	146.348
1784.32	141.517
1786.6	143.864
1788.88	149.24
1791.16	142.895
1793.44	143.144
1795.71	146.929
1797.99	150.744
1800.26	134.383
1802.54	146.091
1804.81	148.401
1807.08	144.314
1809.35	140.04
1811.62	142.744
1813.88	143.232
1816.15	136.53
1818.42	142.604
1820.68	140
1822.95	137.818
1825.21	137.974
1827.47	137.486
1829.73	137.389
1831.99	136.855
1834.25	132.677
1836.51	136.321
1838.76	133.095
1841.02	137.223
1843.27	137.317
1845.52	133.493
1847.78	132.078
1850.03	137.229
1852.28	135.299
1854.53	132.934
1856.78	129.156
1859.02	134.834
1861.27	123.712
1863.51	122.254
1865.76	135.073
1868	129.987
1870.24	128.209
1872.48	128.01
1874.72	121.56
1876.96	127.599
1879.2	124.04
1881.44	126.654
1883.67	123.756
1885.91	121.589
1888.14	120.204
1890.37	124.321
1892.61	123.095
1894.84	117.537
1897.07	122.478
1899.29	118.51
1901.52	125.873
1903.75	122.773
1905.97	113.167
1908.2	114.753
1910.42	119.784
1912.64	117.189
1914.87	118.543
1917.09	118.314
1919.31	112.633
1921.52	122.539
1923.74	124.04
1925.96	110.712
1928.17	112.098
1930.39	114.317
1932.6	115.678
1934.81	114.543
1937.03	113.645
1939.24	120.189
1941.45	112.509
1943.65	114.271
1945.86	116.098
1948.07	111.379
1950.27	113.095
1952.48	110.957
1954.68	109.864
1956.88	106.267
1959.08	105.753
1961.29	111.68
1963.48	105.587
1965.68	102.595
1967.88	107.143
1970.08	102.064
1972.27	108.209
1974.47	108.826
1976.66	106.7
1978.85	110.004
1981.04	106.551
1983.23	104.819
1985.42	105.984
1987.61	109.876
1989.8	104.819
1991.99	108.811
1994.17	102.144
1996.36	102.633
1998.54	104.765
2000.72	102.432
2002.9	104.071
2005.08	103.987
2007.26	101.98
2009.44	101.587
2011.62	103.34
2013.8	103.343
2015.97	100.144
2018.15	97.0063
2020.32	97.6539
2022.49	100.813
2024.66	96.2555
2026.83	98.7066
2029	95.7153
2031.17	100.478
2033.34	96.3338
2035.51	99.3819
2037.67	97.5428
2039.84	100.884
2042	95.4316
2044.16	93.9803
2046.32	100.522
2048.48	93.2094
2050.64	92.6622
2052.8	94.6008
2054.96	92.4316
2057.12	90.5428
2059.27	87.5221
2061.43	94.0333
2063.58	93.5293
2065.73	90.1174
2067.89	94.1528
2070.04	91.7
2072.19	91.632
2074.34	88.0417
2076.48	96.2025
2078.63	89.4316
2080.78	85.3289
2082.92	89.1612
2085.07	88.0914
2087.21	83.0333
2089.35	83.5392
2091.49	88.3289
2093.63	86.9341
2095.77	86.5889
2097.91	90.2404
2100.05	93.5209
2102.19	91.3819
2104.32	88.476
2106.45	83.1528
2108.59	86.151
2110.72	95.7733
2112.85	94.375
2114.98	92.6199
2117.11	95.8094
2119.24	97.7432
2121.37	92.731
2123.5	95.2555
2125.62	99.765
2127.75	101.317
2129.87	102.806
2131.99	95.5428
2134.11	95.9306
2136.24	99.411
2138.36	97.2178
2140.47	99.0947
2142.59	98.6008
2144.71	87.1427
2146.83	89.8094
2148.94	88.086
2151.06	83.731
2153.17	89.5221
2155.28	92.9375
2157.39	86.5392
2159.5	84.4316
2161.61	84.8725
2163.72	80.1972
2165.83	83.1174
2167.94	86.8725
2170.04	86.9375
2172.15	83.3819
2174.25	81.6008
2176.35	81.9803
2178.45	82.2094
2180.56	80.1597
2182.66	77.2555
2184.75	77.765
2186.85	79.086
2188.95	83.6469
2191.05	80.0063
2193.14	80.8058
2195.24	83.2724
2197.33	84.0333
2199.42	81.4281
2201.51	87.8194
2203.6	92.7597
2205.69	96.2058
2207.78	110.539
2209.87	124.767
2211.96	140.365
2214.04	177.471
2216.13	216.851
2218.21	256.71
2220.29	298.077
2222.38	330.812
2224.46	328.767
2226.54	310.307
2228.62	267.962
2230.69	233.454
2232.77	210.645
2234.85	176.091
2236.92	145.945
2239	123.086
2241.07	119.708
2243.15	109.336
2245.22	102.107
2247.29	90.3649
2249.36	92.249
2251.43	88.2675
2253.49	78.5972
2255.56	76.2094
2257.63	72.4194
2259.69	73.3649
2261.76	66.7083
2263.82	69.1444
2265.88	68.2094
2267.95	64.8194
2270.01	66.2252
2272.07	66.0417
2274.12	62.4247
2276.18	64.7614
2278.24	61.9872
2280.3	61.086
2282.35	63.6008
2284.41	62.8725
2286.46	62.4778
2288.51	58.8638
2290.56	61.0947
2292.61	58.7614
2294.66	56.5802
2296.71	59.7614
2298.76	63.1444
2300.8	59.9872
2302.85	54.8094
2304.9	55.4897
2306.94	61.0896
2308.98	59.1824
2311.03	56.5972
2313.07	54.3083
2315.11	54.5428
2317.15	57.8111
2319.19	56.375
2321.22	60.6503
2323.26	55.3666
2325.3	53.3169
2327.33	54.6452
2329.36	57.0983
2331.4	54.7083
2333.43	58.8725
2335.46	54.4281
2337.49	55.4861
2339.52	53.4543
2341.55	55.3169
2343.58	54.0452
2345.6	56.4316
2347.63	67.3666
2349.65	57.5889
2351.68	54.2058
2353.7	57.4844
2355.72	53.3169
2357.74	47.1391
2359.76	54.4316
2361.78	51.3786
2363.8	53.4778
2365.82	50.8111
2367.84	49.2058
2369.85	47.7083
2371.87	50.9222
2373.88	50.5392
2375.9	48.6008
2377.91	46.3666
2379.92	47.6622
2381.93	50.1444
2383.94	49.9872
2385.95	51.2094
2387.96	51.8194
2389.96	49.2094
2391.97	47.9956
2393.97	47.6503
2395.98	45.9836
2397.98	43.9341
2399.98	46.9306
2401.98	42.6539
2403.99	47.1528
2405.99	44.2058
2407.98	44.5374
2409.98	45.7733
2411.98	48.2935
2413.98	42.7733
2415.97	43.9956
2417.96	42.2321
2419.96	45.3205
2421.95	42.8725
2423.94	45.0947
2425.93	41.7
2427.92	42.0983
2429.91	43.8761
2431.9	40.3649
2433.89	39.0417
2435.87	43.765
2437.86	41.0316
2439.84	43.0983
2441.83	37.2555
2443.81	38.6235
2445.79	37.2178
2447.77	38.7563
2449.75	40.4778
2451.73	41.4861
2453.71	37.8761
2455.69	40.5972
2457.67	38.3205
2459.64	33.8194
2461.62	39.6539
2463.59	38.0417
2465.56	33.2639
2467.54	37.6503
2469.51	38.5392
2471.48	39.3118
2473.45	34.4861
2475.42	41.8264
2477.38	38.5889
2479.35	36.3118
2481.32	36.6416
2483.28	39.6503
2485.25	36.731
2487.21	37.1427
2489.17	38.1528
2491.13	36.2538
2493.09	33.3136
2495.05	33.8194
2497.01	33.4724
2498.97	35.765
2500.93	37.7614
2502.89	38.0983
2504.84	35.9956
2506.8	34.6042
2508.75	32.823
2510.7	35.0417
2512.65	35.1444
2514.61	35.5392
2516.56	33.3666
2518.51	32.8725
2520.45	31.4931
2522.4	33.6947
2524.35	35.6622
2526.29	33.4247
2528.24	30.8761
2530.18	32.9872
2532.13	38.3289
2534.07	35.6503
2536.01	36.9306
2537.95	34.0333
2539.89	38.1444
2541.83	32.2639
2543.77	34.5428
2545.71	34.2058
2547.64	33.3169
2549.58	32.5511
2551.51	35.4281
2553.45	33.8844
2555.38	32.2058
2557.31	34.8844
2559.25	34.0452
2561.18	31.3819
2563.11	29.6008
2565.03	31.44
2566.96	31.8844
2568.89	31.8264
2570.82	31.9872
2572.74	29.823
2574.67	27.2321
2576.59	26.1528
2578.51	27.44
2580.43	26.9222
2582.36	29.9836
2584.28	30.9836
2586.2	30.5889
2588.11	27.8761
2590.03	29.8844
2591.95	27.3289
2593.86	30.44
2595.78	29.2094
2597.69	26.9375
2599.61	32.765
2601.52	29.9956
2603.43	27.9956
2605.34	28.0452
2607.25	30.5428
2609.16	29.2094
2611.07	30.5511
2612.98	21.3289
2614.89	27.673
2616.79	28.765
2618.7	29.5392
2620.6	25.7733
2622.5	26.9956
2624.41	25.4897
2626.31	25.7083
2628.21	25.7119
2630.11	29.765
2632.01	29.6452
2633.91	30.0417
2635.8	31.9836
2637.7	32.7153
2639.6	27.2094
2641.49	27.8725
2643.39	29.6539
2645.28	32.3205
2647.17	36.3205
2649.06	30.5428
2650.95	31.5428
2652.84	34.3205
2654.73	31.2094
2656.62	31.9306
2658.51	28.4316
2660.4	30.7153
2662.28	28.6539
2664.17	28.5428
2666.05	30.0947
2667.93	37.0486
2669.82	43.9872
2671.7	54.3205
2673.58	63.0983
2675.46	78.0983
2677.34	70.3568
2679.21	63.3666
2681.09	63.2639
2682.97	70.2999
2684.84	61.2094
2686.72	50.7597
2688.59	57.0947
2690.47	56.4543
2692.34	92.086
2694.21	181.321
2696.08	370.419
2697.95	355.977
2699.82	203.673
2701.69	120.426
2703.56	65.4316
2705.42	64.6539
2707.29	47.9872
2709.15	37.5428
2711.02	33.6982
2712.88	29.7733
2714.75	28.8761
2716.61	26.4316
2718.47	24.7
2720.33	21.4778
2722.19	25.2178
2724.05	23.0452
2725.9	22.8725
2727.76	21.9341
2729.62	22.2178
2731.47	22.4897
2733.33	22.9956
2735.18	24.8761
2737.03	24.6539
2738.88	23.5511
2740.73	22.9872
2742.59	23.758
2744.43	19.6008
2746.28	24.4316
2748.13	21.3169
2749.98	22.8058
2751.82	20.9956
2753.67	20.6622
2755.51	22.2178
2757.36	21.3169
2759.2	22.6622
2761.04	20.3819
2762.88	19.9956
