176.817	705.333
179.42	697.333
182.022	705.778
184.622	687.111
187.223	687.778
189.821	676.222
192.419	682.889
195.017	686.667
197.612	686.444
200.208	675.111
202.802	688
205.397	691.111
207.99	695.556
210.581	691.556
213.173	693.111
215.762	689.778
218.352	694.889
220.94	703.111
223.528	694.889
226.114	712.222
228.701	698.444
231.285	703.333
233.87	715.111
236.452	705.333
239.034	727.556
241.616	720.222
244.196	720
246.777	738.667
249.355	729.556
251.933	729.556
254.511	728.444
257.086	731.111
259.663	740.667
262.237	740.222
264.81	735.778
267.383	738.222
269.955	721.111
272.525	730
275.097	727.333
277.665	717.556
280.234	712.445
282.802	700.222
285.368	706.444
287.934	705.111
290.499	698.444
293.064	690.444
295.627	702.222
298.189	699.778
300.75	710.444
303.312	702.444
305.871	694
308.43	696.667
310.988	695.333
313.545	682
316.101	679.778
318.658	682.222
321.212	673.778
323.766	663.333
326.319	664.444
328.871	664
331.422	668.889
333.972	669.111
336.522	675.111
339.072	658
341.619	679.556
344.166	676
346.712	670
349.258	680.222
351.802	674.889
354.346	667.111
356.888	687.111
359.43	681.333
361.971	675.778
364.511	681.556
367.051	676.667
369.589	678.222
372.127	692
374.664	692.667
377.2	707.556
379.735	729.333
382.27	722.889
384.802	700.889
387.334	686.667
389.866	676.222
392.397	678.444
394.927	676.889
397.457	679.778
399.985	686.444
402.513	662.889
405.038	685.111
407.565	676.222
410.09	683.778
412.614	681.778
415.138	680
417.66	679.778
420.181	685.556
422.702	677.556
425.222	678
427.742	700
430.259	693.111
432.777	685.778
435.294	699.111
437.81	709.556
440.324	702.667
442.838	697.333
445.352	699.778
447.863	695.556
450.375	688.222
452.887	686
455.395	693.556
457.905	705.333
460.414	695.111
462.92	705.111
465.427	694.889
467.932	701.111
470.438	701.556
472.942	704.444
475.445	682.444
477.948	694.667
480.448	693.556
482.95	704.889
485.449	693.556
487.949	698.222
490.446	700.444
492.944	700.222
495.44	705.111
497.937	698.889
500.431	712.667
502.926	709.556
505.418	697.556
507.912	703.111
510.403	696
512.894	702.667
515.384	712
517.874	711.333
520.361	721.556
522.848	710.889
525.336	705.333
527.821	696.222
530.306	705.333
532.791	689.778
535.274	688.444
537.756	680.667
540.238	693.778
542.719	702
545.199	695.778
547.679	692.222
550.157	691.556
552.634	697.333
555.112	696.667
557.588	698.889
560.063	694
562.537	705.333
565.011	702
567.484	709.778
569.955	708.889
572.426	700.444
574.896	701.111
577.367	697.333
579.835	717.111
582.303	699.556
584.77	697.556
587.236	708.667
589.701	702.889
592.165	706.889
594.629	689.555
597.093	712.667
599.555	703.556
602.016	685.778
604.477	702.667
606.936	714.889
609.395	696.889
611.853	703.556
614.311	705.111
616.767	710.889
619.223	702.667
621.678	722.222
624.132	715.556
626.585	713.556
629.037	723.778
631.489	719.556
633.94	708
636.39	726.889
638.839	730.222
641.288	728.444
643.736	717.556
646.183	721.111
648.627	732.444
651.073	722.222
653.517	728.889
655.961	719.111
658.404	724.222
660.846	724.222
663.288	730.222
665.727	721.556
668.167	714.222
670.606	707.111
673.044	711.778
675.482	716.667
677.917	729.333
680.353	713.111
682.788	725.333
685.222	726.444
687.655	732.222
690.087	728.222
692.519	725.333
694.951	734.667
697.38	720.667
699.809	723.111
702.238	726.667
704.665	730.889
707.092	746.222
709.519	742.444
711.943	737.111
714.368	750.444
716.791	747.556
719.214	744.444
721.637	738
724.058	739.333
726.479	738.667
728.898	724
731.317	733.111
733.734	731.556
736.152	722
738.568	728.667
740.985	714.445
743.399	739.778
745.814	708.444
748.227	719.778
750.64	728.889
753.051	742.444
755.463	730.444
757.872	728.889
760.283	732.667
762.691	727.556
765.098	724.222
767.506	731.778
769.912	726.222
772.318	732.889
774.722	733.333
777.126	731.778
779.53	739.555
781.932	752.889
784.333	736.445
786.735	730.667
789.135	745.333
791.533	738
793.933	759.111
796.33	744.444
798.727	746.667
801.123	746.667
803.519	750
805.913	753.778
808.307	754.222
810.699	764
813.093	759.556
815.484	747.778
817.874	758.444
820.264	757.333
822.653	748.667
825.041	738
827.43	751.778
829.817	733.333
832.203	751.556
834.588	751.556
836.972	758.222
839.356	755.778
841.738	760.889
844.12	755.556
846.502	771.111
848.882	759.111
851.262	753.778
853.641	750
856.02	760.445
858.397	755.111
860.774	768.444
863.15	776.444
865.525	772
867.9	767.556
870.273	780.889
872.646	780.889
875.019	771.556
877.39	770.667
879.761	768.667
882.131	772.667
884.5	778.444
886.869	769.333
889.236	771.111
891.602	785.556
893.968	781.778
896.334	770.667
898.698	777.778
901.062	776
903.426	766.444
905.787	774
908.148	764.667
910.509	761.778
912.87	757.111
915.228	751.778
917.587	754.444
919.945	769.111
922.302	750.444
924.657	752.222
927.013	745.333
929.368	749.333
931.721	756.889
934.074	763.111
936.427	764.222
938.778	763.333
941.129	758.667
943.479	768
945.828	744
948.177	764.889
950.524	765.778
952.871	769.556
955.218	765.111
957.563	764.222
959.908	764
962.252	765.111
964.595	760.444
966.937	783.333
969.28	781.778
971.62	776.444
973.961	765.778
976.3	776.889
978.639	780.667
980.976	754.889
983.314	754
985.65	764
987.987	767.111
990.321	766.444
992.655	771.556
994.989	783.778
997.321	781.111
999.653	783.556
1001.98	782.889
1004.31	780.444
1006.65	774.444
1008.97	766.222
1011.3	771.333
1013.63	771.556
1015.96	771.111
1018.28	760.667
1020.61	771.556
1022.93	778.444
1025.26	761.111
1027.58	783.778
1029.9	784.444
1032.22	775.556
1034.54	785.778
1036.86	786
1039.18	781.111
1041.5	766.222
1043.82	784
1046.14	791.556
1048.45	781.333
1050.77	784.889
1053.08	788.444
1055.4	799.333
1057.71	797.111
1060.02	797.111
1062.33	792.444
1064.64	794.889
1066.96	797.778
1069.27	804
1071.57	800.889
1073.88	801.778
1076.19	806.667
1078.5	797.778
1080.8	821.778
1083.11	816.889
1085.41	824.667
1087.72	825.111
1090.02	840.889
1092.32	869.556
1094.62	872.222
1096.92	900.444
1099.22	894.222
1101.52	875.556
1103.82	857.778
1106.12	872.889
1108.42	869.556
1110.71	883.333
1113.01	891.111
1115.3	888.444
1117.6	903.111
1119.89	906.444
1122.18	905.111
1124.48	914
1126.77	909.111
1129.06	904
1131.35	899.778
1133.64	901.556
1135.93	883.778
1138.21	885.556
1140.5	893.778
1142.79	909.111
1145.07	906.889
1147.36	916.444
1149.64	934.667
1151.92	940.444
1154.21	927.556
1156.49	949.778
1158.77	926.889
1161.05	930.445
1163.33	936.222
1165.61	932
1167.89	930
1170.16	921.778
1172.44	914.444
1174.72	932.444
1176.99	921.778
1179.27	912.222
1181.54	920.222
1183.81	917.778
1186.09	920.222
1188.36	937.778
1190.63	931.111
1192.9	933.333
1195.17	937.111
1197.44	926.667
1199.71	935.111
1201.97	943.111
1204.24	940.222
1206.5	936.667
1208.77	946.667
1211.03	963.111
1213.3	964
1215.56	964
1217.82	957.778
1220.09	961.333
1222.35	978.222
1224.61	959.111
1226.87	983.556
1229.12	994.444
1231.38	964.889
1233.64	978.222
1235.9	984.444
1238.15	977.333
1240.41	979.111
1242.66	980
1244.92	1004.44
1247.17	971.556
1249.42	1000.67
1251.67	985.556
1253.92	979.111
1256.17	982.222
1258.42	997.111
1260.67	988.889
1262.92	988.222
1265.17	988.444
1267.42	967.556
1269.66	988.444
1271.91	987.333
1274.15	970
1276.39	975.778
1278.64	978.444
1280.88	989.778
1283.12	970.889
1285.36	997.556
1287.6	986.222
1289.84	994
1292.08	1008.67
1294.32	997.778
1296.56	1013.33
1298.79	1003.78
1301.03	1006.22
1303.26	1013.11
1305.5	1000.67
1307.73	994
1309.97	1012.89
1312.2	1012.89
1314.43	997.556
1316.66	998.667
1318.89	990.667
1321.12	991.556
1323.35	970.889
1325.58	988.889
1327.81	984.222
1330.03	979.556
1332.26	982.667
1334.49	987.556
1336.71	978.667
1338.94	988.444
1341.16	982.667
1343.38	980.667
1345.6	988
1347.83	991.111
1350.05	982
1352.27	974
1354.49	988.222
1356.7	968.222
1358.92	977.111
1361.14	978.667
1363.36	973.778
1365.57	980
1367.79	969.556
1370	983.111
1372.21	992
1374.43	989.778
1376.64	977.556
1378.85	978.667
1381.06	989.333
1383.27	974.444
1385.48	964.222
1387.69	958.889
1389.9	956.222
1392.11	936.667
1394.31	951.556
1396.52	945.111
1398.73	953.333
1400.93	948.222
1403.13	942.889
1405.34	931.778
1407.54	945.555
1409.74	939.111
1411.94	941.333
1414.14	950.222
1416.34	932.889
1418.54	949.556
1420.74	962
1422.94	928
1425.14	962.222
1427.33	959.111
1429.53	949.333
1431.72	950
1433.92	970.889
1436.11	955.111
1438.3	970
1440.5	965.111
1442.69	962
1444.88	972
1447.07	988.889
1449.26	993.556
1451.45	1002
1453.64	1023.56
1455.82	1007.11
1458.01	1039.33
1460.2	1034.89
1462.38	1056.67
1464.57	1049.78
1466.75	1064.89
1468.93	1061.11
1471.12	1076
1473.3	1085.78
1475.48	1092
1477.66	1103.33
1479.84	1090
1482.02	1090
1484.2	1084.22
1486.38	1070.22
1488.55	1084.89
1490.73	1094.22
1492.91	1105.56
1495.08	1101.78
1497.26	1097.78
1499.43	1103.11
1501.61	1110.67
1503.78	1128.22
1505.95	1104.89
1508.12	1124.44
1510.29	1125.33
1512.46	1108.22
1514.63	1120.89
1516.8	1136.44
1518.97	1133.33
1521.14	1125.33
1523.3	1128.89
1525.47	1126.89
1527.63	1110.67
1529.8	1122.22
1531.96	1128
1534.12	1151.33
1536.29	1150.67
1538.45	1151.56
1540.61	1144.44
1542.77	1142.67
1544.93	1162.44
1547.09	1167.78
1549.25	1166.89
1551.41	1170.22
1553.56	1182.89
1555.72	1158.22
1557.88	1183.11
1560.03	1178
1562.18	1180.44
1564.34	1177.11
1566.49	1190.89
1568.64	1195.33
1570.8	1202.89
1572.95	1201.56
1575.1	1201.56
1577.25	1200.89
1579.4	1188.22
1581.55	1185.56
1583.69	1208.89
1585.84	1182.89
1587.99	1188.67
1590.13	1185.56
1592.28	1191.11
1594.42	1189.11
1596.57	1168.67
1598.71	1171.11
1600.85	1172.89
1602.99	1150.89
1605.14	1134.89
1607.28	1133.78
1609.42	1116.44
1611.56	1082
1613.69	1084.22
1615.83	1060.22
1617.97	1047.33
1620.11	1039.11
1622.24	1021.33
1624.38	1005.11
1626.51	983.778
1628.65	964.222
1630.78	945.556
1632.91	945.111
1635.04	927.556
1637.17	899.333
1639.31	885.556
1641.44	863.556
1643.57	871.778
1645.69	837.778
1647.82	840.444
1649.95	821.556
1652.08	794.222
1654.2	798
1656.33	791.333
1658.45	784.444
1660.58	777.778
1662.7	788
1664.82	768.667
1666.94	755.556
1669.07	767.778
1671.19	767.111
1673.31	750.444
1675.43	738.889
1677.55	745.556
1679.66	722.444
1681.78	729.111
1683.9	730
1686.01	724.444
1688.13	725.333
1690.25	712
1692.36	708.222
1694.47	711.111
1696.59	702.222
1698.7	712.444
1700.81	696.222
1702.92	700.444
1705.03	707.111
1707.14	702.889
1709.25	694.444
1711.36	696
1713.47	711.778
1715.58	677.111
1717.68	692
1719.79	682.889
1721.89	676.222
1724	676.889
1726.1	678.444
1728.21	669.778
1730.31	660.444
1732.41	670.889
1734.51	666
1736.61	668.889
1738.71	668.444
1740.81	654.667
1742.91	668.889
1745.01	655.333
1747.11	662.444
1749.2	659.556
1751.3	652.889
1753.4	643.556
1755.49	633.556
1757.59	643.556
1759.68	650
1761.77	652
1763.86	638
1765.96	637.111
1768.05	641.556
1770.14	633.333
1772.23	631.778
1774.32	626.667
1776.41	629.111
1778.49	633.556
1780.58	632.667
1782.67	628.889
1784.76	628.667
1786.84	623.333
1788.92	626.667
1791.01	623.556
1793.09	623.778
1795.18	616
1797.26	616.444
1799.34	619.778
1801.42	609.555
1803.5	608.889
1805.58	609.111
1807.66	618.222
1809.74	612.222
1811.82	598.444
1813.89	614
1815.97	616.889
1818.05	603.556
1820.12	611.111
1822.2	604.444
1824.27	607.111
1826.34	612.444
1828.42	617.333
1830.49	599.111
1832.56	598.667
1834.63	592.889
1836.7	602.889
1838.77	605.778
1840.84	596
1842.91	588.222
1844.98	594.667
1847.04	588.222
1849.11	585.556
1851.18	591.778
1853.24	595.111
1855.31	589.111
1857.37	593.778
1859.43	589.778
1861.5	587.556
1863.56	584.444
1865.62	581.333
1867.68	582.667
1869.74	578.889
1871.8	589.111
1873.86	584.222
1875.92	578
1877.98	581.111
1880.03	576
1882.09	573.111
1884.15	583.111
1886.2	572.222
1888.26	565.111
1890.31	569.333
1892.36	575.556
1894.42	571.333
1896.47	563.778
1898.52	573.111
1900.57	569.556
1902.62	583.556
1904.67	569.778
1906.72	554.889
1908.77	574.667
1910.82	580.222
1912.86	564.889
1914.91	566.444
1916.96	572
1919	564.444
1921.04	564
1923.09	562.222
1925.13	562
1927.18	567.778
1929.22	566.889
1931.26	557.111
1933.3	558.667
1935.34	548.445
1937.38	558.222
1939.42	563.556
1941.46	552.444
1943.5	550.222
1945.53	558.222
1947.57	541.556
1949.61	560.889
1951.64	551.778
1953.68	548.667
1955.71	545.111
1957.75	548.222
1959.78	550.444
1961.81	551.333
1963.84	537.333
1965.87	547.111
1967.9	547.111
1969.93	548.667
1971.96	550
1973.99	539.556
1976.02	541.333
1978.05	534.222
1980.07	531.111
1982.1	546.444
1984.13	546.667
1986.15	531.778
1988.18	529.556
1990.2	526
1992.22	535.111
1994.25	539.333
1996.27	532.222
1998.29	540.667
2000.31	533.556
2002.33	525.333
2004.35	534.222
2006.37	533.333
2008.39	526.667
2010.41	525.778
2012.42	539.111
2014.44	535.556
2016.46	527.333
2018.47	536.889
2020.49	526.222
2022.5	520.889
2024.51	519.333
2026.53	525.778
2028.54	524.444
2030.55	526.445
2032.56	542.222
2034.57	542
2036.58	521.111
2038.59	520
2040.6	524.444
2042.61	519.556
2044.62	512.445
2046.62	525.778
2048.63	521.556
2050.64	520.222
2052.64	516.667
2054.65	511.556
2056.65	526.889
2058.65	520.889
2060.66	523.556
2062.66	535.333
2064.66	516
2066.66	521.111
2068.66	519.556
2070.66	523.111
2072.66	519.111
2074.66	513.111
2076.66	514.444
2078.65	515.778
2080.65	514.667
2082.65	510.222
2084.64	510.889
2086.64	512.444
2088.63	505.333
2090.63	504.889
2092.62	505.111
2094.61	521.778
2096.6	512.667
2098.59	514.667
2100.59	515.778
2102.58	516.889
2104.56	512.222
2106.55	518.667
2108.54	511.111
2110.53	518.444
2112.52	523.333
2114.5	530
2116.49	535.111
2118.48	548
2120.46	552
2122.44	553.333
2124.43	556.222
2126.41	560.889
2128.39	557.556
2130.38	563.333
2132.36	579.556
2134.34	566.222
2136.32	561.111
2138.3	562.667
2140.28	553.333
2142.26	546
2144.23	548.222
2146.21	540.667
2148.19	534.444
2150.16	537.111
2152.14	531.555
2154.11	531.111
2156.09	526.889
2158.06	526.444
2160.04	530.444
2162.01	536.222
2163.98	533.778
2165.95	523.333
2167.92	515.333
2169.89	515.555
2171.86	515.111
2173.83	513.111
2175.8	521.111
2177.77	505.556
2179.73	520.444
2181.7	519.111
2183.67	503.778
2185.63	497.111
2187.6	506.222
2189.56	496.889
2191.53	501.556
2193.49	488
2195.45	502.222
2197.41	494.444
2199.37	496.889
2201.34	491.778
2203.29	498.667
2205.26	479.778
2207.21	490.222
2209.17	487.778
2211.13	494.222
2213.09	477.778
2215.05	486.667
2217	482.889
2218.96	474.667
2220.91	468
2222.87	474
2224.82	472.222
2226.77	473.111
2228.73	470.889
2230.68	465.333
2232.63	467.111
2234.58	472.222
2236.53	466.444
2238.48	463.333
2240.43	475.111
2242.38	467.556
2244.33	464.667
2246.27	468.222
2248.22	455.333
2250.17	447.333
2252.11	451.333
2254.06	453.556
2256	456.667
2257.95	447.556
2259.89	447.778
2261.84	446.889
2263.78	458
2265.72	454.222
2267.66	453.333
2269.6	445.556
2271.54	447.556
2273.48	439.556
2275.42	443.556
2277.36	439.778
2279.3	449.333
2281.23	452.222
2283.17	441.111
2285.11	450.667
2287.04	446.667
2288.98	444
2290.91	438.667
2292.84	446.222
2294.78	448.667
2296.71	444.889
2298.64	445.556
2300.57	435.556
2302.51	432
2304.44	434.889
2306.37	450.444
2308.29	424.889
2310.22	443.778
2312.15	441.778
2314.08	431.111
2316.01	434.667
2317.93	431.778
2319.86	439.778
2321.78	432.667
2323.71	428.222
2325.63	416.667
2327.56	436
2329.48	420.222
2331.4	424
2333.32	422.889
2335.25	428.889
2337.17	427.556
2339.09	429.778
2341.01	420.667
2342.92	425.333
2344.84	420
2346.76	425.556
2348.68	421.778
2350.6	423.556
2352.51	430.667
2354.43	418.667
2356.34	426.222
2358.26	415.556
2360.17	421.333
2362.09	424.222
2364	411.778
2365.91	417.333
2367.82	425.778
2369.73	412.222
2371.64	414.889
2373.55	420.222
2375.46	415.333
2377.37	409.778
2379.28	408.444
2381.19	404.222
2383.1	414
2385	411.556
2386.91	412.222
2388.82	408.444
2390.72	402
2392.62	406.444
2394.53	411.556
2396.43	401.111
2398.33	410
2400.24	408
2402.14	409.556
2404.04	410.889
2405.94	402.667
2407.84	412.444
2409.74	406.444
2411.64	402.444
2413.54	413.556
2415.44	397.778
2417.33	404
2419.23	397.333
2421.13	404.222
2423.02	405.778
2424.92	394
2426.81	403.111
2428.71	410
2430.6	404.444
2432.49	401.556
2434.38	392.667
2436.28	386.222
2438.17	404.222
2440.06	408.889
2441.95	403.333
2443.84	396.222
2445.73	402.444
