188.706	118
191.305	115.556
193.902	115.111
196.499	113.111
199.096	113.111
201.69	107.556
204.284	104.444
206.877	102.667
209.47	104
212.062	101.333
214.652	98
217.242	100.444
219.83	99.1111
222.419	92.2222
225.005	94.2222
227.592	92.2222
230.177	91.3333
232.762	88.8889
235.345	90.6667
237.928	92
240.509	91.1111
243.09	87.1111
245.671	87.3333
248.249	86.4444
250.829	87.1111
253.405	87.1111
255.983	87.7778
258.558	85.7778
261.132	82.8889
263.707	82.6667
266.28	84.2222
268.852	81.5556
271.424	82
273.994	80.4444
276.564	79.5556
279.133	78.4444
281.701	79.7778
284.268	79.3333
286.835	79.3333
289.4	74.2222
291.964	74.8889
294.527	70.2222
297.091	71.3333
299.653	71.1111
302.214	72.2222
304.774	65.5556
307.334	69.7778
309.892	67.1111
312.45	70
315.006	68.4444
317.562	67.7778
320.118	64.6667
322.672	62.4444
325.225	65.1111
327.778	60.4444
330.329	63.5556
332.88	59.5556
335.43	62.8889
337.978	59.7778
340.528	59.7778
343.075	63.3333
345.622	63.7778
348.167	64
350.712	64.6667
353.256	63.7778
355.799	60.8889
358.341	55.7778
360.883	61.3333
363.423	61.3333
365.963	60.6667
368.502	63.1111
371.04	63.3333
373.577	61.5556
376.114	59.1111
378.649	55.7778
381.184	62
383.718	61.3333
386.251	63.1111
388.783	64
391.314	63.7778
393.844	63.1111
396.373	63.1111
398.902	61.7778
401.43	64.6667
403.957	66.8889
406.484	63.5556
409.009	68.2222
411.534	64.6667
414.057	70.2222
416.58	74.6667
419.102	78.6667
421.624	81.5556
424.144	90
426.663	94
429.181	100.444
431.7	109.556
434.217	116.889
436.732	115.111
439.248	112.222
441.763	108
444.277	103.111
446.788	94.6667
449.301	89.5556
451.812	86.4444
454.322	85.7778
456.831	76
459.341	72.8889
461.847	71.5556
464.355	68.2222
466.861	68
469.366	65.7778
471.871	60.6667
474.374	64.8889
476.877	61.5556
479.378	62.2222
481.88	62.8889
484.381	60
486.879	60.4444
489.379	58.6667
491.876	61.7778
494.373	61.3333
496.869	62
499.365	57.3333
501.858	59.1111
504.353	56.8889
506.845	60.4444
509.338	56.2222
511.828	59.5556
514.319	59.3333
516.808	56.6667
519.296	57.5556
521.785	59.1111
524.272	57.1111
526.759	57.7778
529.244	60.2222
531.728	59.3333
534.212	56.8889
536.695	56.8889
539.178	57.3333
541.659	58.6667
544.139	53.5556
546.619	59.1111
549.098	57.5556
551.575	60
554.052	58.2222
556.529	57.1111
559.005	57.3333
561.479	61.1111
563.953	56.8889
566.427	56.4444
568.899	58
571.37	60.4444
573.84	59.3333
576.311	63.5556
578.78	60
581.248	59.5556
583.715	62.2222
586.181	61.1111
588.647	58.6667
591.113	58.2222
593.577	54.8889
596.04	58.8889
598.503	58.2222
600.964	57.7778
603.425	59.7778
605.885	59.5556
608.344	57.5556
610.803	58.4444
613.26	60
615.718	59.5556
618.174	59.1111
620.63	59.7778
623.084	58.4444
625.538	63.1111
627.99	61.7778
630.443	58.4444
632.894	58.8889
635.344	62
637.792	58.4444
640.241	58.8889
642.689	61.3333
645.137	60.8889
647.583	61.7778
650.029	59.3333
652.474	59.3333
654.918	61.3333
657.361	60.8889
659.804	60.8889
662.246	60.2222
664.685	59.1111
667.125	60.2222
669.565	58.2222
672.003	61.3333
674.441	61.5556
676.877	60.8889
679.313	61.1111
681.749	61.3333
684.183	58
686.617	60.4444
689.049	61.5556
691.481	63.1111
693.913	60.4444
696.342	62.2222
698.772	62.8889
701.201	62.2222
703.63	61.7778
706.056	59.1111
708.483	62.4444
710.909	63.1111
713.333	59.5556
715.758	59.3333
718.18	58.2222
720.603	59.7778
723.025	60
725.445	60
727.866	61.3333
730.284	63.5556
732.703	62.4444
735.122	62.2222
737.538	62.2222
739.955	60.4444
742.369	61.7778
744.784	59.7778
747.197	60.8889
749.611	63.3333
752.023	61.3333
754.435	62.2222
756.845	60.4444
759.255	62.2222
761.664	58.2222
764.071	62.2222
766.48	62
768.886	62.6667
771.292	64
773.697	60.4444
776.102	62.2222
778.505	61.7778
780.907	59.3333
783.31	65.3333
785.711	62.6667
788.111	62.4444
790.511	61.5556
792.91	65.3333
795.308	63.1111
797.706	64
800.102	63.5556
802.497	66.6667
804.892	65.7778
807.287	68
809.68	68.4444
812.072	67.5556
814.464	66.8889
816.855	67.3333
819.246	66.2222
821.635	64.6667
824.024	68.4444
826.412	70.8889
828.799	69.3333
831.186	71.3333
833.572	72
835.956	68.6667
838.34	68.8889
840.723	70.8889
843.106	70.8889
845.487	73.5556
847.868	74.8889
850.248	74.2222
852.628	79.7778
855.006	79.3333
857.384	82
859.761	89.1111
862.138	87.1111
864.513	100.222
866.888	111.111
869.262	127.556
871.636	149.778
874.008	196.444
876.38	273.333
878.751	369.333
881.121	496.889
883.491	561.111
885.86	522.667
888.228	416.444
890.595	301.556
892.962	225.111
895.327	167.778
897.691	143.333
900.055	116
902.419	103.333
904.782	96.8889
907.144	92
909.505	84.8889
911.864	86.2222
914.224	82.2222
916.583	75.3333
918.941	76.2222
921.298	73.5556
923.654	74.8889
926.01	75.7778
928.366	71.1111
930.719	67.5556
933.073	70.8889
935.426	72.4445
937.777	68.8889
940.129	69.3333
942.479	70.6667
944.828	69.7778
947.178	68.4444
949.526	68.8889
951.873	69.3333
954.22	69.5556
956.565	69.3333
958.911	68.6667
961.254	70
963.598	70.2222
965.942	69.3333
968.283	70.4444
970.625	73.1111
972.965	71.1111
975.305	72.8889
977.644	72.4444
979.983	78.6667
982.32	77.5556
984.657	75.7778
986.993	81.3333
989.327	78.8889
991.663	81.1111
993.996	84.4444
996.33	88.8889
998.662	89.3333
1000.99	96.4444
1003.32	104.667
1005.65	109.333
1007.98	118.444
1010.31	132.667
1012.64	146.444
1014.97	153.333
1017.29	177.111
1019.62	204.667
1021.94	225.778
1024.27	274.222
1026.59	322
1028.91	375.111
1031.24	413.556
1033.56	443.111
1035.88	467.778
1038.2	468.444
1040.51	444.222
1042.83	407.111
1045.15	368.667
1047.47	338.889
1049.78	302.889
1052.1	282.889
1054.41	260
1056.73	234.222
1059.04	217.556
1061.35	192.667
1063.66	176.667
1065.97	166.667
1068.28	162.667
1070.59	164.667
1072.9	163.333
1075.21	161.778
1077.52	160.444
1079.82	172.667
1082.13	181.333
1084.43	190.222
1086.74	200.667
1089.04	223.111
1091.34	238.667
1093.65	238.667
1095.95	243.111
1098.25	229.333
1100.55	214.667
1102.85	202.667
1105.14	186.667
1107.44	178.222
1109.74	171.556
1112.03	166.444
1114.33	157.333
1116.62	161.778
1118.92	156
1121.21	153.111
1123.5	141.556
1125.79	143.556
1128.09	130
1130.38	131.333
1132.67	122
1134.95	116.444
1137.24	111.556
1139.53	109.556
1141.82	108.222
1144.1	104.667
1146.39	103.111
1148.67	103.333
1150.95	105.556
1153.24	102.444
1155.52	101.111
1157.8	104
1160.08	99.7778
1162.36	100.667
1164.64	97.3333
1166.92	98.6667
1169.2	89.7778
1171.47	91.3333
1173.75	89.5556
1176.03	91.1111
1178.3	86.4444
1180.58	90.6667
1182.85	85.3333
1185.12	82
1187.39	82
1189.66	82
1191.94	80
1194.21	79.5556
1196.48	78.6667
1198.74	77.5556
1201.01	76.8889
1203.28	77.3333
1205.54	77.3333
1207.81	78
1210.07	79.3333
1212.34	77.7778
1214.6	80.2222
1216.86	75.3333
1219.13	79.3333
1221.39	77.7778
1223.65	79.1111
1225.91	79.7778
1228.17	79.1111
1230.43	81.7778
1232.68	81.5556
1234.94	83.7778
1237.2	81.7778
1239.45	88.4445
1241.71	84.2222
1243.96	82.4444
1246.22	84.6667
1248.47	85.7778
1250.72	88.8889
1252.97	90.2222
1255.22	88.6667
1257.47	98.6667
1259.72	98.4444
1261.97	97.7778
1264.22	103.556
1266.46	113.556
1268.71	114.444
1270.95	123.778
1273.2	136.444
1275.44	137.333
1277.69	142.222
1279.93	143.778
1282.17	135.111
1284.41	118.667
1286.65	115.778
1288.89	108.222
1291.13	102.889
1293.37	106.222
1295.61	100.667
1297.85	93.5556
1300.08	92.2222
1302.32	92.8889
1304.55	95.7778
1306.79	94.4445
1309.02	90.2222
1311.26	94.2222
1313.49	88.4444
1315.72	92.4444
1317.95	88.4444
1320.18	92.6667
1322.41	89.1111
1324.64	93.3333
1326.86	89.7778
1329.09	89.7778
1331.32	92.8889
1333.55	93.5556
1335.77	92
1337.99	94.2222
1340.22	96.8889
1342.44	91.7778
1344.66	97.3333
1346.89	97.7778
1349.11	95.7778
1351.33	98.8889
1353.55	98.4444
1355.77	104.444
1357.98	101.111
1360.2	103.778
1362.42	101.333
1364.63	104.222
1366.85	103.556
1369.06	108.444
1371.28	108.444
1373.49	110.889
1375.7	114.222
1377.92	114.444
1380.13	118.889
1382.34	116.444
1384.55	119.778
1386.76	122
1388.97	125.111
1391.17	126.889
1393.38	126
1395.59	128.222
1397.79	125.556
1400	133.111
1402.2	138.222
1404.41	137.556
1406.61	137.778
1408.81	138.889
1411.01	148.222
1413.21	146.889
1415.41	152.667
1417.61	149.778
1419.81	152.444
1422.01	158.444
1424.21	165.111
1426.4	170.444
1428.6	177.556
1430.8	176.667
1432.99	185.778
1435.18	204.667
1437.38	209.333
1439.57	220
1441.76	244.889
1443.95	276.667
1446.14	305.778
1448.33	339.333
1450.52	377.111
1452.71	386.444
1454.9	385.556
1457.09	382
1459.27	370.889
1461.46	341.333
1463.64	322.222
1465.83	303.778
1468.01	289.556
1470.2	285.556
1472.38	267.333
1474.56	267.556
1476.74	252.889
1478.92	254
1481.1	256.889
1483.28	252.222
1485.46	236
1487.64	227.111
1489.81	220.667
1491.99	202.222
1494.16	195.111
1496.34	184.444
1498.51	178.444
1500.69	166
1502.86	163.556
1505.03	154
1507.21	153.778
1509.38	141.778
1511.55	143.778
1513.72	149.111
1515.89	137.556
1518.05	134.222
1520.22	133.111
1522.39	136
1524.55	130.444
1526.72	123.333
1528.88	129.333
1531.05	130.667
1533.21	121.778
1535.37	125.333
1537.54	120.889
1539.7	119.333
1541.86	119.778
1544.02	115.778
1546.18	122.444
1548.34	116
1550.5	118.667
1552.65	114.444
1554.81	114.667
1556.97	112.667
1559.12	109.111
1561.28	109.333
1563.43	110
1565.58	109.556
1567.74	110.444
1569.89	107.111
1572.04	106.889
1574.19	105.111
1576.34	106.222
1578.49	101.556
1580.64	107.556
1582.79	103.111
1584.94	100.444
1587.08	99.3333
1589.23	100.222
1591.37	98.2222
1593.52	98.8889
1595.66	98.4445
1597.81	93.1111
1599.95	94.2222
1602.09	92.2222
1604.23	94.4444
1606.37	91.1111
1608.51	96.8889
1610.65	94.8889
1612.79	96
1614.93	91.7778
1617.07	90.4444
1619.21	95.3333
1621.34	91.3333
1623.48	86.4444
1625.61	90.6667
1627.75	92
1629.88	92.8889
1632.01	89.1111
1634.15	88
1636.28	89.5556
1638.41	84
1640.54	84
1642.67	86.2222
1644.8	82
1646.93	84.4444
1649.05	85.7778
1651.18	85.7778
1653.31	82.4444
1655.43	83.7778
1657.56	84.2222
1659.68	86.2222
1661.81	83.1111
1663.93	81.7778
1666.05	79.3333
1668.17	82.2222
1670.3	83.5556
1672.42	80.4444
1674.54	88.8889
1676.66	80.4444
1678.77	87.3333
1680.89	82.4444
1683.01	82
1685.13	82.8889
1687.24	82.8889
1689.36	80.8889
1691.47	80.2222
1693.59	84.2222
1695.7	82.6667
1697.81	82
1699.92	83.3333
1702.04	82.8889
1704.15	80.4444
1706.26	80.8889
1708.37	78.8889
1710.47	79.5556
1712.58	82.6667
1714.69	84
1716.8	80
1718.9	81.1111
1721.01	79.7778
1723.11	85.7778
1725.22	82.2222
1727.32	80.4444
1729.42	79.1111
1731.53	82.6667
1733.63	80.2222
1735.73	81.7778
1737.83	79.5556
1739.93	83.5555
1742.03	80
1744.13	82.6667
1746.23	75.3333
1748.32	78.4445
1750.42	81.5556
1752.52	78.6667
1754.61	80.4444
1756.71	80.8889
1758.8	77.5556
1760.89	79.5556
1762.99	77.5556
1765.08	80
1767.17	78.6667
1769.26	78
1771.35	80.2222
1773.44	79.7778
1775.53	80.6667
1777.62	74.8889
1779.71	80
1781.79	80.4444
1783.88	85.1111
1785.96	78.8889
1788.05	76
1790.13	78.6667
1792.22	80.2222
1794.3	82.2222
1796.38	78.4444
1798.47	83.3333
1800.55	81.3333
1802.63	81.1111
1804.71	78.2222
1806.79	77.1111
1808.87	79.3333
1810.95	79.1111
1813.02	80.8889
1815.1	83.3333
1817.18	80.6667
1819.25	77.3333
1821.33	82
1823.4	82
1825.47	80.8889
1827.55	81.5556
1829.62	80
1831.69	80.8889
1833.76	81.1111
1835.83	79.3333
1837.9	81.3333
1839.97	79.3333
1842.04	82.2222
1844.11	81.7778
1846.18	82
1848.24	81.1111
1850.31	76
1852.38	80.8889
1854.44	78.6667
1856.51	79.5556
1858.57	77.7778
1860.63	82.2222
1862.69	77.5556
1864.76	81.5556
1866.82	80.2222
1868.88	79.5555
1870.94	81.1111
1873	79.7778
1875.06	87.1111
1877.11	79.1111
1879.17	82
1881.23	81.5556
1883.28	78.8889
1885.34	80.4444
1887.4	79.1111
1889.45	83.7778
1891.5	83.3333
1893.56	82.8889
1895.61	80.2222
1897.66	79.5556
1899.71	81.7778
1901.76	80.2222
1903.81	85.3333
1905.86	78.8889
1907.91	80.6667
1909.96	83.7778
1912.01	79.5556
1914.05	81.7778
1916.1	80.6667
1918.15	81.7778
1920.19	84.4444
1922.23	83.3333
1924.28	82.2222
1926.32	86
1928.36	84
1930.41	83.1111
1932.45	80.2222
1934.49	82.4444
1936.53	80.8889
1938.57	82.6667
1940.61	81.3333
1942.64	84.6667
1944.68	84.8889
1946.72	76
1948.76	82.2222
1950.79	83.7778
1952.83	83.7778
1954.86	84.6667
1956.89	82.8889
1958.93	81.5556
1960.96	81.5556
1962.99	82
1965.03	79.3333
1967.06	80.8889
1969.09	84.2222
1971.12	80.6667
1973.14	84
1975.17	80.6667
1977.2	83.5555
1979.23	80.2222
1981.25	82
1983.28	82.4444
1985.31	82.4444
1987.33	84
1989.36	80
1991.38	79.1111
1993.4	83.5556
1995.42	83.7778
1997.45	83.1111
1999.47	85.7778
2001.49	82.6667
2003.51	86.4444
2005.53	81.7778
2007.55	83.7778
2009.56	84.8889
2011.58	82.8889
2013.6	88.2222
2015.61	81.5556
2017.63	86.8889
2019.65	85.1111
2021.66	84
2023.67	83.1111
2025.69	82.8889
2027.7	87.3333
2029.71	79.7778
2031.72	84.8889
2033.73	85.5556
2035.74	89.7778
2037.75	84.4444
2039.76	82.6667
2041.77	88
2043.78	88
2045.79	86.4444
2047.79	85.3333
2049.8	86.6667
2051.8	89.1111
2053.81	86.6667
2055.81	87.5556
2057.82	83.1111
2059.82	88.6667
2061.82	85.1111
2063.82	86.6667
2065.83	84.6667
2067.83	88.2222
2069.83	89.7778
2071.83	88.4444
2073.82	85.7778
2075.82	86.4444
2077.82	85.3333
2079.82	87.1111
2081.81	87.1111
2083.81	86.6667
2085.8	86.2222
2087.8	89.3333
2089.79	84.6667
2091.79	88.4444
2093.78	85.1111
2095.77	86.6667
2097.76	88.2222
2099.76	87.7778
2101.75	86.8889
2103.74	88.8889
2105.72	88.2222
2107.71	85.1111
2109.7	84
2111.69	86
2113.68	87.7778
2115.66	88.8889
2117.65	88.6667
2119.63	85.3333
2121.62	87.3333
2123.6	86.2222
2125.59	86.2222
2127.57	87.7778
2129.55	89.5556
2131.53	87.1111
2133.51	87.3333
2135.49	86.6667
2137.47	86.4444
2139.45	86.8889
2141.43	84.6667
2143.41	86
2145.39	85.7778
2147.36	86.2222
2149.34	87.7778
2151.32	86.8889
2153.29	90.6667
2155.27	86.2222
2157.24	90.4445
2159.21	87.5556
2161.19	87.1111
2163.16	85.7778
2165.13	93.1111
2167.1	89.3333
2169.07	88.6667
2171.04	88.6667
2173.01	87.7778
2174.98	88.2222
2176.95	92.2222
2178.92	90
2180.88	88.2222
2182.85	88.2222
2184.81	87.7778
2186.78	90.6667
2188.74	89.3333
2190.71	87.7778
2192.67	92.6667
2194.63	91.1111
2196.6	91.3333
2198.56	89.3333
2200.52	89.7778
2202.48	90.2222
2204.44	87.1111
2206.4	90.2222
2208.36	87.7778
2210.32	90.8889
2212.28	89.7778
2214.23	91.5556
2216.19	90
2218.14	92.8889
2220.1	90
2222.05	87.7778
2224.01	89.7778
2225.96	89.7778
2227.91	90.6667
2229.87	90.2222
2231.82	90
2233.77	88.2222
2235.72	89.5556
2237.67	91.3333
2239.62	90.4444
2241.57	88.4444
2243.52	88
2245.47	90
2247.41	93.5556
2249.36	90.2222
2251.31	90.6667
2253.25	94
2255.2	88.4444
2257.14	90.2222
2259.09	90
2261.03	90
2262.97	92.2222
2264.91	94.2222
2266.85	89.5555
2268.8	92.6667
2270.74	92.8889
2272.68	94.4444
2274.61	93.1111
2276.55	94.6667
2278.49	90.6667
2280.43	86
2282.37	93.7778
2284.3	92.6667
2286.24	93.7778
2288.17	90.8889
2290.11	90.2222
2292.04	88.6667
2293.98	90.4444
2295.91	94.4444
2297.84	93.5556
2299.77	92.4444
2301.7	89.1111
2303.64	94.4444
2305.56	94.2222
2307.49	93.7778
2309.42	92.4444
2311.35	92.6667
2313.28	91.7778
2315.21	95.1111
2317.13	90.8889
2319.06	91.5556
2320.99	94.6667
2322.91	93.1111
2324.84	95.7778
2326.76	89.1111
2328.68	95.5556
2330.6	93.5555
2332.53	90.8889
2334.45	91.1111
2336.37	96
2338.29	90.6667
2340.21	93.5556
2342.13	91.1111
2344.05	95.7778
2345.97	93.5556
2347.89	90.8889
2349.8	94.2222
2351.72	93.5556
2353.63	91.7778
2355.55	91.7778
2357.47	90.2222
2359.38	91.3333
2361.29	90.2222
2363.21	91.5556
2365.12	90.6667
2367.03	90.6667
2368.94	95.1111
2370.85	88.4444
2372.76	88.2222
2374.67	90.8889
2376.58	89.5556
2378.49	90.2222
2380.4	90
2382.31	90.2222
2384.21	92.4444
2386.12	92.2222
2388.03	91.7778
2389.93	90
2391.84	90.6667
2393.74	90.8889
2395.64	90
2397.55	92
2399.45	88.4444
2401.35	91.5556
2403.25	89.7778
2405.15	94.2222
2407.05	94.4444
2408.95	93.3333
2410.85	94.4444
2412.75	93.1111
2414.65	92
2416.55	86.2222
2418.45	93.3333
2420.34	94.4444
2422.24	88.6667
2424.13	93.5556
2426.03	94.2222
2427.92	91.5556
2429.82	92.4444
2431.71	95.3333
2433.6	93.5556
2435.49	96.6667
2437.39	92
2439.28	92.2222
2441.17	93.5556
2443.06	93.5556
2444.95	98.2222
2446.83	94
2448.72	94.4444
2450.61	99.7778
2452.5	98.4444
2454.39	98.4444
