188.706	69.7778
191.305	80.8889
193.902	83.1111
196.499	94.2222
199.096	99.1111
201.69	113.778
204.284	128
206.877	117.111
209.47	82.4444
212.062	70.8889
214.652	62.4444
217.242	62
219.83	61.5556
222.419	59.5556
225.005	60.8889
227.592	55.1111
230.177	56.2222
232.762	53.1111
235.345	54
237.928	53.3333
240.509	49.3333
243.09	50.2222
245.671	47.7778
248.249	52
250.829	49.3333
253.405	49.7778
255.983	50.2222
258.558	48.6667
261.132	48.6667
263.707	49.7778
266.28	48.4444
268.852	49.1111
271.424	50.6667
273.994	49.3333
276.564	47.7778
279.133	50.6667
281.701	49.5556
284.268	47.7778
286.835	49.3333
289.4	46.8889
291.964	52
294.527	51.3333
297.091	50.6667
299.653	48.8889
302.214	51.1111
304.774	50.6667
307.334	49.5556
309.892	50
312.45	48.6667
315.006	48.4444
317.562	48.4444
320.118	48.2222
322.672	50
325.225	45.5556
327.778	47.7778
330.329	49.7778
332.88	47.7778
335.43	45.7778
337.978	46.8889
340.528	47.3333
343.075	49.1111
345.622	47.3333
348.167	46.6667
350.712	47.1111
353.256	48.6667
355.799	46.8889
358.341	50
360.883	48.2222
363.423	49.5556
365.963	49.1111
368.502	49.3333
371.04	51.3333
373.577	50.4444
376.114	51.7778
378.649	52.4444
381.184	54.4444
383.718	51.5556
386.251	53.3333
388.783	55.1111
391.314	55.3333
393.844	56.2222
396.373	58.6667
398.902	62
401.43	58.8889
403.957	56
406.484	55.5556
409.009	56
411.534	52.8889
414.057	52
416.58	52.8889
419.102	52
421.624	54.2222
424.144	56.2222
426.663	52.6667
429.181	52.8889
431.7	54.2222
434.217	51.5556
436.732	48.8889
439.248	48.4444
441.763	46.8889
444.277	44.8889
446.788	47.7778
449.301	47.3333
451.812	46.8889
454.322	46.8889
456.831	48
459.341	47.7778
461.847	46.6667
464.355	48.4444
466.861	45.7778
469.366	43.5556
471.871	47.7778
474.374	46.4444
476.877	47.3333
479.378	48.4444
481.88	46.6667
484.381	51.3333
486.879	49.3333
489.379	48.2222
491.876	50.6667
494.373	50.6667
496.869	46.8889
499.365	47.7778
501.858	45.5556
504.353	50
506.845	45.3333
509.338	46.6667
511.828	43.5556
514.319	45.1111
516.808	46.4444
519.296	45.1111
521.785	44.8889
524.272	44.8889
526.759	47.5556
529.244	46
531.728	45.1111
534.212	46.4444
536.695	45.7778
539.178	47.3333
541.659	43.1111
544.139	45.3333
546.619	45.5556
549.098	46.2222
551.575	44.8889
554.052	46.8889
556.529	45.1111
559.005	45.3333
561.479	46.8889
563.953	47.7778
566.427	47.1111
568.899	45.7778
571.37	45.3333
573.84	45.7778
576.311	45.3333
578.78	45.3333
581.248	42.8889
583.715	44.8889
586.181	45.1111
588.647	47.1111
591.113	44.6667
593.577	44.6667
596.04	44
598.503	43.5556
600.964	47.1111
603.425	46.8889
605.885	45.7778
608.344	44.8889
610.803	45.7778
613.26	44.6667
615.718	45.5556
618.174	42.4444
620.63	45.5556
623.084	44.8889
625.538	45.5556
627.99	48.4444
630.443	44.6667
632.894	44.8889
635.344	46.8889
637.792	46.4444
640.241	46.6667
642.689	52.2222
645.137	57.7778
647.583	69.1111
650.029	72.2222
652.474	57.7778
654.918	47.1111
657.361	46
659.804	48.6667
662.246	47.5556
664.685	44.8889
667.125	46.2222
669.565	43.7778
672.003	45.5556
674.441	46.6667
676.877	45.1111
679.313	44.4444
681.749	46
684.183	44.4444
686.617	47.3333
689.049	43.7778
691.481	43.3333
693.913	45.7778
696.342	47.1111
698.772	47.7778
701.201	49.1111
703.63	48
706.056	46.8889
708.483	44.4444
710.909	46.4444
713.333	48.2222
715.758	46.2222
718.18	46.6667
720.603	45.7778
723.025	44.4444
725.445	48.8889
727.866	45.7778
730.284	46
732.703	45.5556
735.122	45.1111
737.538	41.5556
739.955	47.1111
742.369	46.2222
744.784	46.2222
747.197	48.4444
749.611	49.3333
752.023	50.2222
754.435	56.6667
756.845	64
759.255	90.8889
761.664	120.444
764.071	120
766.48	89.1111
768.886	61.5556
771.292	56
773.697	52
776.102	46.4444
778.505	48
780.907	48.8889
783.31	48.4444
785.711	46
788.111	49.3333
790.511	45.1111
792.91	48
795.308	49.5556
797.706	49.5556
800.102	50.6667
802.497	54.2222
804.892	56.2222
807.287	48.6667
809.68	48.2222
812.072	48
814.464	47.5556
816.855	44.4444
819.246	48.4444
821.635	46.6667
824.024	45.5556
826.412	46.6667
828.799	45.3333
831.186	45.7778
833.572	46.6667
835.956	43.7778
838.34	46.2222
840.723	44.6667
843.106	47.5556
845.487	49.5556
847.868	50.4444
850.248	50.6667
852.628	53.1111
855.006	57.1111
857.384	56.8889
859.761	53.1111
862.138	49.1111
864.513	48.6667
866.888	47.1111
869.262	45.7778
871.636	46.6667
874.008	47.5556
876.38	45.1111
878.751	47.3333
881.121	46.8889
883.491	46.4444
885.86	48
888.228	50.8889
890.595	46
892.962	53.1111
895.327	50.2222
897.691	51.5556
900.055	48.8889
902.419	47.1111
904.782	45.3333
907.144	48
909.505	45.3333
911.864	46.2222
914.224	46.2222
916.583	41.5556
918.941	45.5556
921.298	44
923.654	45.5556
926.01	45.5556
928.366	44.4444
930.719	45.3333
933.073	44.8889
935.426	43.7778
937.777	48.6667
940.129	45.1111
942.479	44.8889
944.828	45.1111
947.178	43.3333
949.526	43.7778
951.873	44.4444
954.22	45.1111
956.565	43.7778
958.911	45.1111
961.254	43.7778
963.598	45.1111
965.942	45.7778
968.283	43.7778
970.625	43.3333
972.965	43.7778
975.305	45.3333
977.644	45.3333
979.983	47.1111
982.32	46
984.657	45.7778
986.993	48
989.327	52.2222
991.663	52.4444
993.996	60.8889
996.33	96
998.662	142.444
1000.99	143.111
1003.32	102
1005.65	65.5556
1007.98	50
1010.31	47.5556
1012.64	47.1111
1014.97	45.3333
1017.29	43.1111
1019.62	42.8889
1021.94	46.6667
1024.27	47.7778
1026.59	43.5556
1028.91	46.4444
1031.24	46
1033.56	45.1111
1035.88	45.1111
1038.2	42.8889
1040.51	48
1042.83	43.7778
1045.15	45.1111
1047.47	43.5556
1049.78	44.2222
1052.1	45.3333
1054.41	43.1111
1056.73	46
1059.04	42.6667
1061.35	45.5556
1063.66	44.8889
1065.97	45.3333
1068.28	43.5556
1070.59	44.2222
1072.9	45.7778
1075.21	43.1111
1077.52	45.1111
1079.82	42.6667
1082.13	46.2222
1084.43	47.7778
1086.74	47.7778
1089.04	47.3333
1091.34	46.4444
1093.65	44.4444
1095.95	43.5556
1098.25	45.3333
1100.55	45.7778
1102.85	43.7778
1105.14	42.2222
1107.44	45.1111
1109.74	44.8889
1112.03	43.3333
1114.33	44.2222
1116.62	44.4444
1118.92	42.2222
1121.21	44.6667
1123.5	44.8889
1125.79	43.5556
1128.09	42.8889
1130.38	43.7778
1132.67	44.2222
1134.95	45.1111
1137.24	42
1139.53	43.3333
1141.82	44.2222
1144.1	45.7778
1146.39	44.6667
1148.67	45.5556
1150.95	48
1153.24	52
1155.52	53.5556
1157.8	53.5556
1160.08	50
1162.36	46
1164.64	47.5556
1166.92	45.3333
1169.2	48
1171.47	48.2222
1173.75	48
1176.03	48.6667
1178.3	50
1180.58	50
1182.85	49.7778
1185.12	52
1187.39	46.2222
1189.66	46.4444
1191.94	47.3333
1194.21	44.8889
1196.48	47.1111
1198.74	44.8889
1201.01	45.5556
1203.28	42.8889
1205.54	46
1207.81	45.7778
1210.07	46.4444
1212.34	45.5556
1214.6	44.4444
1216.86	44.6667
1219.13	44.8889
1221.39	44.6667
1223.65	46.2222
1225.91	46.4444
1228.17	46
1230.43	46.2222
1232.68	45.1111
1234.94	46
1237.2	44.4444
1239.45	45.7778
1241.71	46.2222
1243.96	44.4444
1246.22	45.3333
1248.47	48.4444
1250.72	46.6667
1252.97	49.5556
1255.22	52
1257.47	52
1259.72	50.6667
1261.97	55.5556
1264.22	56.8889
1266.46	52
1268.71	58.6667
1270.95	58.2222
1273.2	59.5556
1275.44	59.3333
1277.69	55.1111
1279.93	54.4444
1282.17	55.3333
1284.41	53.3333
1286.65	55.3333
1288.89	54.4444
1291.13	57.7778
1293.37	62.4444
1295.61	62.4444
1297.85	68.6667
1300.08	63.5556
1302.32	67.3333
1304.55	59.3333
1306.79	58
1309.02	52.8889
1311.26	51.3333
1313.49	52.4444
1315.72	53.1111
1317.95	57.3333
1320.18	56.2222
1322.41	55.7778
1324.64	57.5556
1326.86	60.6667
1329.09	59.1111
1331.32	54.6667
1333.55	55.7778
1335.77	50.4444
1337.99	49.5556
1340.22	50.4444
1342.44	49.5556
1344.66	48.2222
1346.89	46
1349.11	49.7778
1351.33	48
1353.55	46.4444
1355.77	48
1357.98	47.1111
1360.2	46.4444
1362.42	48.6667
1364.63	44.4444
1366.85	49.7778
1369.06	47.5556
1371.28	47.1111
1373.49	46.8889
1375.7	47.7778
1377.92	46.6667
1380.13	46.4444
1382.34	48.4444
1384.55	47.3333
1386.76	47.3333
1388.97	47.1111
1391.17	49.3333
1393.38	49.1111
1395.59	47.7778
1397.79	50.2222
1400	46.8889
1402.2	46.8889
1404.41	46.8889
1406.61	48.8889
1408.81	49.7778
1411.01	48.6667
1413.21	49.5556
1415.41	50.2222
1417.61	48
1419.81	49.3333
1422.01	47.3333
1424.21	50.6667
1426.4	50.8889
1428.6	53.5556
1430.8	51.5556
1432.99	52
1435.18	51.3333
1437.38	53.3333
1439.57	52.8889
1441.76	55.1111
1443.95	60.4444
1446.14	61.7778
1448.33	58.6667
1450.52	59.1111
1452.71	58.4444
1454.9	57.3333
1457.09	56.2222
1459.27	52.6667
1461.46	55.5556
1463.64	55.7778
1465.83	57.5556
1468.01	55.3333
1470.2	56.6667
1472.38	54
1474.56	50.8889
1476.74	52.6667
1478.92	53.7778
1481.1	49.5556
1483.28	50.4444
1485.46	52.6667
1487.64	49.3333
1489.81	48.8889
1491.99	49.1111
1494.16	47.7778
1496.34	53.1111
1498.51	46.6667
1500.69	50.4444
1502.86	50.8889
1505.03	51.1111
1507.21	49.1111
1509.38	49.3333
1511.55	48.4444
1513.72	50.4444
1515.89	50.8889
1518.05	48.8889
1520.22	47.3333
1522.39	48
1524.55	48.6667
1526.72	46.8889
1528.88	49.7778
1531.05	48.2222
1533.21	51.7778
1535.37	48.8889
1537.54	52.2222
1539.7	49.7778
1541.86	48
1544.02	48.2222
1546.18	50
1548.34	51.3333
1550.5	50.2222
1552.65	51.7778
1554.81	52.4444
1556.97	54.8889
1559.12	52.2222
1561.28	52.6667
1563.43	53.7778
1565.58	52.2222
1567.74	57.3333
1569.89	61.7778
1572.04	71.3333
1574.19	88.2222
1576.34	94
1578.49	94.8889
1580.64	79.3333
1582.79	76
1584.94	68.2222
1587.08	61.5556
1589.23	62.2222
1591.37	59.7778
1593.52	56.2222
1595.66	56.8889
1597.81	55.5556
1599.95	54.4444
1602.09	55.3333
1604.23	56.2222
1606.37	58.4444
1608.51	55.1111
1610.65	58.8889
1612.79	58.2222
1614.93	55.5556
1617.07	57.5556
1619.21	59.1111
1621.34	63.5556
1623.48	62
1625.61	63.1111
1627.75	67.5556
1629.88	70.2222
1632.01	72
1634.15	79.5556
1636.28	82.6667
1638.41	86.4444
1640.54	88.8889
1642.67	91.5556
1644.8	93.3333
1646.93	92.4444
1649.05	89.3333
1651.18	86.8889
1653.31	84.2222
1655.43	79.5556
1657.56	76.2222
1659.68	71.3333
1661.81	67.1111
1663.93	68
1666.05	68.8889
1668.17	63.5556
1670.3	64.2222
1672.42	62
1674.54	61.3333
1676.66	59.5556
1678.77	55.3333
1680.89	56.8889
1683.01	54.6667
1685.13	54.8889
1687.24	57.5556
1689.36	54.2222
1691.47	51.3333
1693.59	54.2222
1695.7	53.1111
1697.81	53.3333
1699.92	53.5556
1702.04	54.2222
1704.15	52.8889
1706.26	49.5556
1708.37	53.5556
1710.47	51.3333
1712.58	52
1714.69	52.2222
1716.8	52.6667
1718.9	51.7778
1721.01	49.1111
1723.11	50
1725.22	50.8889
1727.32	50.6667
1729.42	50.8889
1731.53	49.5556
1733.63	50.8889
1735.73	48.4444
1737.83	49.5556
1739.93	49.7778
1742.03	48.8889
1744.13	50.6667
1746.23	49.3333
1748.32	48.2222
1750.42	47.5556
1752.52	48.8889
1754.61	49.1111
1756.71	48.2222
1758.8	51.1111
1760.89	47.1111
1762.99	50
1765.08	47.3333
1767.17	49.1111
1769.26	50.2222
1771.35	48.6667
1773.44	48.2222
1775.53	49.5556
1777.62	52.2222
1779.71	49.5556
1781.79	50.8889
1783.88	48.2222
1785.96	50.8889
1788.05	49.7778
1790.13	50.2222
1792.22	48.2222
1794.3	50.2222
1796.38	50
1798.47	52.2222
1800.55	50
1802.63	47.7778
1804.71	49.5556
1806.79	52.6667
1808.87	48.4444
1810.95	50.8889
1813.02	50
1815.1	48.4444
1817.18	50.4444
1819.25	50
1821.33	52.2222
1823.4	48.8889
1825.47	47.7778
1827.55	50
1829.62	50.8889
1831.69	48.8889
1833.76	50
1835.83	46.8889
1837.9	49.1111
1839.97	49.3333
1842.04	49.5556
1844.11	50.6667
1846.18	48.2222
1848.24	50.4444
1850.31	49.1111
1852.38	48.6667
1854.44	46.8889
1856.51	50
1858.57	49.3333
1860.63	48.8889
1862.69	49.3333
1864.76	48.6667
1866.82	48.8889
1868.88	47.1111
1870.94	48
1873	46.8889
1875.06	49.1111
1877.11	48.4444
1879.17	48
1881.23	49.5556
1883.28	49.1111
1885.34	49.3333
1887.4	51.7778
1889.45	50.8889
1891.5	50
1893.56	46.4444
1895.61	50.8889
1897.66	50.8889
1899.71	49.5556
1901.76	52.6667
1903.81	47.1111
1905.86	49.7778
1907.91	47.5556
1909.96	49.5556
1912.01	47.7778
1914.05	49.5556
1916.1	51.5556
1918.15	49.7778
1920.19	45.5556
1922.23	47.7778
1924.28	49.7778
1926.32	52.4444
1928.36	52.6667
1930.41	51.5556
1932.45	50.4444
1934.49	50
1936.53	50
1938.57	50
1940.61	48.6667
1942.64	48.4444
1944.68	49.3333
1946.72	50
1948.76	47.1111
1950.79	49.1111
1952.83	50.2222
1954.86	49.7778
1956.89	48.4444
1958.93	51.3333
1960.96	50
1962.99	48.6667
1965.03	48.4444
1967.06	48.8889
1969.09	49.3333
1971.12	47.3333
1973.14	51.5556
1975.17	48.8889
1977.2	49.5556
1979.23	47.5556
1981.25	48.8889
1983.28	50.4444
1985.31	49.3333
1987.33	49.1111
1989.36	46.4444
1991.38	50.4444
1993.4	49.1111
1995.42	48.6667
1997.45	49.3333
1999.47	51.5556
2001.49	48.8889
2003.51	47.7778
2005.53	48.2222
2007.55	50
2009.56	49.7778
2011.58	50.8889
2013.6	47.3333
2015.61	47.3333
2017.63	48.4444
2019.65	46.6667
2021.66	49.5556
2023.67	49.3333
2025.69	50.2222
2027.7	51.1111
2029.71	47.7778
2031.72	46.6667
2033.73	48
2035.74	52.4444
2037.75	49.3333
2039.76	50.4444
2041.77	49.3333
2043.78	49.5556
2045.79	50.8889
2047.79	45.1111
2049.8	48.6667
2051.8	51.1111
2053.81	49.5556
2055.81	48
2057.82	48.6667
2059.82	51.5556
2061.82	49.1111
2063.82	50.8889
2065.83	50.6667
2067.83	47.3333
2069.83	48.6667
2071.83	48.2222
2073.82	47.5556
2075.82	49.1111
2077.82	46.2222
2079.82	51.5556
2081.81	47.1111
2083.81	50.2222
2085.8	51.7778
2087.8	49.5556
2089.79	48.8889
2091.79	50.4444
2093.78	49.3333
2095.77	50.6667
2097.76	49.5556
2099.76	46.4444
2101.75	47.3333
2103.74	50.8889
2105.72	50.6667
2107.71	48.8889
2109.7	50.8889
2111.69	49.1111
2113.68	49.1111
2115.66	52.6667
2117.65	52.4444
2119.63	48.2222
2121.62	48.8889
2123.6	50
2125.59	51.3333
2127.57	50
2129.55	50.8889
2131.53	51.3333
2133.51	49.5556
2135.49	49.5556
2137.47	50.6667
2139.45	50.4444
2141.43	46.6667
2143.41	50.6667
2145.39	48.4444
2147.36	49.7778
2149.34	48
2151.32	48.8889
2153.29	47.7778
2155.27	50
2157.24	52
2159.21	50.6667
2161.19	49.5556
2163.16	50
2165.13	48.2222
2167.1	48.4444
2169.07	50
2171.04	51.7778
2173.01	50.6667
2174.98	51.1111
2176.95	49.1111
2178.92	51.3333
2180.88	46.8889
2182.85	52.2222
2184.81	50.4444
2186.78	51.1111
2188.74	49.3333
2190.71	51.3333
2192.67	50.8889
2194.63	51.5556
2196.6	49.7778
2198.56	50.2222
2200.52	52.2222
2202.48	51.7778
2204.44	49.7778
2206.4	51.3333
2208.36	49.5556
2210.32	52.6667
2212.28	53.3333
2214.23	50.6667
2216.19	47.3333
2218.14	51.1111
2220.1	50.4444
2222.05	50.2222
2224.01	52.2222
2225.96	50.8889
2227.91	52.2222
2229.87	52.2222
2231.82	50
2233.77	52.8889
2235.72	47.3333
2237.67	50
2239.62	50.8889
2241.57	53.7778
2243.52	51.5556
2245.47	54.4444
2247.41	51.5556
2249.36	51.1111
2251.31	51.7778
2253.25	49.5556
2255.2	52.4444
2257.14	46.6667
2259.09	52.4444
2261.03	51.3333
2262.97	52
2264.91	50.8889
2266.85	49.5556
2268.8	51.5556
2270.74	52
2272.68	50.6667
2274.61	50.2222
2276.55	48.8889
2278.49	49.7778
2280.43	50.6667
2282.37	53.3333
2284.3	51.1111
2286.24	53.1111
2288.17	50
2290.11	52.2222
2292.04	50.6667
2293.98	53.3333
2295.91	50.8889
2297.84	49.7778
2299.77	51.7778
2301.7	51.3333
2303.64	50.6667
2305.56	47.5556
2307.49	52.6667
2309.42	51.1111
2311.35	51.1111
2313.28	49.3333
2315.21	48
2317.13	53.7778
2319.06	50.2222
2320.99	49.7778
2322.91	50.8889
2324.84	50.4444
2326.76	52.2222
2328.68	54.2222
2330.6	52.2222
2332.53	51.7778
2334.45	51.7778
2336.37	52.8889
2338.29	48.4444
2340.21	52
2342.13	52.2222
2344.05	50.2222
2345.97	53.1111
2347.89	51.1111
2349.8	52
2351.72	51.3333
2353.63	53.1111
2355.55	52.2222
2357.47	52.2222
2359.38	54.2222
2361.29	54.8889
2363.21	49.3333
2365.12	50.2222
2367.03	50.8889
2368.94	52.4444
2370.85	52.6667
2372.76	50.2222
2374.67	50.6667
2376.58	48.2222
2378.49	52.8889
2380.4	52.2222
2382.31	53.3333
2384.21	50.4444
2386.12	50.4444
2388.03	51.3333
2389.93	50.2222
2391.84	52
2393.74	49.1111
2395.64	54.6667
2397.55	52.4444
2399.45	53.5556
2401.35	52.2222
2403.25	52.6667
2405.15	50.2222
2407.05	51.7778
2408.95	52.4444
2410.85	50.2222
2412.75	51.1111
2414.65	51.3333
2416.55	54.2222
2418.45	51.5556
2420.34	51.3333
2422.24	52.4444
2424.13	54.6667
2426.03	53.3333
2427.92	49.1111
2429.82	53.1111
2431.71	53.1111
2433.6	51.3333
2435.49	52.4444
2437.39	53.1111
2439.28	53.1111
2441.17	54
2443.06	50.8889
2444.95	53.3333
2446.83	53.3333
2448.72	52.8889
2450.61	51.7778
2452.5	53.5556
2454.39	53.7778
