188.706	238
191.305	241.333
193.902	247.111
196.499	239.333
199.096	246.444
201.69	247.333
204.284	252.667
206.877	261.333
209.47	272.667
212.062	273.556
214.652	272.889
217.242	274
219.83	291.556
222.419	288.222
225.005	284.889
227.592	289.556
230.177	288.222
232.762	281.111
235.345	281.778
237.928	266
240.509	264.667
243.09	246.667
245.671	242.667
248.249	237.778
250.829	221.333
253.405	213.111
255.983	204.667
258.558	204.667
261.132	197.556
263.707	185.778
266.28	182.667
268.852	173.111
271.424	174
273.994	164.889
276.564	170.444
279.133	164.889
281.701	165.111
284.268	164
286.835	158.444
289.4	157.778
291.964	154.444
294.527	151.333
297.091	150.889
299.653	147.111
302.214	139.778
304.774	140
307.334	136
309.892	137.111
312.45	134.444
315.006	128.667
317.562	132.444
320.118	127.556
322.672	133.111
325.225	135.778
327.778	127.333
330.329	132.889
332.88	136.667
335.43	137.333
337.978	138
340.528	142.889
343.075	135.778
345.622	145.333
348.167	147.556
350.712	142.889
353.256	149.778
355.799	140.667
358.341	134.444
360.883	138
363.423	137.111
365.963	132.667
368.502	132.222
371.04	130
373.577	129.778
376.114	127.556
378.649	123.556
381.184	123.333
383.718	126.222
386.251	126.889
388.783	119.333
391.314	121.778
393.844	120.222
396.373	124.889
398.902	124
401.43	131.556
403.957	136
406.484	131.778
409.009	124
411.534	124
414.057	120.444
416.58	115.556
419.102	112.222
421.624	115.556
424.144	113.778
426.663	110
429.181	110.222
431.7	111.333
434.217	112.444
436.732	110.222
439.248	105.111
441.763	111.778
444.277	108.667
446.788	113.333
449.301	113.111
451.812	106.444
454.322	111.556
456.831	108.889
459.341	106.222
461.847	105.778
464.355	107.556
466.861	104.889
469.366	99.3333
471.871	104.889
474.374	103.778
476.877	106.222
479.378	111.556
481.88	113.111
484.381	106.889
486.879	108.222
489.379	111.111
491.876	101.556
494.373	108.222
496.869	102.444
499.365	104.889
501.858	106.444
504.353	100
506.845	102.889
509.338	103.333
511.828	99.7778
514.319	102.444
516.808	98.2222
519.296	100.667
521.785	98.6667
524.272	101.333
526.759	97.7778
529.244	100
531.728	101.556
534.212	101.778
536.695	96.6667
539.178	95.5556
541.659	96
544.139	90
546.619	92.4444
549.098	93.7778
551.575	94.2222
554.052	94.2222
556.529	96.4445
559.005	92.8889
561.479	88.6667
563.953	89.3333
566.427	84.8889
568.899	86.4444
571.37	84.6667
573.84	89.5556
576.311	85.3333
578.78	88.2222
581.248	84.8889
583.715	86.6667
586.181	87.1111
588.647	86.4444
591.113	87.1111
593.577	87.3333
596.04	84.2222
598.503	88.2222
600.964	88
603.425	87.7778
605.885	87.5556
608.344	90.6667
610.803	90.6667
613.26	86
615.718	91.7778
618.174	90.6667
620.63	94.2222
623.084	96
625.538	97.5556
627.99	102.667
630.443	105.778
632.894	104
635.344	112.667
637.792	119.556
640.241	130.667
642.689	150.444
645.137	170
647.583	201.556
650.029	242.667
652.474	293.778
654.918	360.444
657.361	389.556
659.804	359.333
662.246	287.556
664.685	227.556
667.125	187.556
669.565	150.222
672.003	142.667
674.441	119.556
676.877	113.556
679.313	117.778
681.749	114.222
684.183	110.889
686.617	112.444
689.049	115.778
691.481	121.111
693.913	127.556
696.342	137.556
698.772	151.778
701.201	157.556
703.63	171.778
706.056	180.667
708.483	188.444
710.909	185.111
713.333	184.889
715.758	185.778
718.18	177.556
720.603	181.556
723.025	189.333
725.445	197.778
727.866	210.889
730.284	209.778
732.703	217.556
735.122	219.556
737.538	218.444
739.955	216.667
742.369	216.667
744.784	216.444
747.197	214.667
749.611	200.889
752.023	201.333
754.435	199.556
756.845	192.889
759.255	183.556
761.664	180.889
764.071	173.556
766.48	171.556
768.886	170.889
771.292	168
773.697	170.667
776.102	162
778.505	154.889
780.907	152.667
783.31	150.667
785.711	147.556
788.111	151.333
790.511	147.556
792.91	156
795.308	151.778
797.706	152
800.102	149.556
802.497	145.556
804.892	148.667
807.287	151.556
809.68	151.556
812.072	145.111
814.464	150.222
816.855	154.889
819.246	162
821.635	168.222
824.024	169.778
826.412	179.111
828.799	176.444
831.186	180.667
833.572	176.444
835.956	179.111
838.34	188.222
840.723	196.222
843.106	194.667
845.487	209.111
847.868	204
850.248	213.333
852.628	206
855.006	205.111
857.384	204.444
859.761	204.667
862.138	208.222
864.513	212.667
866.888	214.667
869.262	221.556
871.636	216.444
874.008	225.111
876.38	216.667
878.751	213.556
881.121	207.556
883.491	203.556
885.86	211.111
888.228	212.444
890.595	231.333
892.962	224.444
895.327	220.889
897.691	214.222
900.055	208.444
902.419	196.222
904.782	188.444
907.144	180.444
909.505	176
911.864	175.556
914.224	171.556
916.583	176.667
918.941	171.556
921.298	167.556
923.654	167.111
926.01	167.111
928.366	161.333
930.719	163.778
933.073	164.889
935.426	162
937.777	158.444
940.129	160.444
942.479	152.667
944.828	146
947.178	148.667
949.526	146.444
951.873	147.778
954.22	143.778
956.565	144.222
958.911	145.778
961.254	142.444
963.598	147.778
965.942	145.333
968.283	150.222
970.625	142.444
972.965	141.556
975.305	139.556
977.644	141.778
979.983	140
982.32	137.333
984.657	141.333
986.993	146
989.327	148
991.663	150.222
993.996	150.667
996.33	152
998.662	166.889
1000.99	159.333
1003.32	157.778
1005.65	164.222
1007.98	175.778
1010.31	169.556
1012.64	177.333
1014.97	183.556
1017.29	189.333
1019.62	197.778
1021.94	205.111
1024.27	209.111
1026.59	223.111
1028.91	231.333
1031.24	229.333
1033.56	223.111
1035.88	231.111
1038.2	238.222
1040.51	244.222
1042.83	243.333
1045.15	237.778
1047.47	238.444
1049.78	232.222
1052.1	235.778
1054.41	232
1056.73	236.667
1059.04	250.222
1061.35	275.556
1063.66	296.889
1065.97	292.444
1068.28	299.778
1070.59	279.556
1072.9	290.667
1075.21	300.222
1077.52	313.778
1079.82	324.667
1082.13	328.889
1084.43	310.889
1086.74	295.111
1089.04	276.667
1091.34	263.778
1093.65	233.778
1095.95	206.444
1098.25	196.222
1100.55	182.444
1102.85	176.667
1105.14	174.222
1107.44	174.889
1109.74	174.889
1112.03	184
1114.33	193.333
1116.62	193.778
1118.92	210.444
1121.21	221.778
1123.5	227.556
1125.79	222
1128.09	212
1130.38	188
1132.67	169.556
1134.95	151.111
1137.24	148.667
1139.53	146.444
1141.82	142.667
1144.1	150.444
1146.39	149.778
1148.67	150.222
1150.95	153.111
1153.24	155.556
1155.52	154.444
1157.8	157.111
1160.08	164.222
1162.36	165.111
1164.64	158.222
1166.92	160.222
1169.2	158.444
1171.47	158.667
1173.75	159.556
1176.03	150.667
1178.3	150.889
1180.58	153.111
1182.85	143.333
1185.12	153.333
1187.39	144
1189.66	147.778
1191.94	144.667
1194.21	147.111
1196.48	142.444
1198.74	141.556
1201.01	139.111
1203.28	139.778
1205.54	145.111
1207.81	140.889
1210.07	145.111
1212.34	140
1214.6	142
1216.86	146.667
1219.13	144.444
1221.39	143.333
1223.65	140.667
1225.91	144.222
1228.17	143.778
1230.43	145.556
1232.68	146.222
1234.94	150.889
1237.2	144.444
1239.45	150
1241.71	153.333
1243.96	154.889
1246.22	157.333
1248.47	160.667
1250.72	156.444
1252.97	156.222
1255.22	159.556
1257.47	159.111
1259.72	162.222
1261.97	168.444
1264.22	174.667
1266.46	174.667
1268.71	182
1270.95	178.889
1273.2	187.556
1275.44	188.667
1277.69	193.333
1279.93	196.222
1282.17	211.556
1284.41	215.333
1286.65	231.556
1288.89	241.778
1291.13	274.889
1293.37	294.444
1295.61	330
1297.85	386.444
1300.08	433.111
1302.32	462
1304.55	445.111
1306.79	426.444
1309.02	386
1311.26	358.222
1313.49	326.889
1315.72	297.111
1317.95	275.111
1320.18	250.889
1322.41	237.556
1324.64	220.222
1326.86	207.556
1329.09	192.444
1331.32	179.778
1333.55	170.444
1335.77	173.556
1337.99	169.556
1340.22	170.222
1342.44	168.222
1344.66	175.333
1346.89	170.889
1349.11	163.556
1351.33	158.444
1353.55	156.889
1355.77	156.667
1357.98	155.111
1360.2	152.444
1362.42	158.889
1364.63	165.778
1366.85	172
1369.06	169.778
1371.28	169.111
1373.49	164.444
1375.7	161.333
1377.92	154.444
1380.13	153.111
1382.34	151.556
1384.55	154.222
1386.76	144.889
1388.97	145.556
1391.17	144.444
1393.38	142.667
1395.59	145.556
1397.79	147.333
1400	149.333
1402.2	152
1404.41	155.556
1406.61	158.667
1408.81	162.889
1411.01	169.333
1413.21	174.667
1415.41	179.556
1417.61	186.889
1419.81	199.556
1422.01	215.556
1424.21	244.889
1426.4	287.333
1428.6	341.556
1430.8	414.444
1432.99	496.889
1435.18	587.556
1437.38	641.333
1439.57	671.111
1441.76	651.778
1443.95	632.222
1446.14	581.333
1448.33	571.555
1450.52	542
1452.71	523.778
1454.9	512.222
1457.09	492.444
1459.27	471.778
1461.46	439.333
1463.64	399.333
1465.83	372.667
1468.01	341.778
1470.2	307.111
1472.38	278.444
1474.56	263.111
1476.74	242
1478.92	228.667
1481.1	203.556
1483.28	206.889
1485.46	195.556
1487.64	183.111
1489.81	186.667
1491.99	175.333
1494.16	171.333
1496.34	167.778
1498.51	168
1500.69	162.222
1502.86	159.778
1505.03	157.778
1507.21	152
1509.38	151.778
1511.55	152
1513.72	149.778
1515.89	154.444
1518.05	148.667
1520.22	152
1522.39	146
1524.55	147.778
1526.72	140.222
1528.88	146.222
1531.05	141.778
1533.21	142.222
1535.37	144
1537.54	137.778
1539.7	138
1541.86	139.333
1544.02	137.778
1546.18	137.111
1548.34	138.667
1550.5	137.778
1552.65	139.111
1554.81	138
1556.97	136.222
1559.12	136.222
1561.28	130
1563.43	134
1565.58	138.444
1567.74	135.556
1569.89	133.778
1572.04	134.667
1574.19	130
1576.34	135.111
1578.49	133.778
1580.64	132.889
1582.79	132.889
1584.94	134.444
1587.08	137.111
1589.23	131.333
1591.37	132.444
1593.52	134.444
1595.66	137.111
1597.81	135.556
1599.95	131.778
1602.09	134.444
1604.23	129.556
1606.37	137.333
1608.51	127.111
1610.65	133.111
1612.79	131.111
1614.93	130.222
1617.07	127.111
1619.21	132
1621.34	132.889
1623.48	129.111
1625.61	128.667
1627.75	128
1629.88	126
1632.01	131.778
1634.15	129.778
1636.28	126.222
1638.41	134.222
1640.54	132.444
1642.67	128.889
1644.8	134.444
1646.93	128
1649.05	130.444
1651.18	126.889
1653.31	128.889
1655.43	126.889
1657.56	131.778
1659.68	125.333
1661.81	130.444
1663.93	130
1666.05	130.444
1668.17	131.333
1670.3	131.778
1672.42	131.778
1674.54	134.222
1676.66	132.889
1678.77	134.667
1680.89	128.667
1683.01	128.889
1685.13	127.111
1687.24	126.667
1689.36	129.778
1691.47	127.333
1693.59	133.333
1695.7	130.222
1697.81	130
1699.92	130.222
1702.04	131.333
1704.15	138.222
1706.26	134
1708.37	133.778
1710.47	128
1712.58	134.667
1714.69	134.667
1716.8	132.889
1718.9	130.667
1721.01	130.889
1723.11	130
1725.22	133.778
1727.32	134.889
1729.42	128.889
1731.53	128.444
1733.63	131.778
1735.73	132.667
1737.83	129.333
1739.93	128.889
1742.03	130.222
1744.13	130.667
1746.23	132.889
1748.32	125.556
1750.42	131.111
1752.52	129.111
1754.61	132
1756.71	137.111
1758.8	134.667
1760.89	129.778
1762.99	130
1765.08	128.889
1767.17	129.333
1769.26	131.556
1771.35	135.111
1773.44	134.889
1775.53	129.778
1777.62	132.222
1779.71	130.222
1781.79	134.222
1783.88	132.889
1785.96	133.556
1788.05	133.556
1790.13	138.222
1792.22	138
1794.3	138.444
1796.38	132
1798.47	127.778
1800.55	134
1802.63	136.889
1804.71	132.222
1806.79	136.222
1808.87	135.333
1810.95	134
1813.02	134.222
1815.1	135.556
1817.18	134.667
1819.25	134.667
1821.33	134.444
1823.4	132.889
1825.47	131.556
1827.55	128.667
1829.62	133.556
1831.69	134.222
1833.76	138.222
1835.83	132.889
1837.9	132.667
1839.97	135.333
1842.04	138.222
1844.11	131.556
1846.18	129.556
1848.24	135.111
1850.31	135.556
1852.38	132.222
1854.44	135.333
1856.51	140.222
1858.57	135.333
1860.63	132.889
1862.69	134.444
1864.76	133.778
1866.82	137.111
1868.88	136.889
1870.94	137.556
1873	134.889
1875.06	133.111
1877.11	140.222
1879.17	134.222
1881.23	137.556
1883.28	137.333
1885.34	133.333
1887.4	137.111
1889.45	132.889
1891.5	136
1893.56	139.111
1895.61	141.778
1897.66	134
1899.71	137.111
1901.76	134.444
1903.81	138
1905.86	134.889
1907.91	139.556
1909.96	137.333
1912.01	143.778
1914.05	142.444
1916.1	133.556
1918.15	137.778
1920.19	142
1922.23	142.444
1924.28	140.444
1926.32	141.333
1928.36	135.778
1930.41	138.222
1932.45	140.444
1934.49	136.667
1936.53	138.889
1938.57	139.778
1940.61	134.667
1942.64	137.556
1944.68	140
1946.72	141.111
1948.76	137.556
1950.79	133.778
1952.83	135.556
1954.86	143.778
1956.89	138.222
1958.93	135.778
1960.96	134.889
1962.99	140.667
1965.03	142.222
1967.06	139.333
1969.09	143.111
1971.12	143.778
1973.14	142.222
1975.17	141.778
1977.2	134.444
1979.23	140.889
1981.25	136.222
1983.28	137.333
1985.31	139.333
1987.33	138
1989.36	141.778
1991.38	144
1993.4	138.444
1995.42	135.556
1997.45	142.222
1999.47	139.778
2001.49	140
2003.51	143.556
2005.53	136.222
2007.55	145.111
2009.56	141.111
2011.58	140.667
2013.6	141.778
2015.61	142.222
2017.63	144
2019.65	142.444
2021.66	145.111
2023.67	146.667
2025.69	148.889
2027.7	144.667
2029.71	149.333
2031.72	149.778
2033.73	140.222
2035.74	146
2037.75	146.889
2039.76	144
2041.77	142
2043.78	144.667
2045.79	144.667
2047.79	143.111
2049.8	145.556
2051.8	145.556
2053.81	140.444
2055.81	145.333
2057.82	142.889
2059.82	145.111
2061.82	146.667
2063.82	146.889
2065.83	148
2067.83	141.778
2069.83	146.444
2071.83	148
2073.82	141.333
2075.82	144.222
2077.82	149.111
2079.82	145.111
2081.81	147.556
2083.81	152.667
2085.8	145.556
2087.8	144.667
2089.79	147.333
2091.79	148.889
2093.78	152
2095.77	144.222
2097.76	145.556
2099.76	145.111
2101.75	151.556
2103.74	145.111
2105.72	147.333
2107.71	148
2109.7	143.556
2111.69	147.556
2113.68	149.556
2115.66	145.111
2117.65	148.222
2119.63	144
2121.62	153.556
2123.6	148.444
2125.59	152.222
2127.57	145.778
2129.55	154
2131.53	150.889
2133.51	147.778
2135.49	152.222
2137.47	152
2139.45	152.444
2141.43	150.667
2143.41	152.667
2145.39	147.333
2147.36	150.222
2149.34	148.444
2151.32	151.556
2153.29	152.889
2155.27	149.778
2157.24	150.667
2159.21	155.333
2161.19	154
2163.16	155.778
2165.13	146.889
2167.1	150.667
2169.07	152.222
2171.04	152.667
2173.01	152.667
2174.98	160.667
2176.95	158.889
2178.92	148.444
2180.88	154.444
2182.85	158
2184.81	157.111
2186.78	159.333
2188.74	156.444
2190.71	155.111
2192.67	161.111
2194.63	153.333
2196.6	151.111
2198.56	155.556
2200.52	156.667
2202.48	152
2204.44	163.778
2206.4	155.556
2208.36	152.889
2210.32	160.444
2212.28	161.778
2214.23	155.556
2216.19	152.444
2218.14	159.333
2220.1	156
2222.05	157.778
2224.01	150
2225.96	155.556
2227.91	150.667
2229.87	151.556
2231.82	160
2233.77	155.778
2235.72	158.444
2237.67	154.667
2239.62	154.889
2241.57	157.556
2243.52	156.222
2245.47	158.889
2247.41	160.667
2249.36	155.778
2251.31	159.111
2253.25	161.333
2255.2	157.111
2257.14	160.222
2259.09	155.556
2261.03	156.222
2262.97	152.667
2264.91	153.778
2266.85	159.333
2268.8	158.222
2270.74	155.333
2272.68	154.444
2274.61	149.556
2276.55	154.444
2278.49	156.889
2280.43	151.333
2282.37	157.111
2284.3	154.444
2286.24	158.222
2288.17	156.667
2290.11	160
2292.04	162.444
2293.98	155.778
2295.91	150.222
2297.84	153.778
2299.77	155.333
2301.7	158.889
2303.64	155.556
2305.56	157.333
2307.49	153.111
2309.42	158.444
2311.35	163.778
2313.28	155.333
2315.21	156.222
2317.13	164.444
2319.06	158.667
2320.99	160.222
2322.91	155.333
2324.84	159.778
2326.76	164.889
2328.68	159.556
2330.6	162.889
2332.53	150
2334.45	159.333
2336.37	157.778
2338.29	160.444
2340.21	154.667
2342.13	161.111
2344.05	160.667
2345.97	157.333
2347.89	161.111
2349.8	158.444
2351.72	160.444
2353.63	162.222
2355.55	161.778
2357.47	161.778
2359.38	158.222
2361.29	159.556
2363.21	156.444
2365.12	160.889
2367.03	156.667
2368.94	160.222
2370.85	163.111
2372.76	160.889
2374.67	156.222
2376.58	160.667
2378.49	166.667
2380.4	158.667
2382.31	164.444
2384.21	162.444
2386.12	161.778
2388.03	160.667
2389.93	161.778
2391.84	160.667
2393.74	163.778
2395.64	159.778
2397.55	161.778
2399.45	163.333
2401.35	159.556
2403.25	162.889
2405.15	166.222
2407.05	165.111
2408.95	158.889
2410.85	162.444
2412.75	160.889
2414.65	161.333
2416.55	162.667
2418.45	161.556
2420.34	163.556
2422.24	165.333
2424.13	160.667
2426.03	167.333
2427.92	164.667
2429.82	170.889
2431.71	166.667
2433.6	164.222
2435.49	166
2437.39	168.889
2439.28	160.889
2441.17	164.667
2443.06	162.889
2444.95	167.556
2446.83	172.667
2448.72	174.222
2450.61	164.667
2452.5	169.111
2454.39	171.111
