188.706	230
191.305	228.444
193.902	230.222
196.499	240
199.096	237.111
201.69	240
204.284	252.444
206.877	245.333
209.47	258
212.062	254.444
214.652	270
217.242	265.333
219.83	271.333
222.419	271.778
225.005	271.778
227.592	276.667
230.177	271.556
232.762	265.778
235.345	267.333
237.928	257.111
240.509	245.333
243.09	241.556
245.671	232
248.249	226.667
250.829	213.333
253.405	206
255.983	200.222
258.558	194.667
261.132	192.444
263.707	176.222
266.28	184
268.852	172.444
271.424	165.333
273.994	166
276.564	159.111
279.133	155.111
281.701	158.667
284.268	155.778
286.835	154.444
289.4	147.333
291.964	149.111
294.527	141.556
297.091	142.889
299.653	140.667
302.214	142.444
304.774	133.556
307.334	132.667
309.892	126.444
312.45	130.889
315.006	129.778
317.562	127.556
320.118	127.778
322.672	122.667
325.225	125.111
327.778	128.444
330.329	125.778
332.88	129.111
335.43	134.667
337.978	133.111
340.528	136.444
343.075	138.222
345.622	142.889
348.167	140.889
350.712	140.889
353.256	136.667
355.799	138.667
358.341	134.222
360.883	133.111
363.423	128
365.963	125.111
368.502	123.111
371.04	123.778
373.577	122.667
376.114	124.667
378.649	127.333
381.184	116
383.718	117.556
386.251	112.222
388.783	114.889
391.314	114.222
393.844	115.333
396.373	122.667
398.902	121.333
401.43	126.222
403.957	128.444
406.484	122.222
409.009	120.889
411.534	118
414.057	116.222
416.58	111.556
419.102	114.222
421.624	112.222
424.144	106.889
426.663	109.556
429.181	103.333
431.7	106
434.217	105.556
436.732	104.667
439.248	108
441.763	111.778
444.277	108.889
446.788	108.222
449.301	109.111
451.812	107.556
454.322	108.667
456.831	106.222
459.341	102.444
461.847	102
464.355	104.444
466.861	103.778
469.366	98.2222
471.871	102.444
474.374	103.111
476.877	100.222
479.378	102
481.88	100.667
484.381	102.889
486.879	101.778
489.379	104.667
491.876	102.667
494.373	105.556
496.869	101.333
499.365	103.111
501.858	94
504.353	98.8889
506.845	97.7778
509.338	99.3333
511.828	102.667
514.319	95.5556
516.808	99.7778
519.296	95.7778
521.785	97.7778
524.272	98.4444
526.759	99.7778
529.244	97.3333
531.728	93.3333
534.212	94.6667
536.695	100.444
539.178	95.7778
541.659	92.2222
544.139	94.4444
546.619	94.6667
549.098	88.8889
551.575	88.8889
554.052	90.4444
556.529	84
559.005	90.6667
561.479	90.2222
563.953	86.8889
566.427	84.8889
568.899	84
571.37	82.8889
573.84	84
576.311	86.4444
578.78	80.8889
581.248	81.7778
583.715	84
586.181	86.6667
588.647	84.4444
591.113	85.5556
593.577	84.2222
596.04	81.1111
598.503	89.7778
600.964	87.5556
603.425	89.7778
605.885	91.3333
608.344	91.7778
610.803	84
613.26	88.4444
615.718	90.4445
618.174	92.4444
620.63	93.3333
623.084	96.2222
625.538	99.1111
627.99	100.889
630.443	102.222
632.894	103.778
635.344	108.444
637.792	118.222
640.241	130.222
642.689	141.778
645.137	165.556
647.583	194.444
650.029	237.333
652.474	289.556
654.918	342
657.361	358
659.804	334.889
662.246	282
664.685	217.333
667.125	173.778
669.565	147.111
672.003	132.667
674.441	115.111
676.877	113.333
679.313	108
681.749	110
684.183	108.889
686.617	114
689.049	113.333
691.481	121.111
693.913	127.333
696.342	131.333
698.772	150.222
701.201	154
703.63	164.444
706.056	182
708.483	187.333
710.909	183.778
713.333	178
715.758	178.667
718.18	173.333
720.603	177.556
723.025	181.778
725.445	192.889
727.866	198.667
730.284	206.444
732.703	205.333
735.122	210.889
737.538	216.444
739.955	219.333
742.369	211.778
744.784	205.111
747.197	208.667
749.611	200
752.023	190.222
754.435	191.556
756.845	181.333
759.255	170
761.664	174.222
764.071	166.889
766.48	168
768.886	164.222
771.292	157.111
773.697	163.556
776.102	154.667
778.505	151.778
780.907	149.556
783.31	148
785.711	139.333
788.111	146.889
790.511	145.111
792.91	139.778
795.308	136.667
797.706	143.556
800.102	143.111
802.497	142
804.892	148
807.287	141.111
809.68	144.444
812.072	139.778
814.464	146.222
816.855	152.889
819.246	157.111
821.635	161.111
824.024	162.222
826.412	170.889
828.799	171.111
831.186	178.889
833.572	181.333
835.956	177.556
838.34	179.556
840.723	180.222
843.106	191.333
845.487	194
847.868	201.778
850.248	200.889
852.628	204
855.006	194.667
857.384	198.444
859.761	200.667
862.138	203.333
864.513	200.444
866.888	210.889
869.262	213.778
871.636	214.667
874.008	208.222
876.38	209.778
878.751	205.333
881.121	201.778
883.491	200.444
885.86	206.667
888.228	215.556
890.595	216.444
892.962	222.889
895.327	216.444
897.691	198.889
900.055	200
902.419	184
904.782	174.444
907.144	173.556
909.505	171.333
911.864	166.667
914.224	167.778
916.583	163.778
918.941	160.667
921.298	156.222
923.654	157.778
926.01	162.667
928.366	154.444
930.719	156.667
933.073	155.111
935.426	150.667
937.777	151.556
940.129	148.444
942.479	145.778
944.828	140
947.178	140.444
949.526	140
951.873	136.889
954.22	144
956.565	142.444
958.911	147.333
961.254	145.333
963.598	141.333
965.942	144.667
968.283	143.111
970.625	141.778
972.965	137.778
975.305	128.667
977.644	135.556
979.983	132.889
982.32	138.667
984.657	139.333
986.993	136
989.327	148
991.663	145.556
993.996	145.556
996.33	150
998.662	155.778
1000.99	151.333
1003.32	162.444
1005.65	153.556
1007.98	164.222
1010.31	165.333
1012.64	170.667
1014.97	174.222
1017.29	185.333
1019.62	187.778
1021.94	191.111
1024.27	203.556
1026.59	207.111
1028.91	219.778
1031.24	228
1033.56	223.778
1035.88	233.333
1038.2	232.444
1040.51	240.889
1042.83	234.667
1045.15	243.333
1047.47	234.222
1049.78	228.889
1052.1	220.444
1054.41	228.444
1056.73	230.667
1059.04	246.222
1061.35	268.222
1063.66	287.778
1065.97	290
1068.28	284.222
1070.59	271.111
1072.9	278.222
1075.21	291.333
1077.52	299.111
1079.82	317.556
1082.13	314.222
1084.43	299.778
1086.74	281.778
1089.04	266.667
1091.34	243.556
1093.65	221.333
1095.95	204.889
1098.25	185.333
1100.55	180
1102.85	169.778
1105.14	171.556
1107.44	167.556
1109.74	173.111
1112.03	175.778
1114.33	181.556
1116.62	181.778
1118.92	198.444
1121.21	214.889
1123.5	221.333
1125.79	214.889
1128.09	200.667
1130.38	183.556
1132.67	165.333
1134.95	146.222
1137.24	141.333
1139.53	139.111
1141.82	139.333
1144.1	142.889
1146.39	145.556
1148.67	146.667
1150.95	144.889
1153.24	154
1155.52	154.667
1157.8	152.222
1160.08	156.444
1162.36	156.444
1164.64	153.333
1166.92	155.333
1169.2	153.778
1171.47	147.333
1173.75	145.778
1176.03	144.222
1178.3	139.333
1180.58	147.333
1182.85	140.444
1185.12	143.333
1187.39	142.444
1189.66	141.333
1191.94	143.333
1194.21	134.222
1196.48	134.444
1198.74	144.667
1201.01	139.111
1203.28	138.667
1205.54	141.111
1207.81	137.778
1210.07	136.222
1212.34	137.778
1214.6	141.778
1216.86	137.778
1219.13	140.444
1221.39	139.111
1223.65	144.444
1225.91	131.111
1228.17	137.333
1230.43	144.889
1232.68	144
1234.94	144.222
1237.2	143.778
1239.45	146.889
1241.71	149.778
1243.96	148
1246.22	150.667
1248.47	150.222
1250.72	153.778
1252.97	152.222
1255.22	154
1257.47	152.444
1259.72	159.778
1261.97	164.667
1264.22	164
1266.46	171.111
1268.71	172.222
1270.95	180.222
1273.2	182.444
1275.44	180
1277.69	186
1279.93	193.556
1282.17	206.444
1284.41	218.667
1286.65	225.778
1288.89	233.556
1291.13	253.333
1293.37	284.889
1295.61	320.889
1297.85	369.333
1300.08	412
1302.32	430.444
1304.55	423.111
1306.79	401.556
1309.02	376.889
1311.26	343.111
1313.49	310.889
1315.72	281.778
1317.95	257.778
1320.18	242.889
1322.41	222.444
1324.64	217.556
1326.86	200.667
1329.09	186.444
1331.32	174.444
1333.55	167.556
1335.77	161.111
1337.99	159.333
1340.22	163.778
1342.44	162.889
1344.66	163.778
1346.89	168.889
1349.11	157.778
1351.33	157.111
1353.55	152.444
1355.77	152.222
1357.98	154.444
1360.2	156.222
1362.42	160.222
1364.63	156.444
1366.85	158.889
1369.06	171.556
1371.28	163.778
1373.49	157.111
1375.7	158.444
1377.92	151.333
1380.13	148.889
1382.34	146.222
1384.55	140.889
1386.76	140
1388.97	138.444
1391.17	138.222
1393.38	142
1395.59	137.333
1397.79	146
1400	147.778
1402.2	146.222
1404.41	150.222
1406.61	159.556
1408.81	154.222
1411.01	160.667
1413.21	166.222
1415.41	169.778
1417.61	177.556
1419.81	191.556
1422.01	213.333
1424.21	235.778
1426.4	280.444
1428.6	330.889
1430.8	400.889
1432.99	481.333
1435.18	554.889
1437.38	617.333
1439.57	636.889
1441.76	618.444
1443.95	584.444
1446.14	558.222
1448.33	540.889
1450.52	520.444
1452.71	505.333
1454.9	498.667
1457.09	479.556
1459.27	461.778
1461.46	427.111
1463.64	385.778
1465.83	361.778
1468.01	330
1470.2	299.778
1472.38	268.889
1474.56	246.444
1476.74	231.111
1478.92	216.889
1481.1	206.667
1483.28	198.222
1485.46	189.333
1487.64	183.556
1489.81	178.222
1491.99	169.111
1494.16	170.667
1496.34	166.222
1498.51	169.111
1500.69	156.222
1502.86	152.667
1505.03	151.778
1507.21	153.111
1509.38	148.222
1511.55	148.444
1513.72	144.444
1515.89	147.556
1518.05	150.889
1520.22	140.889
1522.39	142
1524.55	139.111
1526.72	135.778
1528.88	138.667
1531.05	137.778
1533.21	140
1535.37	142.889
1537.54	137.111
1539.7	141.111
1541.86	136
1544.02	138.222
1546.18	135.778
1548.34	136.444
1550.5	133.778
1552.65	134.667
1554.81	134.889
1556.97	133.556
1559.12	130.667
1561.28	133.778
1563.43	133.333
1565.58	127.333
1567.74	131.111
1569.89	131.333
1572.04	131.556
1574.19	133.778
1576.34	135.333
1578.49	136
1580.64	132.222
1582.79	134.222
1584.94	128.222
1587.08	130.889
1589.23	134.667
1591.37	129.333
1593.52	131.333
1595.66	133.556
1597.81	129.333
1599.95	129.111
1602.09	126.667
1604.23	128.444
1606.37	127.111
1608.51	128
1610.65	128
1612.79	121.111
1614.93	127.778
1617.07	123.778
1619.21	125.778
1621.34	126.444
1623.48	132.222
1625.61	128
1627.75	122.889
1629.88	125.556
1632.01	126.444
1634.15	123.333
1636.28	133.111
1638.41	124.444
1640.54	128.444
1642.67	128.222
1644.8	129.556
1646.93	124.222
1649.05	130.667
1651.18	122.889
1653.31	125.111
1655.43	122.444
1657.56	128.222
1659.68	127.333
1661.81	122.667
1663.93	126.444
1666.05	131.333
1668.17	125.111
1670.3	128.889
1672.42	123.778
1674.54	125.333
1676.66	132.667
1678.77	126.667
1680.89	128.667
1683.01	130.444
1685.13	130
1687.24	128.667
1689.36	129.111
1691.47	122.667
1693.59	126.667
1695.7	128.444
1697.81	128.444
1699.92	129.333
1702.04	127.556
1704.15	124.889
1706.26	131.111
1708.37	128.444
1710.47	127.556
1712.58	124.222
1714.69	131.778
1716.8	129.333
1718.9	129.778
1721.01	128.222
1723.11	128.667
1725.22	127.333
1727.32	129.556
1729.42	133.111
1731.53	131.111
1733.63	129.778
1735.73	126.889
1737.83	126
1739.93	128
1742.03	129.111
1744.13	125.333
1746.23	132
1748.32	131.778
1750.42	125.556
1752.52	130.889
1754.61	129.333
1756.71	131.778
1758.8	128
1760.89	124.889
1762.99	122.444
1765.08	132.222
1767.17	127.556
1769.26	128.444
1771.35	130.444
1773.44	124.222
1775.53	132.222
1777.62	130.667
1779.71	126.889
1781.79	128.667
1783.88	131.333
1785.96	125.556
1788.05	130.222
1790.13	128
1792.22	127.111
1794.3	130.222
1796.38	130.667
1798.47	129.333
1800.55	132.444
1802.63	130
1804.71	129.333
1806.79	130.444
1808.87	132.222
1810.95	130.444
1813.02	134.444
1815.1	135.778
1817.18	132.889
1819.25	126.444
1821.33	130
1823.4	130.222
1825.47	133.556
1827.55	132.444
1829.62	133.111
1831.69	128.889
1833.76	130.889
1835.83	133.556
1837.9	133.778
1839.97	132.222
1842.04	132.222
1844.11	131.333
1846.18	133.333
1848.24	126.222
1850.31	134.222
1852.38	132.889
1854.44	130
1856.51	129.333
1858.57	135.333
1860.63	122.889
1862.69	134.889
1864.76	134.889
1866.82	133.111
1868.88	132.667
1870.94	128.667
1873	132.667
1875.06	132.444
1877.11	136.889
1879.17	130
1881.23	128.889
1883.28	133.556
1885.34	128.889
1887.4	135.778
1889.45	131.778
1891.5	131.778
1893.56	133.556
1895.61	136.222
1897.66	134.222
1899.71	136
1901.76	135.333
1903.81	134
1905.86	132.667
1907.91	137.111
1909.96	134.444
1912.01	133.778
1914.05	128.444
1916.1	136.667
1918.15	134.667
1920.19	133.778
1922.23	134.889
1924.28	133.333
1926.32	133.111
1928.36	133.111
1930.41	138.667
1932.45	135.778
1934.49	136.444
1936.53	129.778
1938.57	131.778
1940.61	135.333
1942.64	134.889
1944.68	135.778
1946.72	135.778
1948.76	136.889
1950.79	134.889
1952.83	136.222
1954.86	130
1956.89	132.444
1958.93	129.778
1960.96	140.222
1962.99	142.222
1965.03	134.889
1967.06	136.444
1969.09	129.778
1971.12	134
1973.14	131.556
1975.17	136.444
1977.2	142.222
1979.23	141.556
1981.25	134.667
1983.28	134.222
1985.31	136.667
1987.33	136.222
1989.36	136.444
1991.38	134.222
1993.4	135.111
1995.42	140.889
1997.45	136.667
1999.47	137.556
2001.49	139.111
2003.51	138
2005.53	133.778
2007.55	133.111
2009.56	143.333
2011.58	140.667
2013.6	139.333
2015.61	136.889
2017.63	141.111
2019.65	136
2021.66	142
2023.67	138.889
2025.69	145.111
2027.7	135.556
2029.71	141.556
2031.72	138
2033.73	146
2035.74	139.333
2037.75	142.444
2039.76	144.667
2041.77	143.778
2043.78	142.889
2045.79	143.333
2047.79	145.556
2049.8	138
2051.8	142.667
2053.81	140.667
2055.81	141.778
2057.82	144.667
2059.82	148.222
2061.82	144.444
2063.82	144.222
2065.83	146.889
2067.83	144.444
2069.83	142.667
2071.83	145.111
2073.82	145.778
2075.82	146.444
2077.82	141.556
2079.82	146.667
2081.81	138.667
2083.81	141.333
2085.8	148.667
2087.8	142.667
2089.79	143.778
2091.79	141.111
2093.78	142.889
2095.77	150.667
2097.76	141.333
2099.76	144
2101.75	149.333
2103.74	145.778
2105.72	142.222
2107.71	150
2109.7	143.333
2111.69	147.556
2113.68	142
2115.66	148.667
2117.65	148.444
2119.63	145.111
2121.62	137.556
2123.6	148.889
2125.59	150.444
2127.57	150.667
2129.55	147.556
2131.53	149.778
2133.51	144.889
2135.49	144.889
2137.47	152.444
2139.45	148.222
2141.43	148.444
2143.41	147.111
2145.39	150.667
2147.36	146.222
2149.34	148.444
2151.32	145.556
2153.29	148.222
2155.27	152
2157.24	152.444
2159.21	147.778
2161.19	156.889
2163.16	153.556
2165.13	152.667
2167.1	153.778
2169.07	151.111
2171.04	154.889
2173.01	155.556
2174.98	152.222
2176.95	153.333
2178.92	152
2180.88	154.444
2182.85	154
2184.81	154.667
2186.78	158.667
2188.74	152
2190.71	154.222
2192.67	147.556
2194.63	145.556
2196.6	154.222
2198.56	152.222
2200.52	156
2202.48	156.889
2204.44	153.778
2206.4	153.778
2208.36	152.444
2210.32	152.889
2212.28	155.556
2214.23	150.444
2216.19	153.778
2218.14	151.333
2220.1	150.667
2222.05	151.556
2224.01	151.111
2225.96	152
2227.91	146.222
2229.87	155.778
2231.82	152
2233.77	152.444
2235.72	152
2237.67	152.222
2239.62	150.444
2241.57	154.889
2243.52	157.556
2245.47	152.889
2247.41	156.222
2249.36	151.556
2251.31	147.333
2253.25	150.222
2255.2	157.333
2257.14	145.556
2259.09	154.222
2261.03	150.222
2262.97	154.667
2264.91	153.111
2266.85	156.222
2268.8	158.889
2270.74	152.667
2272.68	151.556
2274.61	152.222
2276.55	151.778
2278.49	157.333
2280.43	148.889
2282.37	152.889
2284.3	155.333
2286.24	147.111
2288.17	156
2290.11	153.556
2292.04	148
2293.98	151.778
2295.91	155.556
2297.84	152.889
2299.77	154.222
2301.7	153.333
2303.64	153.556
2305.56	158.222
2307.49	153.556
2309.42	154.889
2311.35	154.444
2313.28	153.556
2315.21	157.333
2317.13	149.111
2319.06	154.667
2320.99	158.444
2322.91	155.778
2324.84	154.444
2326.76	154.667
2328.68	154.667
2330.6	157.333
2332.53	154.667
2334.45	156
2336.37	154.444
2338.29	155.556
2340.21	156.222
2342.13	158.667
2344.05	149.111
2345.97	151.111
2347.89	155.556
2349.8	158.444
2351.72	156.889
2353.63	156.444
2355.55	158
2357.47	157.333
2359.38	160.222
2361.29	157.556
2363.21	159.778
2365.12	159.556
2367.03	158.444
2368.94	153.333
2370.85	152
2372.76	155.778
2374.67	156.667
2376.58	156.889
2378.49	158.667
2380.4	157.333
2382.31	156.222
2384.21	160.667
2386.12	163.778
2388.03	156.444
2389.93	162.444
2391.84	156.667
2393.74	156.222
2395.64	151.111
2397.55	161.111
2399.45	159.111
2401.35	161.778
2403.25	162
2405.15	156.222
2407.05	160.667
2408.95	156.444
2410.85	157.333
2412.75	164.889
2414.65	163.333
2416.55	157.556
2418.45	158.444
2420.34	166.667
2422.24	165.778
2424.13	165.111
2426.03	156
2427.92	166.444
2429.82	166.222
2431.71	160.889
2433.6	166
2435.49	159.556
2437.39	162.222
2439.28	164.444
2441.17	165.111
2443.06	162.444
2444.95	164.889
2446.83	163.111
2448.72	159.111
2450.61	168.444
2452.5	166.889
2454.39	162.889
