176.817	121.333
179.42	117.333
182.022	110.667
184.622	113.333
187.223	108.667
189.821	111.333
192.419	108.667
195.017	92
197.612	102
200.208	100.667
202.802	100
205.397	96
207.99	98.6667
210.581	92.6667
213.173	87.3333
215.762	94
218.352	85.3333
220.94	88.6667
223.528	82
226.114	86
228.701	86
231.285	80.6667
233.87	86
236.452	84.6667
239.034	82.6667
241.616	77.3333
244.196	72.6667
246.777	75.3333
249.355	74
251.933	74
254.511	78.6667
257.086	67.3333
259.663	71.3333
262.237	66
264.81	71.3333
267.383	72.6667
269.955	66
272.525	68.6667
275.097	63.3333
277.665	63.3333
280.234	61.3333
282.802	62
285.368	63.3333
287.934	63.3333
290.499	60.6667
293.064	61.3333
295.627	56
298.189	60
300.75	61.3333
303.312	59.3333
305.871	56.6667
308.43	52.6667
310.988	53.3333
313.545	52
316.101	55.3333
318.658	53.3333
321.212	55.3333
323.766	56.6667
326.319	50.6667
328.871	47.3333
331.422	51.3333
333.972	48
336.522	51.3333
339.072	50
341.619	45.3333
344.166	48.6667
346.712	46.6667
349.258	50.6667
351.802	48
354.346	45.3333
356.888	47.3333
359.43	48
361.971	48
364.511	47.3333
367.051	44.6667
369.589	44
372.127	51.3333
374.664	42
377.2	44
379.735	48
382.27	48
384.802	47.3333
387.334	42.6667
389.866	47.3333
392.397	36.6667
394.927	46
397.457	45.3333
399.985	46.6667
402.513	44
405.038	50.6667
407.565	46
410.09	44.6667
412.614	46
415.138	44.6667
417.66	42.6667
420.181	44
422.702	45.3333
425.222	45.3333
427.742	44.6667
430.259	48
432.777	40.6667
435.294	43.3333
437.81	44
440.324	45.3333
442.838	48
445.352	46.6667
447.863	41.3333
450.375	40.6667
452.887	43.3333
455.395	44.6667
457.905	42.6667
460.414	44
462.92	48.6667
465.427	43.3333
467.932	46
470.438	44
472.942	44.6667
475.445	42.6667
477.948	40
480.448	41.3333
482.95	45.3333
485.449	43.3333
487.949	44
490.446	42.6667
492.944	43.3333
495.44	48
497.937	42.6667
500.431	41.3333
502.926	43.3333
505.418	46
507.912	42
510.403	43.3333
512.894	42
515.384	41.3333
517.874	46.6667
520.361	43.3333
522.848	41.3333
525.336	42.6667
527.821	40
530.306	42
532.791	40.6667
535.274	44.6667
537.756	42
540.238	42
542.719	42
545.199	44
547.679	46
550.157	44
552.634	46.6667
555.112	44.6667
557.588	43.3333
560.063	41.3333
562.537	46.6667
565.011	42
567.484	46
569.955	41.3333
572.426	44.6667
574.896	42
577.367	44
579.835	45.3333
582.303	48
584.77	42.6667
587.236	44.6667
589.701	42
592.165	43.3333
594.629	46.6667
597.093	50.6667
599.555	48
602.016	44
604.477	46
606.936	44.6667
609.395	46.6667
611.853	45.3333
614.311	42
616.767	46
619.223	42.6667
621.678	46.6667
624.132	45.3333
626.585	46.6667
629.037	44.6667
631.489	44.6667
633.94	48
636.39	48
638.839	48
641.288	48
643.736	50
646.183	48.6667
648.627	42.6667
651.073	48
653.517	49.3333
655.961	44.6667
658.404	48.6667
660.846	46
663.288	42.6667
665.727	48
668.167	46.6667
670.606	47.3333
673.044	47.3333
675.482	46.6667
677.917	48.6667
680.353	50
682.788	48.6667
685.222	42
687.655	46
690.087	46
692.519	46
694.951	42.6667
697.38	45.3333
699.809	48
702.238	46.6667
704.665	50.6667
707.092	44.6667
709.519	48
711.943	46.6667
714.368	43.3333
716.791	50.6667
719.214	44
721.637	48
724.058	44.6667
726.479	46.6667
728.898	50.6667
731.317	40.6667
733.734	46.6667
736.152	46
738.568	46.6667
740.985	44.6667
743.399	44.6667
745.814	48
748.227	44.6667
750.64	50.6667
753.051	48.6667
755.463	46
757.872	48
760.283	47.3333
762.691	46
765.098	42
767.506	44.6667
769.912	50
772.318	51.3333
774.722	45.3333
777.126	49.3333
779.53	46.6667
781.932	44.6667
784.333	46.6667
786.735	44
789.135	48
791.533	46
793.933	48
796.33	44.6667
798.727	49.3333
801.123	46
803.519	46
805.913	48.6667
808.307	50.6667
810.699	47.3333
813.093	46.6667
815.484	50.6667
817.874	46
820.264	47.3333
822.653	47.3333
825.041	44.6667
827.43	46.6667
829.817	49.3333
832.203	47.3333
834.588	41.3333
836.972	46.6667
839.356	48
841.738	48
844.12	48
846.502	46
848.882	49.3333
851.262	48.6667
853.641	48
856.02	50.6667
858.397	36
860.774	50
863.15	46.6667
865.525	52
867.9	51.3333
870.273	48
872.646	47.3333
875.019	46
877.39	48
879.761	48.6667
882.131	49.3333
884.5	48.6667
886.869	49.3333
889.236	48.6667
891.602	49.3333
893.968	47.3333
896.334	46.6667
898.698	51.3333
901.062	50.6667
903.426	47.3333
905.787	50
908.148	51.3333
910.509	48.6667
912.87	46.6667
915.228	48.6667
917.587	50
919.945	50.6667
922.302	52
924.657	48.6667
927.013	50
929.368	50.6667
931.721	54.6667
934.074	50
936.427	54
938.778	54
941.129	54.6667
943.479	53.3333
945.828	52
948.177	53.3333
950.524	51.3333
952.871	55.3333
955.218	51.3333
957.563	56.6667
959.908	51.3333
962.252	51.3333
964.595	56.6667
966.937	52.6667
969.28	56.6667
971.62	56.6667
973.961	56
976.3	60.6667
978.639	64
980.976	61.3333
983.314	60
985.65	66
987.987	68.6667
990.321	72
992.655	72
994.989	74.6667
997.321	85.3333
999.653	89.3333
1001.98	90
1004.31	108
1006.65	115.333
1008.97	130
1011.3	142
1013.63	162
1015.96	191.333
1018.28	209.333
1020.61	255.333
1022.93	309.333
1025.26	355.333
1027.58	414
1029.9	456.667
1032.22	511.333
1034.54	556.667
1036.86	553.333
1039.18	545.333
1041.5	500
1043.82	433.333
1046.14	350.667
1048.45	290
1050.77	242.667
1053.08	182.667
1055.4	152
1057.71	132.667
1060.02	126
1062.33	108
1064.64	104.667
1066.96	102.667
1069.27	96
1071.57	98.6667
1073.88	94.6667
1076.19	91.3333
1078.5	99.3333
1080.8	96
1083.11	98
1085.41	92.6667
1087.72	84.6667
1090.02	94
1092.32	96.6667
1094.62	103.333
1096.92	103.333
1099.22	106
1101.52	103.333
1103.82	110.667
1106.12	105.333
1108.42	116.667
1110.71	111.333
1113.01	117.333
1115.3	112
1117.6	110.667
1119.89	109.333
1122.18	101.333
1124.48	104
1126.77	106.667
1129.06	102.667
1131.35	93.3333
1133.64	84
1135.93	89.3333
1138.21	82
1140.5	80
1142.79	87.3333
1145.07	84.6667
1147.36	78.6667
1149.64	79.3333
1151.92	84.6667
1154.21	90.6667
1156.49	88.6667
1158.77	88
1161.05	87.3333
1163.33	85.3333
1165.61	86
1167.89	82.6667
1170.16	82.6667
1172.44	78.6667
1174.72	74
1176.99	72.6667
1179.27	77.3333
1181.54	70
1183.81	73.3333
1186.09	68.6667
1188.36	67.3333
1190.63	65.3333
1192.9	60.6667
1195.17	62.6667
1197.44	67.3333
1199.71	62
1201.97	63.3333
1204.24	61.3333
1206.5	66.6667
1208.77	54.6667
1211.03	60.6667
1213.3	58.6667
1215.56	63.3333
1217.82	56
1220.09	59.3333
1222.35	56
1224.61	62
1226.87	59.3333
1229.12	56
1231.38	62.6667
1233.64	61.3333
1235.9	58.6667
1238.15	60
1240.41	64
1242.66	59.3333
1244.92	56.6667
1247.17	62.6667
1249.42	54
1251.67	54
1253.92	56.6667
1256.17	60
1258.42	54.6667
1260.67	56
1262.92	57.3333
1265.17	62
1267.42	54.6667
1269.66	60.6667
1271.91	54.6667
1274.15	61.3333
1276.39	60.6667
1278.64	53.3333
1280.88	60
1283.12	60.6667
1285.36	54
1287.6	58.6667
1289.84	62
1292.08	60.6667
1294.32	64
1296.56	54.6667
1298.79	66
1301.03	64
1303.26	59.3333
1305.5	59.3333
1307.73	61.3333
1309.97	64.6667
1312.2	62
1314.43	66
1316.66	66
1318.89	68
1321.12	58.6667
1323.35	66.6667
1325.58	62.6667
1327.81	64
1330.03	70
1332.26	69.3333
1334.49	72
1336.71	66.6667
1338.94	69.3333
1341.16	74
1343.38	70.6667
1345.6	66
1347.83	74
1350.05	72
1352.27	70.6667
1354.49	74
1356.7	78.6667
1358.92	76
1361.14	74
1363.36	75.3333
1365.57	78.6667
1367.79	78.6667
1370	82
1372.21	82.6667
1374.43	85.3333
1376.64	82
1378.85	85.3333
1381.06	80.6667
1383.27	86
1385.48	86
1387.69	94.6667
1389.9	88.6667
1392.11	84.6667
1394.31	86.6667
1396.52	93.3333
1398.73	94.6667
1400.93	98.6667
1403.13	98
1405.34	102.667
1407.54	104
1409.74	101.333
1411.94	97.3333
1414.14	105.333
1416.34	106
1418.54	105.333
1420.74	98.6667
1422.94	104.667
1425.14	114.667
1427.33	116.667
1429.53	116.667
1431.72	121.333
1433.92	120
1436.11	124.667
1438.3	133.333
1440.5	144
1442.69	164
1444.88	173.333
1447.07	208.667
1449.26	226.667
1451.45	230.667
1453.64	247.333
1455.82	246
1458.01	226
1460.2	240.667
1462.38	231.333
1464.57	242.667
1466.75	234
1468.93	222
1471.12	224.667
1473.3	220
1475.48	207.333
1477.66	206.667
1479.84	204
1482.02	196
1484.2	190
1486.38	190
1488.55	172.667
1490.73	167.333
1492.91	166.667
1495.08	158
1497.26	156.667
1499.43	139.333
1501.61	137.333
1503.78	138.667
1505.95	138
1508.12	121.333
1510.29	127.333
1512.46	124.667
1514.63	114.667
1516.8	117.333
1518.97	124.667
1521.14	118
1523.3	112.667
1525.47	111.333
1527.63	123.333
1529.8	114
1531.96	109.333
1534.12	112.667
1536.29	109.333
1538.45	102.667
1540.61	103.333
1542.77	107.333
1544.93	101.333
1547.09	106
1549.25	100
1551.41	102
1553.56	101.333
1555.72	108.667
1557.88	107.333
1560.03	104
1562.18	100.667
1564.34	96
1566.49	95.3333
1568.64	96
1570.8	94
1572.95	90.6667
1575.1	103.333
1577.25	95.3333
1579.4	92.6667
1581.55	90.6667
1583.69	94.6667
1585.84	83.3333
1587.99	92.6667
1590.13	78.6667
1592.28	83.3333
1594.42	86
1596.57	84.6667
1598.71	89.3333
1600.85	81.3333
1602.99	76.6667
1605.14	86.6667
1607.28	79.3333
1609.42	79.3333
1611.56	82
1613.69	77.3333
1615.83	74.6667
1617.97	79.3333
1620.11	74
1622.24	76
1624.38	74
1626.51	75.3333
1628.65	75.3333
1630.78	74.6667
1632.91	74
1635.04	74.6667
1637.17	70.6667
1639.31	75.3333
1641.44	66.6667
1643.57	72
1645.69	70.6667
1647.82	70.6667
1649.95	68
1652.08	66
1654.2	70
1656.33	69.3333
1658.45	69.3333
1660.58	64
1662.7	74.6667
1664.82	68
1666.94	68.6667
1669.07	62
1671.19	70
1673.31	66
1675.43	64
1677.55	68
1679.66	66.6667
1681.78	69.3333
1683.9	67.3333
1686.01	62
1688.13	64.6667
1690.25	66.6667
1692.36	62.6667
1694.47	66.6667
1696.59	66.6667
1698.7	62.6667
1700.81	66.6667
1702.92	64.6667
1705.03	67.3333
1707.14	66.6667
1709.25	64.6667
1711.36	66.6667
1713.47	66
1715.58	65.3333
1717.68	67.3333
1719.79	64.6667
1721.89	68
1724	64
1726.1	65.3333
1728.21	62.6667
1730.31	64.6667
1732.41	66
1734.51	72
1736.61	67.3333
1738.71	63.3333
1740.81	66.6667
1742.91	64
1745.01	67.3333
1747.11	64
1749.2	64
1751.3	57.3333
1753.4	65.3333
1755.49	64.6667
1757.59	68.6667
1759.68	65.3333
1761.77	64
1763.86	66
1765.96	61.3333
1768.05	66.6667
1770.14	69.3333
1772.23	72
1774.32	69.3333
1776.41	64.6667
1778.49	67.3333
1780.58	67.3333
1782.67	60
1784.76	67.3333
1786.84	66
1788.92	62
1791.01	66.6667
1793.09	65.3333
1795.18	66.6667
1797.26	66.6667
1799.34	65.3333
1801.42	67.3333
1803.5	68.6667
1805.58	62.6667
1807.66	64.6667
1809.74	68
1811.82	64
1813.89	64
1815.97	65.3333
1818.05	64.6667
1820.12	61.3333
1822.2	68
1824.27	64
1826.34	68.6667
1828.42	71.3333
1830.49	62.6667
1832.56	67.3333
1834.63	68.6667
1836.7	71.3333
1838.77	66
1840.84	66
1842.91	59.3333
1844.98	68.6667
1847.04	63.3333
1849.11	67.3333
1851.18	66.6667
1853.24	64
1855.31	64.6667
1857.37	64.6667
1859.43	68.6667
1861.5	70.6667
1863.56	64.6667
1865.62	66.6667
1867.68	62
1869.74	68.6667
1871.8	64.6667
1873.86	68
1875.92	67.3333
1877.98	66
1880.03	64
1882.09	65.3333
1884.15	61.3333
1886.2	68.6667
1888.26	70.6667
1890.31	68
1892.36	67.3333
1894.42	59.3333
1896.47	66.6667
1898.52	66
1900.57	66
1902.62	67.3333
1904.67	66
1906.72	66.6667
1908.77	72
1910.82	68
1912.86	68.6667
1914.91	70
1916.96	67.3333
1919	72.6667
1921.04	70
1923.09	70.6667
1925.13	67.3333
1927.18	68.6667
1929.22	62
1931.26	66.6667
1933.3	67.3333
1935.34	65.3333
1937.38	75.3333
1939.42	72.6667
1941.46	64.6667
1943.5	64.6667
1945.53	74.6667
1947.57	70.6667
1949.61	66.6667
1951.64	68.6667
1953.68	64
1955.71	72
1957.75	64.6667
1959.78	68.6667
1961.81	71.3333
1963.84	65.3333
1965.87	68.6667
1967.9	70.6667
1969.93	71.3333
1971.96	65.3333
1973.99	70.6667
1976.02	74
1978.05	68
1980.07	68.6667
1982.1	66.6667
1984.13	66.6667
1986.15	72
1988.18	67.3333
1990.2	68.6667
1992.22	64
1994.25	68
1996.27	68
1998.29	80
2000.31	69.3333
2002.33	72.6667
2004.35	66
2006.37	71.3333
2008.39	73.3333
2010.41	74
2012.42	67.3333
2014.44	67.3333
2016.46	64.6667
2018.47	74
2020.49	71.3333
2022.5	71.3333
2024.51	74.6667
2026.53	72
2028.54	72
2030.55	77.3333
2032.56	68.6667
2034.57	73.3333
2036.58	70.6667
2038.59	70
2040.6	72
2042.61	67.3333
2044.62	69.3333
2046.62	75.3333
2048.63	72.6667
2050.64	80
2052.64	76.6667
2054.65	68.6667
2056.65	75.3333
2058.65	71.3333
2060.66	78
2062.66	74
2064.66	77.3333
2066.66	75.3333
2068.66	70.6667
2070.66	72
2072.66	77.3333
2074.66	75.3333
2076.66	74.6667
2078.65	68.6667
2080.65	71.3333
2082.65	74
2084.64	72.6667
2086.64	73.3333
2088.63	68.6667
2090.63	75.3333
2092.62	74.6667
2094.61	74.6667
2096.6	78
2098.59	76
2100.59	74.6667
2102.58	72
2104.56	75.3333
2106.55	74.6667
2108.54	75.3333
2110.53	73.3333
2112.52	72
2114.5	75.3333
2116.49	72
2118.48	75.3333
2120.46	69.3333
2122.44	68.6667
2124.43	76
2126.41	74
2128.39	72.6667
2130.38	74.6667
2132.36	74
2134.34	72.6667
2136.32	78.6667
2138.3	72.6667
2140.28	72.6667
2142.26	76.6667
2144.23	74.6667
2146.21	74.6667
2148.19	70
2150.16	77.3333
2152.14	67.3333
2154.11	74.6667
2156.09	65.3333
2158.06	74.6667
2160.04	76.6667
2162.01	68.6667
2163.98	72.6667
2165.95	78
2167.92	76
2169.89	75.3333
2171.86	78.6667
2173.83	73.3333
2175.8	72.6667
2177.77	76.6667
2179.73	73.3333
2181.7	74
2183.67	70
2185.63	73.3333
2187.6	77.3333
2189.56	76.6667
2191.53	77.3333
2193.49	77.3333
2195.45	82
2197.41	78.6667
2199.37	71.3333
2201.34	74.6667
2203.29	79.3333
2205.26	76.6667
2207.21	77.3333
2209.17	74
2211.13	78
2213.09	74.6667
2215.05	82
2217	76
2218.96	74
2220.91	73.3333
2222.87	83.3333
2224.82	76.6667
2226.77	76.6667
2228.73	79.3333
2230.68	76.6667
2232.63	69.3333
2234.58	72
2236.53	79.3333
2238.48	79.3333
2240.43	81.3333
2242.38	77.3333
2244.33	83.3333
2246.27	82
2248.22	82
2250.17	77.3333
2252.11	79.3333
2254.06	78.6667
2256	75.3333
2257.95	76.6667
2259.89	80
2261.84	74.6667
2263.78	81.3333
2265.72	79.3333
2267.66	79.3333
2269.6	85.3333
2271.54	82
2273.48	76.6667
2275.42	81.3333
2277.36	79.3333
2279.3	79.3333
2281.23	76
2283.17	70.6667
2285.11	76.6667
2287.04	82.6667
2288.98	84.6667
2290.91	73.3333
2292.84	75.3333
2294.78	78.6667
2296.71	80.6667
2298.64	85.3333
2300.57	84.6667
2302.51	79.3333
2304.44	82.6667
2306.37	76.6667
2308.29	76.6667
2310.22	79.3333
2312.15	82.6667
2314.08	82.6667
2316.01	80.6667
2317.93	79.3333
2319.86	82.6667
2321.78	83.3333
2323.71	78
2325.63	78.6667
2327.56	78.6667
2329.48	78
2331.4	83.3333
2333.32	82.6667
2335.25	78.6667
2337.17	77.3333
2339.09	84
2341.01	74
2342.92	80
2344.84	83.3333
2346.76	77.3333
2348.68	80.6667
2350.6	76.6667
2352.51	80.6667
2354.43	76
2356.34	78
2358.26	76
2360.17	80.6667
2362.09	84
2364	80
2365.91	78.6667
2367.82	79.3333
2369.73	79.3333
2371.64	72.6667
2373.55	75.3333
2375.46	74.6667
2377.37	76
2379.28	82
2381.19	79.3333
2383.1	78.6667
2385	79.3333
2386.91	80.6667
2388.82	81.3333
2390.72	80.6667
2392.62	86
2394.53	82
2396.43	80.6667
2398.33	86.6667
2400.24	86
2402.14	82
2404.04	76.6667
2405.94	77.3333
2407.84	77.3333
2409.74	82.6667
2411.64	79.3333
2413.54	84
2415.44	84
2417.33	80.6667
2419.23	82
2421.13	75.3333
2423.02	79.3333
2424.92	80
2426.81	80
2428.71	78.6667
2430.6	86
2432.49	82
2434.38	81.3333
2436.28	90.6667
2438.17	81.3333
2440.06	81.3333
2441.95	83.3333
2443.84	86
2445.73	86.6667
