204.377	480
206.045	480
207.713	452
209.38	446
211.048	450
212.715	474
214.381	472
216.047	460
217.712	460
219.377	460
221.042	494
222.706	476
224.369	502
226.032	560
227.695	586
229.357	646
231.019	724
232.68	766
234.341	802
236.001	778
237.661	724
239.321	684
240.98	660
242.639	574
244.297	510
245.955	466
247.612	436
249.268	394
250.924	332
252.58	330
254.236	290
255.891	260
257.546	246
259.2	232
260.854	202
262.507	210
264.16	194
265.812	204
267.463	180
269.115	192
270.766	172
272.417	166
274.067	180
275.717	168
277.365	174
279.014	168
280.663	170
282.311	170
283.958	188
285.605	186
287.252	228
288.898	240
290.543	258
292.188	298
293.833	306
295.477	290
297.121	310
298.765	290
300.407	280
302.05	242
303.693	246
305.334	230
306.975	206
308.615	216
310.256	186
311.896	200
313.535	174
315.175	164
316.813	184
318.451	176
320.089	182
321.726	182
323.362	190
324.999	196
326.635	190
328.271	184
329.905	204
331.54	208
333.174	212
334.807	206
336.441	208
338.074	192
339.707	174
341.338	180
342.969	172
344.601	166
346.231	170
347.861	152
349.491	162
351.12	172
352.749	174
354.378	176
356.006	172
357.633	156
359.261	156
360.887	164
362.513	150
364.139	158
365.764	148
367.39	152
369.014	152
370.638	154
372.261	154
373.884	136
375.508	148
377.13	144
378.752	140
380.373	128
381.994	124
383.615	134
385.235	132
386.854	118
388.473	114
390.092	120
391.711	136
393.328	126
394.947	126
396.564	122
398.181	132
399.797	122
401.412	126
403.027	144
404.642	142
406.257	138
407.871	154
409.484	160
411.098	168
412.711	196
414.323	186
415.935	164
417.547	158
419.158	154
420.768	150
422.378	126
423.988	132
425.597	118
427.206	104
428.814	96
430.422	92
432.03	98
433.637	86
435.243	84
436.85	78
438.456	78
440.062	82
441.666	84
443.271	90
444.876	82
446.479	92
448.082	80
449.685	84
451.287	64
452.89	76
454.492	76
456.092	80
457.693	78
459.293	76
460.893	78
462.492	76
464.092	82
465.691	84
467.288	90
468.887	84
470.483	110
472.081	116
473.677	130
475.273	134
476.869	136
478.463	168
480.059	166
481.653	178
483.247	200
484.84	226
486.433	200
488.026	170
489.618	146
491.21	126
492.801	112
494.392	100
495.983	96
497.573	98
499.162	86
500.752	90
502.341	74
503.929	84
505.517	88
507.105	88
508.692	94
510.279	114
511.865	138
513.45	160
515.037	146
516.621	122
518.206	112
519.79	114
521.374	106
522.957	120
524.54	118
526.123	122
527.705	146
529.287	164
530.868	198
532.448	204
534.029	250
535.609	272
537.188	280
538.768	298
540.346	310
541.925	274
543.502	238
545.08	226
546.657	180
548.234	172
549.81	162
551.386	152
552.961	142
554.536	156
556.11	154
557.684	174
559.258	206
560.832	244
562.405	316
563.977	416
565.55	598
567.12	862
568.692	1174
570.263	1362
571.833	1380
573.403	1190
574.973	896
576.542	628
578.111	408
579.679	304
581.247	250
582.815	220
584.382	228
585.948	220
587.514	208
589.081	198
590.645	180
592.211	176
593.775	180
595.339	166
596.904	164
598.466	122
600.03	134
601.592	122
603.154	102
604.715	90
606.277	94
607.838	86
609.398	86
610.958	96
612.518	92
614.077	94
615.636	120
617.194	134
618.753	186
620.31	248
621.867	246
623.424	170
624.98	136
626.537	118
628.092	118
629.647	122
631.202	110
632.756	132
634.31	126
635.864	110
637.417	120
638.969	104
640.521	106
642.074	102
643.625	98
645.176	90
646.726	80
648.276	82
649.827	78
651.376	70
652.925	76
654.473	68
656.021	62
657.569	70
659.117	56
660.664	68
662.21	62
663.757	58
665.302	54
666.847	58
668.392	58
669.937	58
671.481	62
673.025	46
674.568	60
676.111	60
677.653	56
679.195	52
680.737	54
682.279	56
683.82	50
685.36	58
686.9	54
688.44	60
689.979	54
691.517	52
693.056	52
694.594	50
696.132	52
697.669	60
699.206	62
700.742	62
702.278	62
703.814	64
705.35	66
706.884	62
708.419	56
709.953	68
711.487	74
713.019	84
714.552	92
716.085	86
717.617	76
719.148	74
720.68	74
722.21	74
723.741	82
725.271	74
726.8	86
728.33	78
729.858	78
731.387	68
732.915	84
734.443	80
735.97	90
737.497	94
739.023	94
740.549	98
742.075	102
743.6	114
745.125	134
746.65	140
748.173	140
749.697	126
751.22	126
752.743	120
754.266	142
755.788	122
757.309	122
758.831	116
760.351	112
761.871	106
763.392	102
764.912	102
766.431	100
767.95	98
769.468	106
770.986	96
772.504	88
774.022	92
775.538	94
777.055	96
778.571	102
780.086	98
781.602	114
783.117	110
784.632	108
786.146	120
787.659	120
789.173	126
790.685	128
792.198	124
793.71	126
795.222	120
796.733	112
798.244	100
799.755	90
801.265	100
802.775	96
804.284	84
805.793	90
807.302	80
808.81	86
810.318	84
811.826	80
813.333	76
814.84	76
816.346	70
817.851	76
819.357	68
820.862	74
822.367	70
823.871	78
825.376	94
826.878	118
828.382	150
829.885	192
831.387	300
832.889	384
834.391	346
835.892	260
837.392	188
838.893	140
840.393	106
841.893	100
843.392	108
844.891	96
846.389	94
847.888	100
849.386	86
850.882	90
852.38	90
853.876	84
855.372	86
856.868	82
858.363	74
859.858	82
861.353	78
862.847	84
864.341	72
865.834	76
867.328	66
868.82	72
870.313	60
871.805	64
873.296	72
874.787	68
876.278	70
877.769	68
879.258	54
880.748	64
882.237	64
883.726	62
885.214	58
886.702	62
888.19	64
889.677	62
891.164	64
892.651	60
894.137	68
895.623	58
897.108	64
898.593	66
900.077	56
901.562	74
903.046	72
904.529	70
906.012	62
907.495	70
908.977	70
910.459	70
911.941	68
913.422	70
914.903	68
916.383	64
917.863	56
919.343	58
920.822	56
922.301	56
923.779	60
925.257	62
926.735	64
928.213	66
929.69	60
931.166	60
932.643	68
934.119	60
935.594	62
937.069	70
938.543	66
940.018	70
941.492	80
942.966	86
944.439	82
945.911	86
947.384	82
948.856	108
950.328	114
951.799	128
953.27	142
954.741	172
956.21	206
957.68	228
959.15	266
960.619	268
962.088	248
963.556	228
965.023	200
966.491	176
967.958	156
969.425	146
970.891	142
972.357	110
973.824	110
975.288	98
976.754	104
978.218	94
979.682	92
981.146	92
982.609	96
984.072	106
985.534	112
986.997	116
988.459	150
989.92	182
991.382	224
992.842	210
994.302	226
995.763	238
997.222	328
998.681	570
1000.14	846
1001.6	966
1003.06	830
1004.52	518
1005.97	318
1007.43	200
1008.89	140
1010.34	112
1011.8	94
1013.25	88
1014.71	90
1016.16	78
1017.62	92
1019.07	96
1020.53	98
1021.98	110
1023.43	126
1024.89	152
1026.34	194
1027.79	242
1029.24	274
1030.69	290
1032.14	292
1033.59	248
1035.04	228
1036.49	190
1037.94	150
1039.39	134
1040.84	114
1042.29	114
1043.73	102
1045.18	94
1046.63	92
1048.08	86
1049.52	88
1050.97	86
1052.41	82
1053.86	78
1055.3	82
1056.75	80
1058.19	78
1059.64	84
1061.08	80
1062.52	82
1063.96	78
1065.41	74
1066.85	80
1068.29	86
1069.73	78
1071.17	74
1072.61	80
1074.05	80
1075.49	76
1076.93	66
1078.37	80
1079.81	76
1081.25	82
1082.68	72
1084.12	80
1085.56	70
1087	80
1088.43	80
1089.87	78
1091.3	76
1092.74	78
1094.17	72
1095.61	86
1097.04	80
1098.48	82
1099.91	82
1101.34	82
1102.78	96
1104.21	84
1105.64	106
1107.07	124
1108.5	152
1109.93	208
1111.36	248
1112.8	232
1114.22	206
1115.65	162
1117.08	122
1118.51	102
1119.94	100
1121.37	92
1122.8	76
1124.22	82
1125.65	80
1127.08	84
1128.5	78
1129.93	72
1131.35	68
1132.78	68
1134.2	68
1135.63	66
1137.05	74
1138.48	76
1139.9	64
1141.32	76
1142.75	78
1144.17	74
1145.59	82
1147.01	76
1148.43	82
1149.85	88
1151.27	108
1152.69	126
1154.11	142
1155.53	142
1156.95	142
1158.37	120
1159.79	106
1161.21	100
1162.62	100
1164.04	96
1165.46	100
1166.87	88
1168.29	94
1169.71	94
1171.12	96
1172.54	106
1173.95	104
1175.37	132
1176.78	130
1178.19	158
1179.61	198
1181.02	216
1182.43	218
1183.84	250
1185.26	234
1186.67	244
1188.08	216
1189.49	204
1190.9	208
1192.31	196
1193.72	202
1195.13	202
1196.54	200
1197.95	208
1199.36	222
1200.76	206
1202.17	198
1203.58	210
1204.99	176
1206.39	180
1207.8	148
1209.2	152
1210.61	128
1212.01	112
1213.42	104
1214.82	100
1216.23	94
1217.63	94
1219.03	100
1220.44	96
1221.84	88
1223.24	94
1224.64	98
1226.05	100
1227.45	108
1228.85	120
1230.25	110
1231.65	98
1233.05	102
1234.45	92
1235.85	90
1237.25	84
1238.64	84
1240.04	76
1241.44	80
1242.84	80
1244.23	72
1245.63	78
1247.03	86
1248.42	78
1249.82	74
1251.21	72
1252.61	74
1254	88
1255.4	82
1256.79	68
1258.19	80
1259.58	82
1260.97	70
1262.36	78
1263.76	86
1265.15	82
1266.54	88
1267.93	78
1269.32	86
1270.71	84
1272.1	78
1273.49	86
1274.88	88
1276.27	84
1277.66	86
1279.05	94
1280.43	92
1281.82	94
1283.21	100
1284.6	102
1285.98	112
1287.37	108
1288.75	114
1290.14	116
1291.53	128
1292.91	128
1294.29	152
1295.68	164
1297.06	188
1298.45	224
1299.83	276
1301.21	326
1302.59	420
1303.98	474
1305.36	514
1306.74	448
1308.12	380
1309.5	320
1310.88	262
1312.26	216
1313.64	196
1315.02	168
1316.4	152
1317.78	164
1319.16	144
1320.53	142
1321.91	132
1323.29	134
1324.67	142
1326.04	144
1327.42	144
1328.79	138
1330.17	142
1331.54	136
1332.92	128
1334.29	116
1335.67	118
1337.04	104
1338.42	100
1339.79	108
1341.16	96
1342.53	100
1343.91	104
1345.28	104
1346.65	104
1348.02	110
1349.39	114
1350.76	110
1352.13	110
1353.5	100
1354.87	100
1356.24	106
1357.61	106
1358.98	100
1360.34	98
1361.71	102
1363.08	92
1364.45	96
1365.81	100
1367.18	100
1368.54	110
1369.91	110
1371.28	130
1372.64	156
1374.01	180
1375.37	208
1376.73	224
1378.1	264
1379.46	260
1380.82	280
1382.19	242
1383.55	222
1384.91	206
1386.27	158
1387.63	144
1388.99	128
1390.35	110
1391.71	94
1393.07	92
1394.43	86
1395.79	88
1397.15	80
1398.51	86
1399.87	84
1401.23	88
1402.58	72
1403.94	78
1405.3	84
1406.65	78
1408.01	84
1409.37	86
1410.72	88
1412.08	88
1413.43	88
1414.79	88
1416.14	94
1417.49	96
1418.85	104
1420.2	100
1421.55	94
1422.91	112
1424.26	112
1425.61	108
1426.96	110
1428.31	120
1429.66	122
1431.01	120
1432.36	118
1433.71	132
1435.06	132
1436.41	138
1437.76	158
1439.11	150
1440.46	150
1441.81	156
1443.15	154
1444.5	146
1445.85	148
1447.19	148
1448.54	146
1449.89	144
1451.23	144
1452.58	136
1453.92	130
1455.27	122
1456.61	132
1457.95	114
1459.3	116
1460.64	110
1461.98	108
1463.33	96
1464.67	102
1466.01	92
1467.35	98
1468.69	100
1470.03	102
1471.37	90
1472.71	88
1474.05	92
1475.39	96
1476.73	94
1478.07	92
1479.41	92
1480.75	88
1482.09	90
1483.42	82
1484.76	86
1486.1	88
1487.43	78
1488.77	80
1490.11	80
1491.44	84
1492.78	86
1494.11	78
1495.45	76
1496.78	68
1498.12	68
1499.45	76
1500.78	78
1502.11	72
1503.45	68
1504.78	74
1506.11	70
1507.44	68
1508.77	78
1510.11	70
1511.44	74
1512.77	70
1514.1	70
1515.43	74
1516.76	70
1518.08	74
1519.41	72
1520.74	76
1522.07	72
1523.4	78
1524.72	70
1526.05	74
1527.38	70
1528.7	68
1530.03	74
1531.36	72
1532.68	66
1534.01	70
1535.33	76
1536.66	72
1537.98	70
1539.3	68
1540.63	70
1541.95	74
1543.27	70
1544.6	74
1545.92	72
1547.24	66
1548.56	72
1549.88	58
1551.2	72
1552.52	74
1553.84	72
1555.17	74
1556.48	76
1557.8	72
1559.12	76
1560.44	76
1561.76	70
1563.08	76
1564.4	72
1565.71	78
1567.03	74
1568.35	86
1569.66	74
1570.98	90
1572.29	84
1573.61	90
1574.93	92
1576.24	104
1577.55	122
1578.87	122
1580.18	142
1581.5	148
1582.81	176
1584.12	178
1585.43	168
1586.75	164
1588.06	170
1589.37	172
1590.68	180
1591.99	204
1593.3	220
1594.61	252
1595.92	284
1597.23	326
1598.54	368
1599.85	398
1601.16	406
1602.47	422
1603.78	376
1605.08	372
1606.39	334
1607.7	294
1609	272
1610.31	226
1611.62	214
1612.92	206
1614.23	162
1615.53	172
1616.84	142
1618.14	124
1619.45	120
1620.75	110
1622.06	104
1623.36	86
1624.66	98
1625.96	88
1627.27	74
1628.57	74
1629.87	78
1631.17	70
1632.47	74
1633.77	66
1635.07	70
1636.37	64
1637.67	72
1638.97	64
1640.27	68
1641.57	60
1642.87	66
1644.17	64
1645.47	56
1646.76	68
1648.06	72
1649.36	62
1650.66	62
1651.95	60
1653.25	52
1654.54	58
1655.84	60
1657.13	60
1658.43	56
1659.72	58
1661.02	54
1662.31	56
1663.6	58
1664.9	54
1666.19	42
1667.48	50
1668.78	54
1670.07	56
1671.36	56
1672.65	52
1673.94	54
1675.23	54
1676.52	58
1677.81	58
1679.1	58
1680.39	56
1681.68	54
1682.97	54
1684.26	56
1685.55	52
1686.83	58
1688.12	56
1689.41	50
1690.7	58
1691.98	52
1693.27	56
1694.55	54
1695.84	62
1697.13	56
1698.41	54
1699.69	48
1700.98	52
1702.26	46
