204.377	338
206.045	336
207.713	366
209.38	346
211.048	360
212.715	356
214.381	334
216.047	358
217.712	364
219.377	366
221.042	364
222.706	376
224.369	392
226.032	430
227.695	456
229.357	488
231.019	518
232.68	548
234.341	576
236.001	546
237.661	534
239.321	508
240.98	478
242.639	440
244.297	374
245.955	336
247.612	318
249.268	284
250.924	254
252.58	232
254.236	216
255.891	216
257.546	182
259.2	166
260.854	176
262.507	154
264.16	144
265.812	140
267.463	140
269.115	136
270.766	140
272.417	136
274.067	140
275.717	134
277.365	126
279.014	138
280.663	132
282.311	140
283.958	148
285.605	148
287.252	174
288.898	180
290.543	184
292.188	210
293.833	204
295.477	220
297.121	224
298.765	216
300.407	192
302.05	182
303.693	170
305.334	170
306.975	164
308.615	150
310.256	142
311.896	140
313.535	148
315.175	140
316.813	146
318.451	132
320.089	138
321.726	138
323.362	140
324.999	140
326.635	144
328.271	138
329.905	142
331.54	146
333.174	146
334.807	144
336.441	150
338.074	156
339.707	142
341.338	140
342.969	120
344.601	128
346.231	122
347.861	130
349.491	132
351.12	130
352.749	122
354.378	126
356.006	132
357.633	124
359.261	118
360.887	126
362.513	118
364.139	112
365.764	108
367.39	100
369.014	118
370.638	122
372.261	116
373.884	108
375.508	108
377.13	104
378.752	108
380.373	98
381.994	96
383.615	98
385.235	96
386.854	100
388.473	100
390.092	86
391.711	90
393.328	92
394.947	100
396.564	98
398.181	102
399.797	100
401.412	98
403.027	104
404.642	110
406.257	118
407.871	130
409.484	128
411.098	126
412.711	136
414.323	130
415.935	140
417.547	124
419.158	116
420.768	110
422.378	104
423.988	88
425.597	92
427.206	88
428.814	84
430.422	84
432.03	72
433.637	68
435.243	76
436.85	68
438.456	70
440.062	60
441.666	68
443.271	66
444.876	68
446.479	66
448.082	62
449.685	68
451.287	62
452.89	66
454.492	58
456.092	66
457.693	62
459.293	54
460.893	62
462.492	64
464.092	66
465.691	72
467.288	72
468.887	82
470.483	80
472.081	86
473.677	100
475.273	104
476.869	114
478.463	128
480.059	134
481.653	132
483.247	132
484.84	154
486.433	144
488.026	120
489.618	104
491.21	96
492.801	88
494.392	80
495.983	72
497.573	68
499.162	72
500.752	70
502.341	64
503.929	70
505.517	74
507.105	78
508.692	84
510.279	100
511.865	110
513.45	122
515.037	114
516.621	106
518.206	88
519.79	90
521.374	94
522.957	86
524.54	94
526.123	110
527.705	110
529.287	124
530.868	144
532.448	168
534.029	192
535.609	200
537.188	208
538.768	212
540.346	212
541.925	208
543.502	200
545.08	156
546.657	146
548.234	130
549.81	118
551.386	120
552.961	114
554.536	130
556.11	128
557.684	138
559.258	158
560.832	216
562.405	238
563.977	324
565.55	474
567.12	638
568.692	822
570.263	998
571.833	950
573.403	820
574.973	616
576.542	422
578.111	320
579.679	228
581.247	178
582.815	160
584.382	160
585.948	168
587.514	158
589.081	142
590.645	140
592.211	132
593.775	136
595.339	126
596.904	126
598.466	108
600.03	96
601.592	92
603.154	94
604.715	78
606.277	74
607.838	74
609.398	78
610.958	82
612.518	78
614.077	92
615.636	94
617.194	124
618.753	176
620.31	216
621.867	212
623.424	156
624.98	120
626.537	94
628.092	82
629.647	96
631.202	100
632.756	96
634.31	96
635.864	86
637.417	94
638.969	88
640.521	80
642.074	72
643.625	70
645.176	66
646.726	72
648.276	64
649.827	64
651.376	58
652.925	62
654.473	54
656.021	56
657.569	62
659.117	50
660.664	52
662.21	56
663.757	50
665.302	50
666.847	50
668.392	48
669.937	48
671.481	42
673.025	38
674.568	54
676.111	44
677.653	50
679.195	46
680.737	48
682.279	52
683.82	50
685.36	48
686.9	50
688.44	42
689.979	48
691.517	42
693.056	46
694.594	40
696.132	52
697.669	48
699.206	46
700.742	54
702.278	56
703.814	54
705.35	52
706.884	50
708.419	54
709.953	58
711.487	62
713.019	64
714.552	66
716.085	74
717.617	64
719.148	62
720.68	64
722.21	64
723.741	72
725.271	70
726.8	70
728.33	64
729.858	70
731.387	70
732.915	66
734.443	74
735.97	72
737.497	74
739.023	84
740.549	98
742.075	92
743.6	92
745.125	98
746.65	110
748.173	114
749.697	116
751.22	98
752.743	106
754.266	108
755.788	100
757.309	104
758.831	102
760.351	96
761.871	90
763.392	90
764.912	82
766.431	76
767.95	88
769.468	82
770.986	84
772.504	80
774.022	88
775.538	82
777.055	80
778.571	86
780.086	92
781.602	100
783.117	94
784.632	102
786.146	104
787.659	102
789.173	102
790.685	114
792.198	112
793.71	106
795.222	106
796.733	102
798.244	98
799.755	100
801.265	88
802.775	78
804.284	82
805.793	78
807.302	74
808.81	66
810.318	74
811.826	68
813.333	62
814.84	64
816.346	66
817.851	70
819.357	66
820.862	72
822.367	74
823.871	72
825.376	78
826.878	100
828.382	126
829.885	174
831.387	236
832.889	282
834.391	276
835.892	200
837.392	140
838.893	104
840.393	84
841.893	82
843.392	88
844.891	80
846.389	66
847.888	76
849.386	76
850.882	72
852.38	74
853.876	68
855.372	68
856.868	74
858.363	70
859.858	72
861.353	66
862.847	58
864.341	56
865.834	60
867.328	62
868.82	66
870.313	66
871.805	60
873.296	60
874.787	60
876.278	62
877.769	58
879.258	64
880.748	56
882.237	58
883.726	52
885.214	62
886.702	60
888.19	60
889.677	50
891.164	54
892.651	56
894.137	48
895.623	58
897.108	54
898.593	52
900.077	60
901.562	62
903.046	74
904.529	62
906.012	64
907.495	62
908.977	62
910.459	52
911.941	64
913.422	50
914.903	60
916.383	56
917.863	54
919.343	50
920.822	50
922.301	58
923.779	56
925.257	46
926.735	58
928.213	58
929.69	52
931.166	54
932.643	60
934.119	52
935.594	54
937.069	56
938.543	56
940.018	64
941.492	62
942.966	60
944.439	70
945.911	72
947.384	82
948.856	86
950.328	98
951.799	110
953.27	112
954.741	146
956.21	170
957.68	176
959.15	208
960.619	198
962.088	182
963.556	170
965.023	148
966.491	136
967.958	128
969.425	120
970.891	110
972.357	98
973.824	100
975.288	84
976.754	76
978.218	80
979.682	80
981.146	80
982.609	86
984.072	86
985.534	96
986.997	110
988.459	134
989.92	166
991.382	168
992.842	188
994.302	172
995.763	218
997.222	328
998.681	522
1000.14	764
1001.6	838
1003.06	672
1004.52	424
1005.97	266
1007.43	156
1008.89	114
1010.34	98
1011.8	88
1013.25	82
1014.71	68
1016.16	88
1017.62	68
1019.07	78
1020.53	92
1021.98	106
1023.43	114
1024.89	148
1026.34	168
1027.79	220
1029.24	246
1030.69	260
1032.14	266
1033.59	220
1035.04	192
1036.49	162
1037.94	126
1039.39	114
1040.84	98
1042.29	100
1043.73	86
1045.18	86
1046.63	78
1048.08	78
1049.52	76
1050.97	74
1052.41	74
1053.86	74
1055.3	78
1056.75	70
1058.19	70
1059.64	68
1061.08	66
1062.52	74
1063.96	68
1065.41	66
1066.85	78
1068.29	72
1069.73	78
1071.17	68
1072.61	78
1074.05	68
1075.49	70
1076.93	72
1078.37	74
1079.81	70
1081.25	64
1082.68	68
1084.12	74
1085.56	70
1087	74
1088.43	68
1089.87	64
1091.3	72
1092.74	64
1094.17	68
1095.61	70
1097.04	70
1098.48	62
1099.91	76
1101.34	74
1102.78	70
1104.21	74
1105.64	94
1107.07	110
1108.5	130
1109.93	148
1111.36	176
1112.8	178
1114.22	152
1115.65	122
1117.08	108
1118.51	92
1119.94	82
1121.37	74
1122.8	66
1124.22	70
1125.65	72
1127.08	62
1128.5	64
1129.93	58
1131.35	58
1132.78	60
1134.2	60
1135.63	62
1137.05	66
1138.48	60
1139.9	74
1141.32	66
1142.75	74
1144.17	70
1145.59	64
1147.01	72
1148.43	74
1149.85	86
1151.27	88
1152.69	120
1154.11	124
1155.53	128
1156.95	116
1158.37	110
1159.79	98
1161.21	92
1162.62	78
1164.04	90
1165.46	74
1166.87	84
1168.29	84
1169.71	96
1171.12	82
1172.54	94
1173.95	94
1175.37	112
1176.78	128
1178.19	156
1179.61	180
1181.02	188
1182.43	194
1183.84	200
1185.26	192
1186.67	186
1188.08	198
1189.49	182
1190.9	182
1192.31	164
1193.72	174
1195.13	180
1196.54	180
1197.95	168
1199.36	176
1200.76	176
1202.17	168
1203.58	168
1204.99	166
1206.39	142
1207.8	130
1209.2	118
1210.61	112
1212.01	104
1213.42	90
1214.82	88
1216.23	80
1217.63	80
1219.03	80
1220.44	72
1221.84	70
1223.24	76
1224.64	94
1226.05	80
1227.45	102
1228.85	96
1230.25	82
1231.65	92
1233.05	76
1234.45	78
1235.85	76
1237.25	74
1238.64	70
1240.04	68
1241.44	66
1242.84	66
1244.23	60
1245.63	70
1247.03	72
1248.42	68
1249.82	64
1251.21	62
1252.61	64
1254	62
1255.4	68
1256.79	68
1258.19	68
1259.58	66
1260.97	72
1262.36	70
1263.76	72
1265.15	70
1266.54	68
1267.93	66
1269.32	66
1270.71	72
1272.1	72
1273.49	76
1274.88	72
1276.27	72
1277.66	76
1279.05	80
1280.43	82
1281.82	88
1283.21	88
1284.6	82
1285.98	96
1287.37	94
1288.75	110
1290.14	96
1291.53	110
1292.91	116
1294.29	120
1295.68	146
1297.06	158
1298.45	196
1299.83	220
1301.21	282
1302.59	328
1303.98	368
1305.36	364
1306.74	346
1308.12	292
1309.5	238
1310.88	186
1312.26	158
1313.64	164
1315.02	144
1316.4	140
1317.78	120
1319.16	130
1320.53	124
1321.91	130
1323.29	118
1324.67	120
1326.04	118
1327.42	118
1328.79	118
1330.17	116
1331.54	114
1332.92	104
1334.29	100
1335.67	98
1337.04	86
1338.42	94
1339.79	90
1341.16	88
1342.53	92
1343.91	84
1345.28	92
1346.65	88
1348.02	90
1349.39	88
1350.76	98
1352.13	100
1353.5	92
1354.87	94
1356.24	96
1357.61	84
1358.98	100
1360.34	88
1361.71	86
1363.08	88
1364.45	82
1365.81	84
1367.18	74
1368.54	100
1369.91	92
1371.28	110
1372.64	140
1374.01	144
1375.37	186
1376.73	186
1378.1	222
1379.46	218
1380.82	210
1382.19	196
1383.55	164
1384.91	152
1386.27	130
1387.63	92
1388.99	98
1390.35	86
1391.71	82
1393.07	80
1394.43	78
1395.79	68
1397.15	64
1398.51	72
1399.87	72
1401.23	62
1402.58	76
1403.94	68
1405.3	74
1406.65	74
1408.01	72
1409.37	68
1410.72	68
1412.08	60
1413.43	74
1414.79	76
1416.14	66
1417.49	82
1418.85	90
1420.2	90
1421.55	82
1422.91	86
1424.26	92
1425.61	90
1426.96	88
1428.31	86
1429.66	94
1431.01	100
1432.36	98
1433.71	106
1435.06	106
1436.41	120
1437.76	116
1439.11	132
1440.46	114
1441.81	132
1443.15	130
1444.5	126
1445.85	130
1447.19	118
1448.54	114
1449.89	124
1451.23	122
1452.58	118
1453.92	106
1455.27	108
1456.61	104
1457.95	96
1459.3	94
1460.64	78
1461.98	86
1463.33	86
1464.67	76
1466.01	84
1467.35	78
1468.69	82
1470.03	76
1471.37	84
1472.71	80
1474.05	74
1475.39	76
1476.73	66
1478.07	82
1479.41	78
1480.75	80
1482.09	68
1483.42	70
1484.76	76
1486.1	72
1487.43	68
1488.77	72
1490.11	72
1491.44	70
1492.78	72
1494.11	72
1495.45	64
1496.78	70
1498.12	66
1499.45	68
1500.78	58
1502.11	64
1503.45	60
1504.78	62
1506.11	56
1507.44	64
1508.77	60
1510.11	64
1511.44	64
1512.77	66
1514.1	58
1515.43	58
1516.76	64
1518.08	64
1519.41	62
1520.74	60
1522.07	60
1523.4	64
1524.72	68
1526.05	60
1527.38	50
1528.7	60
1530.03	58
1531.36	60
1532.68	66
1534.01	52
1535.33	68
1536.66	56
1537.98	64
1539.3	60
1540.63	56
1541.95	58
1543.27	68
1544.6	66
1545.92	70
1547.24	62
1548.56	68
1549.88	58
1551.2	64
1552.52	62
1553.84	70
1555.17	62
1556.48	68
1557.8	64
1559.12	66
1560.44	60
1561.76	66
1563.08	62
1564.4	66
1565.71	66
1567.03	70
1568.35	66
1569.66	74
1570.98	66
1572.29	76
1573.61	74
1574.93	80
1576.24	94
1577.55	96
1578.87	110
1580.18	126
1581.5	154
1582.81	148
1584.12	154
1585.43	158
1586.75	146
1588.06	142
1589.37	154
1590.68	162
1591.99	172
1593.3	182
1594.61	206
1595.92	248
1597.23	262
1598.54	306
1599.85	350
1601.16	362
1602.47	368
1603.78	336
1605.08	318
1606.39	268
1607.7	238
1609	214
1610.31	200
1611.62	182
1612.92	174
1614.23	142
1615.53	130
1616.84	116
1618.14	108
1619.45	98
1620.75	102
1622.06	90
1623.36	80
1624.66	78
1625.96	74
1627.27	70
1628.57	66
1629.87	62
1631.17	72
1632.47	56
1633.77	64
1635.07	62
1636.37	64
1637.67	52
1638.97	54
1640.27	54
1641.57	62
1642.87	58
1644.17	56
1645.47	58
1646.76	56
1648.06	58
1649.36	56
1650.66	56
1651.95	56
1653.25	56
1654.54	50
1655.84	48
1657.13	52
1658.43	54
1659.72	48
1661.02	50
1662.31	56
1663.6	48
1664.9	50
1666.19	48
1667.48	48
1668.78	54
1670.07	52
1671.36	52
1672.65	46
1673.94	46
1675.23	50
1676.52	50
1677.81	46
1679.1	48
1680.39	50
1681.68	46
1682.97	52
1684.26	44
1685.55	52
1686.83	48
1688.12	50
1689.41	50
1690.7	52
1691.98	52
1693.27	48
1694.55	52
1695.84	50
1697.13	46
1698.41	48
1699.69	46
1700.98	52
1702.26	46
