182.393	992
184.993	916
187.593	920
190.193	932
192.79	904
195.387	844
197.983	834
200.578	840
203.174	866
205.766	858
208.36	858
210.951	868
213.542	846
216.131	864
218.721	898
221.309	888
223.897	908
226.483	940
229.069	974
231.654	1044
234.238	1128
236.821	1158
239.404	1112
241.984	1038
244.566	946
247.145	784
249.723	668
252.302	604
254.878	540
257.455	466
260.03	426
262.604	410
265.178	376
267.75	378
270.322	336
272.893	370
275.463	366
278.032	344
280.601	342
283.168	342
285.734	350
288.301	364
290.866	398
293.429	450
295.992	472
298.556	488
301.117	450
303.677	456
306.236	420
308.795	408
311.354	356
313.911	334
316.467	368
319.022	348
321.577	340
324.13	334
326.684	342
329.236	370
331.787	350
334.337	346
336.887	388
339.435	392
341.983	338
344.529	362
347.075	352
349.621	350
352.165	338
354.708	326
357.251	342
359.793	356
362.334	308
364.874	314
367.413	296
369.951	342
372.489	302
375.026	308
377.562	336
380.097	302
382.631	316
385.164	292
387.697	274
390.229	286
392.76	312
395.29	282
397.819	288
400.346	298
402.873	336
405.4	346
407.926	356
410.451	370
412.976	380
415.499	420
418.02	388
420.542	378
423.063	318
425.583	296
428.101	282
430.619	246
433.137	250
435.654	258
438.169	256
440.684	240
443.198	252
445.712	242
448.223	222
450.735	208
453.246	220
455.755	208
458.264	202
460.771	232
463.279	216
465.786	240
468.291	262
470.796	238
473.301	278
475.803	294
478.306	308
480.807	360
483.308	366
485.807	404
488.307	378
490.804	344
493.302	276
495.798	262
498.294	260
500.788	248
503.283	242
505.775	248
508.269	234
510.759	262
513.251	290
515.74	344
518.23	314
520.718	294
523.204	260
525.692	276
528.177	298
530.663	352
533.147	402
535.629	474
538.113	514
540.594	572
543.074	558
545.555	496
548.034	428
550.512	388
552.989	354
555.467	328
557.942	372
560.417	420
562.892	520
565.365	712
567.838	1176
570.309	1782
572.78	2158
575.251	1834
577.72	1240
580.189	762
582.656	558
585.123	452
587.589	458
590.055	446
592.52	420
594.983	404
597.446	376
599.908	344
602.369	322
604.829	296
607.289	328
609.747	350
612.205	320
614.663	332
617.119	368
619.574	512
622.029	788
624.483	688
626.936	436
629.389	376
631.84	336
634.291	330
636.741	298
639.19	300
641.639	286
644.086	292
646.533	264
648.979	252
651.424	260
653.869	214
656.313	228
658.754	206
661.196	200
663.638	224
666.078	210
668.518	212
670.957	210
673.394	202
675.831	188
678.268	204
680.703	190
683.137	214
685.571	210
688.005	202
690.437	194
692.868	222
695.299	228
697.729	226
700.159	226
702.586	222
705.014	226
707.441	234
709.866	224
712.292	236
714.716	250
717.14	266
719.563	270
721.984	256
724.406	278
726.825	274
729.246	274
731.665	258
734.082	282
736.5	292
738.916	296
741.332	330
743.746	374
746.161	368
748.574	426
750.987	406
753.398	396
755.81	406
758.219	406
760.629	414
763.037	380
765.445	356
767.852	386
770.258	376
772.664	356
775.068	356
777.472	350
779.876	384
782.278	374
784.679	390
787.08	450
789.48	462
791.879	476
794.278	512
796.675	518
799.072	484
801.467	424
803.864	374
806.258	342
808.651	350
811.044	348
813.437	308
815.828	290
818.218	282
820.608	288
822.997	272
825.385	302
827.773	336
830.16	422
832.546	648
834.931	784
837.315	684
839.699	494
842.081	390
844.463	374
846.844	360
849.226	324
851.606	350
853.985	314
856.363	324
858.741	308
861.117	284
863.493	298
865.868	302
868.243	278
870.616	284
872.989	264
875.36	284
877.731	290
880.102	270
882.472	272
884.841	254
887.209	270
889.577	284
891.944	276
894.31	262
896.674	292
899.039	258
901.403	270
903.766	294
906.128	298
908.49	314
910.849	288
913.209	274
915.569	270
917.927	258
920.284	252
922.641	246
924.997	254
927.353	244
929.707	252
932.061	240
934.414	254
936.765	242
939.117	250
941.469	256
943.818	288
946.167	294
948.515	300
950.863	336
953.211	420
955.556	494
957.902	568
960.246	640
962.59	650
964.933	608
967.276	528
969.617	484
971.958	450
974.298	408
976.638	384
978.976	388
981.314	410
983.651	446
985.988	526
988.323	632
990.659	1038
992.992	1592
995.325	1642
997.658	1576
999.99	2704
1002.32	4030
1004.65	3380
1006.98	1940
1009.31	876
1011.64	548
1013.97	434
1016.29	364
1018.62	384
1020.94	414
1023.27	502
1025.59	618
1027.91	844
1030.24	1116
1032.56	1230
1034.88	1158
1037.2	898
1039.52	650
1041.84	528
1044.15	428
1046.47	398
1048.79	368
1051.1	346
1053.42	320
1055.73	332
1058.04	306
1060.36	320
1062.67	330
1064.98	356
1067.29	360
1069.6	346
1071.91	338
1074.22	336
1076.52	338
1078.83	328
1081.14	340
1083.44	324
1085.75	334
1088.05	324
1090.35	364
1092.65	322
1094.95	370
1097.26	334
1099.56	340
1101.86	346
1104.15	354
1106.45	388
1108.75	506
1111.05	602
1113.34	652
1115.64	586
1117.93	458
1120.22	370
1122.52	290
1124.81	310
1127.1	328
1129.39	266
1131.68	260
1133.97	268
1136.26	266
1138.54	282
1140.83	286
1143.12	314
1145.4	304
1147.69	344
1149.97	376
1152.25	506
1154.54	594
1156.82	646
1159.1	638
1161.38	514
1163.66	440
1165.94	418
1168.22	400
1170.49	394
1172.77	426
1175.05	526
1177.32	614
1179.6	718
1181.87	836
1184.14	922
1186.42	902
1188.69	870
1190.96	844
1193.23	828
1195.5	814
1197.77	870
1200.03	866
1202.3	884
1204.57	800
1206.83	732
1209.1	646
1211.36	582
1213.63	480
1215.89	438
1218.15	392
1220.41	374
1222.67	360
1224.93	372
1227.19	384
1229.45	406
1231.71	366
1233.97	358
1236.22	342
1238.48	346
1240.73	294
1242.99	296
1245.24	298
1247.5	294
1249.75	304
1252	300
1254.25	290
1256.5	282
1258.75	290
1261	288
1263.25	302
1265.49	294
1267.74	282
1269.99	306
1272.23	304
1274.48	280
1276.72	314
1278.96	304
1281.21	302
1283.45	356
1285.69	338
1287.93	364
1290.17	378
1292.41	428
1294.64	450
1296.88	508
1299.12	640
1301.36	846
1303.59	1130
1305.82	1342
1308.06	1280
1310.29	1022
1312.52	758
1314.76	606
1316.99	558
1319.22	488
1321.45	512
1323.68	532
1325.9	502
1328.13	494
1330.36	494
1332.58	486
1334.81	468
1337.04	402
1339.26	390
1341.48	392
1343.71	372
1345.93	366
1348.15	388
1350.37	362
1352.59	382
1354.81	358
1357.03	360
1359.24	364
1361.46	340
1363.68	342
1365.89	334
1368.11	378
1370.32	370
1372.54	418
1374.75	506
1376.96	618
1379.17	712
1381.38	744
1383.59	700
1385.8	596
1388.01	446
1390.22	360
1392.43	302
1394.63	260
1396.84	266
1399.05	258
1401.25	252
1403.45	258
1405.66	262
1407.86	270
1410.06	272
1412.26	280
1414.46	292
1416.66	294
1418.86	296
1421.06	314
1423.26	330
1425.46	316
1427.65	322
1429.85	342
1432.04	362
1434.24	362
1436.43	408
1438.62	450
1440.82	468
1443.01	516
1445.2	482
1447.39	520
1449.58	528
1451.77	532
1453.95	504
1456.14	460
1458.33	406
1460.52	380
1462.7	340
1464.89	330
1467.07	338
1469.25	310
1471.44	300
1473.62	298
1475.8	282
1477.98	302
1480.16	286
1482.34	282
1484.52	294
1486.7	278
1488.87	260
1491.05	282
1493.23	274
1495.4	282
1497.58	266
1499.75	268
1501.92	236
1504.1	258
1506.27	268
1508.44	256
1510.61	250
1512.78	252
1514.95	268
1517.12	234
1519.28	262
1521.45	256
1523.62	268
1525.78	254
1527.95	278
1530.11	256
1532.28	244
1534.44	248
1536.6	250
1538.76	250
1540.93	252
1543.09	262
1545.25	258
1547.41	244
1549.56	258
1551.72	250
1553.88	268
1556.03	260
1558.19	254
1560.35	276
1562.5	278
1564.65	278
1566.81	294
1568.96	312
1571.11	318
1573.26	332
1575.41	350
1577.56	412
1579.71	512
1581.86	648
1584.01	758
1586.15	780
1588.3	678
1590.45	698
1592.59	716
1594.74	856
1596.88	1034
1599.02	1212
1601.17	1586
1603.31	1704
1605.45	1610
1607.59	1294
1609.73	1042
1611.87	836
1614.01	704
1616.14	576
1618.28	476
1620.42	430
1622.55	364
1624.69	368
1626.82	340
1628.96	326
1631.09	288
1633.22	252
1635.36	270
1637.49	286
1639.62	270
1641.75	252
1643.88	286
1646	276
1648.13	266
1650.26	274
1652.39	264
1654.51	246
1656.64	252
1658.76	252
1660.89	234
1663.01	224
1665.13	234
1667.26	234
1669.38	224
1671.5	232
1673.62	226
1675.74	232
1677.86	244
1679.97	204
1682.09	242
1684.21	250
1686.33	236
1688.44	230
1690.56	238
1692.67	232
1694.78	250
1696.9	238
1699.01	236
1701.12	246
1703.23	234
1705.34	224
1707.45	222
1709.56	226
1711.67	222
1713.78	208
1715.88	218
1717.99	228
1720.1	210
1722.2	222
1724.31	210
1726.41	220
1728.51	198
1730.62	210
1732.72	212
1734.82	194
1736.92	200
1739.02	222
1741.12	220
1743.22	210
1745.32	200
1747.42	204
1749.51	204
1751.61	212
1753.7	214
1755.8	202
1757.89	208
1759.99	232
1762.08	234
1764.17	200
1766.26	212
1768.36	216
1770.45	186
1772.54	200
1774.62	196
1776.71	202
1778.8	212
1780.89	218
1782.98	202
1785.06	198
1787.15	198
1789.23	210
1791.32	194
1793.4	212
1795.48	208
1797.56	192
1799.65	218
1801.73	192
1803.81	206
1805.89	202
1807.97	196
1810.04	206
1812.12	216
1814.2	212
1816.28	196
1818.35	210
1820.43	212
1822.5	208
1824.58	186
1826.65	224
1828.72	204
1830.79	196
1832.86	194
1834.94	204
1837.01	206
1839.08	222
1841.15	208
1843.21	188
1845.28	204
1847.35	208
1849.41	202
1851.48	202
1853.55	218
1855.61	200
1857.67	202
1859.74	204
1861.8	212
1863.86	204
1865.92	196
1867.98	198
1870.05	208
1872.1	188
1874.16	198
1876.22	200
1878.28	204
1880.34	188
1882.39	216
1884.45	200
1886.5	190
1888.56	194
1890.61	190
1892.67	196
1894.72	206
1896.77	196
1898.82	202
1900.87	190
1902.92	224
1904.97	218
1907.02	226
1909.07	204
1911.12	210
1913.17	216
1915.21	202
1917.26	200
1919.3	212
1921.35	206
1923.39	212
1925.43	202
1927.48	208
1929.52	216
1931.56	210
1933.6	194
1935.64	198
1937.68	200
1939.72	196
1941.76	210
1943.8	208
1945.83	188
1947.87	202
1949.91	198
1951.94	184
1953.98	184
1956.01	204
1958.05	196
1960.08	210
1962.11	192
1964.14	190
1966.17	202
1968.2	206
1970.23	198
1972.26	210
1974.29	192
1976.32	204
1978.35	196
1980.37	194
1982.4	198
1984.43	186
1986.45	206
1988.48	190
1990.5	192
1992.52	202
1994.55	202
1996.57	184
1998.59	210
2000.61	182
2002.63	202
2004.65	192
2006.67	188
2008.69	202
2010.7	200
2012.72	192
2014.74	180
2016.75	212
2018.77	190
2020.78	198
2022.8	200
2024.81	210
2026.83	186
2028.84	198
2030.85	192
2032.86	212
2034.87	200
2036.88	196
2038.89	198
2040.9	178
2042.91	186
2044.91	194
2046.92	196
2048.93	190
2050.93	196
2052.94	186
2054.94	200
2056.95	200
2058.95	196
2060.95	204
2062.95	194
2064.96	204
2066.96	206
2068.96	206
2070.96	192
2072.96	202
2074.95	200
2076.95	182
2078.95	174
2080.95	198
2082.94	202
2084.94	202
2086.93	164
2088.93	190
2090.92	182
2092.91	176
2094.91	180
2096.9	188
2098.89	190
2100.88	192
2102.87	188
2104.86	204
2106.85	182
2108.84	182
2110.83	196
2112.81	194
2114.8	208
2116.78	184
2118.77	190
2120.75	180
2122.74	176
2124.72	194
2126.71	188
2128.69	200
2130.67	186
2132.65	196
2134.63	200
2136.61	192
2138.59	196
2140.57	186
2142.55	186
2144.53	224
2146.5	178
2148.48	180
2150.46	192
2152.43	172
2154.41	192
2156.38	188
2158.35	178
2160.33	194
2162.3	196
2164.27	190
2166.24	186
2168.21	198
2170.18	184
2172.15	194
2174.12	178
2176.09	184
2178.06	200
2180.03	188
2181.99	180
2183.96	188
2185.92	190
2187.89	196
2189.85	186
2191.82	190
2193.78	196
2195.74	202
2197.7	188
2199.67	182
2201.63	172
2203.59	190
2205.55	178
2207.51	182
2209.46	172
2211.42	184
2213.38	182
2215.34	192
2217.29	176
2219.25	180
2221.2	184
2223.16	202
2225.11	176
2227.06	184
2229.02	198
2230.97	170
2232.92	180
2234.87	184
2236.82	176
2238.77	172
2240.72	180
2242.67	198
2244.62	186
2246.57	188
2248.51	180
2250.46	186
2252.4	176
2254.35	196
2256.29	184
2258.24	186
2260.18	164
2262.13	184
2264.07	172
2266.01	172
2267.95	188
2269.89	176
2271.83	184
2273.77	176
2275.71	176
2277.65	178
2279.58	176
2281.52	180
2283.46	182
2285.4	186
2287.33	188
2289.27	174
2291.2	190
2293.13	174
2295.07	188
2297	198
2298.93	182
2300.86	186
2302.79	168
2304.72	184
2306.65	190
2308.58	196
2310.51	184
2312.44	208
2314.37	198
2316.29	188
2318.22	186
2320.15	188
2322.07	182
2324	194
2325.92	184
2327.84	166
2329.77	194
2331.69	166
2333.61	174
2335.53	192
2337.45	178
2339.37	202
2341.29	186
2343.21	168
2345.13	186
2347.05	198
2348.97	180
2350.88	190
2352.8	176
2354.71	184
2356.63	206
2358.54	182
2360.46	186
2362.37	166
2364.28	170
2366.2	184
2368.11	172
2370.02	194
2371.93	174
2373.84	186
2375.75	184
2377.66	176
2379.57	178
2381.47	196
2383.38	170
2385.29	178
2387.2	200
2389.1	188
2391.01	188
2392.91	188
2394.81	182
2396.72	178
2398.62	180
2400.52	174
2402.42	192
2404.33	176
2406.23	188
2408.13	180
2410.03	198
2411.92	186
2413.82	186
2415.72	174
2417.62	172
2419.51	174
2421.41	172
2423.31	176
2425.2	178
2427.1	170
2428.99	170
2430.88	182
2432.78	156
2434.67	182
2436.56	178
2438.45	156
2440.34	170
2442.23	174
2444.12	182
2446.01	192
2447.9	192
2449.79	182
