182.393	972
184.993	962
187.593	936
190.193	912
192.79	904
195.387	888
197.983	916
200.578	856
203.174	858
205.766	856
208.36	882
210.951	894
213.542	884
216.131	898
218.721	882
221.309	874
223.897	896
226.483	964
229.069	994
231.654	1054
234.238	1196
236.821	1200
239.404	1182
241.984	1068
244.566	928
247.145	788
249.723	712
252.302	662
254.878	550
257.455	490
260.03	444
262.604	432
265.178	404
267.75	380
270.322	400
272.893	376
275.463	366
278.032	370
280.601	382
283.168	356
285.734	368
288.301	374
290.866	422
293.429	460
295.992	504
298.556	520
301.117	504
303.677	462
306.236	414
308.795	408
311.354	368
313.911	392
316.467	388
319.022	370
321.577	370
324.13	360
326.684	376
329.236	360
331.787	388
334.337	416
336.887	388
339.435	376
341.983	386
344.529	366
347.075	366
349.621	344
352.165	356
354.708	358
357.251	382
359.793	344
362.334	370
364.874	330
367.413	348
369.951	356
372.489	366
375.026	330
377.562	352
380.097	338
382.631	328
385.164	314
387.697	310
390.229	324
392.76	308
395.29	320
397.819	306
400.346	326
402.873	368
405.4	372
407.926	382
410.451	392
412.976	384
415.499	406
418.02	408
420.542	402
423.063	370
425.583	320
428.101	314
430.619	292
433.137	288
435.654	268
438.169	278
440.684	272
443.198	260
445.712	268
448.223	240
450.735	256
453.246	248
455.755	224
458.264	240
460.771	240
463.279	246
465.786	264
468.291	266
470.796	276
473.301	298
475.803	328
478.306	336
480.807	386
483.308	378
485.807	398
488.307	414
490.804	378
493.302	310
495.798	304
498.294	266
500.788	272
503.283	252
505.775	282
508.269	268
510.759	290
513.251	314
515.74	346
518.23	332
520.718	300
523.204	320
525.692	310
528.177	320
530.663	382
533.147	438
535.629	522
538.113	586
540.594	570
543.074	580
545.555	522
548.034	472
550.512	408
552.989	372
555.467	382
557.942	390
560.417	428
562.892	540
565.365	768
567.838	1208
570.309	1850
572.78	2220
575.251	1880
577.72	1244
580.189	774
582.656	556
585.123	486
587.589	484
590.055	466
592.52	444
594.983	444
597.446	414
599.908	364
602.369	338
604.829	332
607.289	354
609.747	346
612.205	328
614.663	356
617.119	406
619.574	572
622.029	754
624.483	694
626.936	464
629.389	370
631.84	342
634.291	364
636.741	328
639.19	298
641.639	318
644.086	288
646.533	286
648.979	268
651.424	250
653.869	250
656.313	232
658.754	238
661.196	252
663.638	234
666.078	218
668.518	216
670.957	228
673.394	228
675.831	236
678.268	224
680.703	240
683.137	238
685.571	238
688.005	220
690.437	228
692.868	230
695.299	230
697.729	236
700.159	236
702.586	238
705.014	260
707.441	260
709.866	248
712.292	268
714.716	288
717.14	320
719.563	300
721.984	292
724.406	304
726.825	298
729.246	276
731.665	296
734.082	284
736.5	318
738.916	344
741.332	358
743.746	386
746.161	412
748.574	418
750.987	448
753.398	442
755.81	434
758.219	442
760.629	464
763.037	438
765.445	400
767.852	392
770.258	358
772.664	382
775.068	382
777.472	386
779.876	396
782.278	408
784.679	438
787.08	448
789.48	470
791.879	522
794.278	534
796.675	544
799.072	492
801.467	466
803.864	434
806.258	382
808.651	394
811.044	348
813.437	362
815.828	338
818.218	318
820.608	300
822.997	292
825.385	310
827.773	368
830.16	444
832.546	668
834.931	838
837.315	708
839.699	516
842.081	402
844.463	380
846.844	380
849.226	372
851.606	346
853.985	364
856.363	326
858.741	290
861.117	316
863.493	318
865.868	308
868.243	320
870.616	306
872.989	294
875.36	298
877.731	294
880.102	270
882.472	290
884.841	290
887.209	274
889.577	298
891.944	256
894.31	282
896.674	286
899.039	266
901.403	304
903.766	314
906.128	316
908.49	312
910.849	320
913.209	308
915.569	286
917.927	282
920.284	244
922.641	284
924.997	258
927.353	290
929.707	282
932.061	258
934.414	250
936.765	262
939.117	292
941.469	314
943.818	304
946.167	306
948.515	346
950.863	386
953.211	418
955.556	494
957.902	642
960.246	688
962.59	676
964.933	620
967.276	570
969.617	520
971.958	486
974.298	438
976.638	402
978.976	414
981.314	464
983.651	474
985.988	576
988.323	654
990.659	1102
992.992	1690
995.325	1654
997.658	1672
999.99	2802
1002.32	3936
1004.65	3396
1006.98	1854
1009.31	902
1011.64	566
1013.97	432
1016.29	416
1018.62	406
1020.94	446
1023.27	526
1025.59	628
1027.91	852
1030.24	1108
1032.56	1290
1034.88	1212
1037.2	932
1039.52	714
1041.84	532
1044.15	454
1046.47	416
1048.79	380
1051.1	394
1053.42	366
1055.73	350
1058.04	360
1060.36	336
1062.67	360
1064.98	364
1067.29	362
1069.6	384
1071.91	372
1074.22	374
1076.52	360
1078.83	378
1081.14	372
1083.44	358
1085.75	368
1088.05	358
1090.35	370
1092.65	392
1094.95	382
1097.26	346
1099.56	388
1101.86	374
1104.15	380
1106.45	438
1108.75	502
1111.05	678
1113.34	672
1115.64	630
1117.93	502
1120.22	406
1122.52	360
1124.81	334
1127.1	318
1129.39	320
1131.68	300
1133.97	314
1136.26	292
1138.54	336
1140.83	332
1143.12	320
1145.4	344
1147.69	364
1149.97	394
1152.25	480
1154.54	602
1156.82	672
1159.1	618
1161.38	522
1163.66	460
1165.94	426
1168.22	428
1170.49	462
1172.77	466
1175.05	522
1177.32	650
1179.6	766
1181.87	864
1184.14	972
1186.42	942
1188.69	894
1190.96	918
1193.23	896
1195.5	886
1197.77	868
1200.03	896
1202.3	882
1204.57	846
1206.83	750
1209.1	688
1211.36	574
1213.63	512
1215.89	454
1218.15	414
1220.41	412
1222.67	402
1224.93	406
1227.19	414
1229.45	406
1231.71	420
1233.97	372
1236.22	378
1238.48	352
1240.73	330
1242.99	332
1245.24	322
1247.5	326
1249.75	346
1252	322
1254.25	314
1256.5	334
1258.75	312
1261	334
1263.25	328
1265.49	326
1267.74	332
1269.99	308
1272.23	332
1274.48	326
1276.72	326
1278.96	340
1281.21	370
1283.45	380
1285.69	400
1287.93	396
1290.17	444
1292.41	454
1294.64	486
1296.88	570
1299.12	708
1301.36	872
1303.59	1172
1305.82	1366
1308.06	1342
1310.29	1038
1312.52	770
1314.76	656
1316.99	576
1319.22	542
1321.45	538
1323.68	516
1325.9	538
1328.13	526
1330.36	528
1332.58	520
1334.81	496
1337.04	480
1339.26	412
1341.48	410
1343.71	414
1345.93	386
1348.15	392
1350.37	410
1352.59	408
1354.81	398
1357.03	392
1359.24	398
1361.46	396
1363.68	382
1365.89	398
1368.11	382
1370.32	402
1372.54	462
1374.75	536
1376.96	664
1379.17	756
1381.38	790
1383.59	750
1385.8	600
1388.01	470
1390.22	400
1392.43	344
1394.63	332
1396.84	302
1399.05	292
1401.25	294
1403.45	310
1405.66	316
1407.86	302
1410.06	320
1412.26	294
1414.46	316
1416.66	302
1418.86	322
1421.06	346
1423.26	330
1425.46	374
1427.65	382
1429.85	380
1432.04	390
1434.24	422
1436.43	468
1438.62	488
1440.82	510
1443.01	516
1445.2	568
1447.39	562
1449.58	554
1451.77	562
1453.95	524
1456.14	490
1458.33	432
1460.52	420
1462.7	382
1464.89	358
1467.07	328
1469.25	354
1471.44	324
1473.62	344
1475.8	344
1477.98	330
1480.16	340
1482.34	336
1484.52	332
1486.7	330
1488.87	314
1491.05	320
1493.23	306
1495.4	310
1497.58	290
1499.75	312
1501.92	286
1504.1	290
1506.27	300
1508.44	280
1510.61	282
1512.78	294
1514.95	292
1517.12	292
1519.28	298
1521.45	284
1523.62	290
1525.78	270
1527.95	268
1530.11	294
1532.28	288
1534.44	294
1536.6	290
1538.76	304
1540.93	276
1543.09	286
1545.25	286
1547.41	308
1549.56	282
1551.72	306
1553.88	290
1556.03	316
1558.19	288
1560.35	298
1562.5	326
1564.65	322
1566.81	316
1568.96	322
1571.11	350
1573.26	382
1575.41	420
1577.56	464
1579.71	546
1581.86	682
1584.01	820
1586.15	806
1588.3	736
1590.45	708
1592.59	784
1594.74	900
1596.88	1088
1599.02	1324
1601.17	1626
1603.31	1732
1605.45	1632
1607.59	1362
1609.73	1104
1611.87	894
1614.01	722
1616.14	614
1618.28	544
1620.42	452
1622.55	418
1624.69	392
1626.82	378
1628.96	330
1631.09	314
1633.22	312
1635.36	302
1637.49	306
1639.62	290
1641.75	324
1643.88	300
1646	314
1648.13	310
1650.26	312
1652.39	278
1654.51	294
1656.64	280
1658.76	262
1660.89	288
1663.01	270
1665.13	256
1667.26	258
1669.38	270
1671.5	260
1673.62	256
1675.74	250
1677.86	246
1679.97	252
1682.09	270
1684.21	266
1686.33	268
1688.44	264
1690.56	242
1692.67	276
1694.78	278
1696.9	264
1699.01	260
1701.12	262
1703.23	264
1705.34	264
1707.45	270
1709.56	276
1711.67	270
1713.78	250
1715.88	260
1717.99	252
1720.1	256
1722.2	248
1724.31	250
1726.41	248
1728.51	242
1730.62	254
1732.72	238
1734.82	234
1736.92	244
1739.02	232
1741.12	260
1743.22	252
1745.32	240
1747.42	250
1749.51	258
1751.61	248
1753.7	248
1755.8	242
1757.89	220
1759.99	248
1762.08	242
1764.17	246
1766.26	244
1768.36	234
1770.45	232
1772.54	242
1774.62	242
1776.71	248
1778.8	232
1780.89	242
1782.98	244
1785.06	238
1787.15	234
1789.23	230
1791.32	252
1793.4	252
1795.48	250
1797.56	240
1799.65	224
1801.73	244
1803.81	226
1805.89	240
1807.97	230
1810.04	246
1812.12	250
1814.2	236
1816.28	248
1818.35	248
1820.43	220
1822.5	238
1824.58	246
1826.65	228
1828.72	238
1830.79	250
1832.86	240
1834.94	234
1837.01	212
1839.08	248
1841.15	218
1843.21	244
1845.28	220
1847.35	232
1849.41	236
1851.48	246
1853.55	232
1855.61	252
1857.67	232
1859.74	230
1861.8	232
1863.86	224
1865.92	240
1867.98	234
1870.05	230
1872.1	238
1874.16	246
1876.22	230
1878.28	204
1880.34	236
1882.39	226
1884.45	224
1886.5	220
1888.56	248
1890.61	236
1892.67	240
1894.72	226
1896.77	232
1898.82	242
1900.87	238
1902.92	234
1904.97	242
1907.02	230
1909.07	214
1911.12	240
1913.17	250
1915.21	236
1917.26	262
1919.3	242
1921.35	240
1923.39	242
1925.43	234
1927.48	240
1929.52	242
1931.56	236
1933.6	250
1935.64	226
1937.68	242
1939.72	230
1941.76	244
1943.8	234
1945.83	258
1947.87	226
1949.91	220
1951.94	218
1953.98	214
1956.01	224
1958.05	218
1960.08	236
1962.11	234
1964.14	218
1966.17	242
1968.2	232
1970.23	226
1972.26	238
1974.29	226
1976.32	222
1978.35	232
1980.37	212
1982.4	224
1984.43	216
1986.45	214
1988.48	224
1990.5	230
1992.52	236
1994.55	228
1996.57	230
1998.59	224
2000.61	236
2002.63	236
2004.65	210
2006.67	216
2008.69	238
2010.7	224
2012.72	218
2014.74	218
2016.75	202
2018.77	232
2020.78	242
2022.8	214
2024.81	238
2026.83	208
2028.84	226
2030.85	240
2032.86	214
2034.87	224
2036.88	218
2038.89	220
2040.9	232
2042.91	222
2044.91	220
2046.92	222
2048.93	244
2050.93	226
2052.94	224
2054.94	222
2056.95	236
2058.95	234
2060.95	212
2062.95	226
2064.96	222
2066.96	220
2068.96	212
2070.96	218
2072.96	230
2074.95	226
2076.95	222
2078.95	222
2080.95	254
2082.94	218
2084.94	212
2086.93	226
2088.93	222
2090.92	236
2092.91	234
2094.91	210
2096.9	218
2098.89	212
2100.88	212
2102.87	224
2104.86	236
2106.85	230
2108.84	224
2110.83	210
2112.81	226
2114.8	222
2116.78	224
2118.77	226
2120.75	226
2122.74	232
2124.72	212
2126.71	220
2128.69	214
2130.67	244
2132.65	216
2134.63	218
2136.61	202
2138.59	204
2140.57	212
2142.55	208
2144.53	216
2146.5	214
2148.48	204
2150.46	208
2152.43	206
2154.41	216
2156.38	220
2158.35	216
2160.33	216
2162.3	202
2164.27	210
2166.24	206
2168.21	218
2170.18	218
2172.15	214
2174.12	214
2176.09	216
2178.06	212
2180.03	220
2181.99	228
2183.96	212
2185.92	214
2187.89	218
2189.85	206
2191.82	212
2193.78	220
2195.74	218
2197.7	220
2199.67	204
2201.63	208
2203.59	234
2205.55	208
2207.51	196
2209.46	202
2211.42	214
2213.38	226
2215.34	220
2217.29	216
2219.25	202
2221.2	192
2223.16	198
2225.11	212
2227.06	224
2229.02	202
2230.97	190
2232.92	212
2234.87	206
2236.82	208
2238.77	208
2240.72	208
2242.67	196
2244.62	196
2246.57	212
2248.51	208
2250.46	220
2252.4	216
2254.35	216
2256.29	188
2258.24	222
2260.18	200
2262.13	204
2264.07	204
2266.01	218
2267.95	182
2269.89	212
2271.83	196
2273.77	206
2275.71	202
2277.65	196
2279.58	202
2281.52	212
2283.46	204
2285.4	224
2287.33	204
2289.27	186
2291.2	220
2293.13	212
2295.07	212
2297	204
2298.93	202
2300.86	198
2302.79	220
2304.72	226
2306.65	228
2308.58	212
2310.51	222
2312.44	214
2314.37	210
2316.29	216
2318.22	210
2320.15	220
2322.07	202
2324	206
2325.92	216
2327.84	212
2329.77	208
2331.69	216
2333.61	210
2335.53	216
2337.45	210
2339.37	200
2341.29	206
2343.21	216
2345.13	204
2347.05	216
2348.97	196
2350.88	190
2352.8	192
2354.71	200
2356.63	208
2358.54	202
2360.46	206
2362.37	208
2364.28	212
2366.2	214
2368.11	204
2370.02	220
2371.93	220
2373.84	210
2375.75	208
2377.66	200
2379.57	208
2381.47	210
2383.38	206
2385.29	212
2387.2	196
2389.1	192
2391.01	200
2392.91	206
2394.81	210
2396.72	186
2398.62	198
2400.52	206
2402.42	216
2404.33	218
2406.23	192
2408.13	210
2410.03	198
2411.92	204
2413.82	200
2415.72	204
2417.62	208
2419.51	202
2421.41	212
2423.31	202
2425.2	208
2427.1	206
2428.99	190
2430.88	214
2432.78	204
2434.67	206
2436.56	206
2438.45	208
2440.34	200
2442.23	206
2444.12	182
2446.01	216
2447.9	204
2449.79	198
