178.677	113.778
181.278	109.778
183.879	107.111
186.48	102.889
189.078	102.444
191.677	104.667
194.275	100.222
196.871	103.556
199.467	96.8889
202.061	97.7778
204.656	99.5556
207.248	98
209.841	98.6667
212.431	93.5556
215.022	96.2222
217.613	95.3333
220.201	93.5556
222.789	95.7778
225.375	90.4445
227.962	96.2222
230.547	89.7778
233.13	91.7778
235.714	96
238.296	96.6667
240.879	92.8889
243.459	93.1111
246.04	98
248.618	92.8889
251.196	93.1111
253.774	94.6667
256.35	92.8889
258.927	94.2222
261.501	85.7778
264.074	93.3333
266.648	86.2222
269.22	85.5556
271.791	92.8889
274.362	88.6667
276.931	88.4444
279.5	87.7778
282.069	87.1111
284.635	88
287.201	91.5556
289.766	90.4445
292.331	86.4444
294.894	94
297.457	92
300.018	103.333
302.58	118.667
305.14	130.444
307.699	123.556
310.257	109.778
312.814	102.222
315.372	93.1111
317.928	89.5556
320.482	94.2222
323.036	90.8889
325.589	91.5556
328.142	91.1111
330.693	86.6667
333.243	88
335.795	92.6667
338.343	85.5556
340.891	89.3333
343.439	89.3333
345.985	88.8889
348.53	92
351.075	88.2222
353.619	89.5556
356.162	92
358.704	89.3333
361.245	94.2222
363.786	97.5556
366.325	97.7778
368.864	98.6667
371.402	99.5556
373.939	102.667
376.475	117.333
379.011	113.333
381.545	101.111
384.079	97.5556
386.612	89.1111
389.144	96.6667
391.674	93.7778
394.204	91.3333
396.734	91.7778
399.263	91.3333
401.791	92.6667
404.318	86.6667
406.844	89.5556
409.368	88.4444
411.893	93.7778
414.417	92.6667
416.94	92
419.462	96
421.982	95.5556
424.502	99.1111
427.022	97.5556
429.541	99.5556
432.057	102.444
434.574	103.778
437.091	108.222
439.606	103.333
442.12	99.1111
444.634	97.5556
447.147	92.2222
449.657	91.1111
452.169	92.8889
454.68	97.1111
457.188	95.5555
459.697	96.4444
462.205	93.7778
464.711	91.7778
467.217	95.5556
469.722	96.2222
472.227	93.5556
474.731	94
477.232	99.7778
479.735	95.5556
482.235	93.7778
484.736	94
487.234	96
489.734	96.4444
492.23	98.6667
494.728	97.5556
497.223	100.444
499.719	102.222
502.213	108.222
504.707	105.111
507.199	100.667
509.692	98.4445
512.182	96.6667
514.673	93.3333
517.162	98
519.65	101.333
522.139	98.8889
524.625	98.6667
527.112	100.222
529.597	100
532.081	111.556
534.565	113.333
537.047	112.222
539.529	99.5556
542.011	102.889
544.491	102.889
546.97	98.4444
549.45	102
551.927	97.5556
554.404	106.889
556.88	100
559.356	100.667
561.831	102.444
564.304	100.667
566.777	100.444
569.25	102.444
571.721	100.444
574.191	100.889
576.661	101.333
579.129	105.333
581.599	105.556
584.066	102.222
586.532	101.333
588.997	102
591.462	101.556
593.926	104.667
596.389	104.444
598.851	105.111
601.314	104.667
603.775	111.556
606.235	111.111
608.694	111.778
611.152	112.889
613.609	115.778
616.066	116.222
618.522	121.111
620.977	123.778
623.431	132
625.885	144.222
628.338	165.556
630.79	164.889
633.241	178.889
635.691	210.222
638.141	221.333
640.589	172.222
643.036	131.333
645.483	112.889
647.929	116.889
650.375	113.333
652.82	111.111
655.264	114
657.707	112
660.149	112
662.59	112.222
665.031	106.667
667.471	103.778
669.91	109.111
672.349	108.667
674.786	104.889
677.222	101.556
679.658	105.778
682.093	103.333
684.528	100.889
686.96	104.222
689.393	106.889
691.826	107.556
694.256	104.222
696.686	106.889
699.116	106
701.545	97.5556
703.972	104.667
706.4	104.444
708.826	100.667
711.251	102
713.676	103.778
716.099	106.889
718.523	100.667
720.946	105.556
723.366	104.444
725.788	103.778
728.207	99.1111
730.627	101.111
733.044	102.222
735.462	99.5556
737.88	98
740.295	102.889
742.711	97.7778
745.125	101.778
747.539	101.556
749.951	99.1111
752.363	99.1111
754.775	104.667
757.185	102.889
759.595	101.556
762.003	104.222
764.412	97.1111
766.819	99.1111
769.225	101.556
771.632	99.3333
774.036	102.667
776.441	101.111
778.844	100
781.246	100.889
783.649	108.222
786.05	102.667
788.449	103.778
790.85	99.7778
793.248	102.222
795.646	98.4444
798.042	104.222
800.44	104
802.835	107.111
805.23	106.444
807.623	109.778
810.018	112.667
812.41	118.667
814.801	122.667
817.192	120.667
819.582	116.889
821.972	125.778
824.361	117.778
826.748	109.778
829.135	107.333
831.521	106.222
833.907	106.889
836.291	109.333
838.675	112.444
841.059	111.333
843.442	113.111
845.823	115.556
848.204	117.111
850.584	115.556
852.963	120.889
855.342	121.111
857.72	121.778
860.097	130
862.473	146.444
864.848	205.778
867.223	330.667
869.597	476.222
871.97	473.778
874.343	345.333
876.714	219.778
879.084	153.333
881.454	134.222
883.824	119.111
886.192	119.333
888.56	113.333
890.927	108.444
893.294	110
895.66	107.778
898.023	104.444
900.387	104.667
902.751	111.333
905.114	102.667
907.476	109.556
909.835	108.667
912.196	107.333
914.555	106.444
916.914	100
919.271	103.778
921.629	107.778
923.985	102.667
926.341	103.333
928.695	99.7778
931.05	101.111
933.404	102.222
935.755	104.222
938.107	106.222
940.459	104.222
942.808	102.222
945.158	105.556
947.508	104.889
949.855	104
952.202	105.556
954.548	103.556
956.894	104.667
959.239	111.333
961.583	110.444
963.928	114.222
966.27	120
968.612	112.889
970.953	111.556
973.294	106.889
975.633	112.444
977.972	112
980.31	103.333
982.647	107.111
984.984	105.556
987.32	108.667
989.656	110
991.989	112.444
994.324	114.667
996.656	116.444
998.988	122.222
1001.32	122.667
1003.65	129.111
1005.98	128.222
1008.31	132.222
1010.64	129.556
1012.97	122.889
1015.29	113.333
1017.62	111.333
1019.94	107.778
1022.27	104.667
1024.59	108.889
1026.92	112
1029.24	114.222
1031.56	108.667
1033.88	113.556
1036.2	108.222
1038.52	112
1040.84	112.889
1043.16	110
1045.48	110.222
1047.79	111.333
1050.11	114
1052.42	113.333
1054.74	111.111
1057.05	117.333
1059.36	119.778
1061.67	121.333
1063.99	117.556
1066.3	119.778
1068.61	115.111
1070.92	118.667
1073.22	115.111
1075.53	122
1077.84	124.222
1080.15	118.444
1082.45	121.111
1084.76	125.556
1087.06	125.333
1089.36	134
1091.66	139.111
1093.97	146.222
1096.27	144
1098.57	148.222
1100.87	158.222
1103.17	196.222
1105.46	277.778
1107.76	511.333
1110.06	955.333
1112.35	1164
1114.65	836
1116.94	409.111
1119.24	207.556
1121.53	151.556
1123.82	132.667
1126.11	119.778
1128.4	120.667
1130.7	117.111
1132.98	119.556
1135.27	115.111
1137.56	115.111
1139.85	116
1142.13	114.667
1144.42	116
1146.71	123.556
1148.99	118.222
1151.27	120.667
1153.56	118.889
1155.84	127.111
1158.12	124.667
1160.4	128.444
1162.68	139.333
1164.96	158.444
1167.24	188.667
1169.51	220
1171.79	242.222
1174.07	228
1176.34	182.444
1178.62	151.556
1180.89	136
1183.17	129.333
1185.44	132.222
1187.71	138.889
1189.98	149.111
1192.25	152.889
1194.52	164.667
1196.79	169.333
1199.06	168.667
1201.33	168.889
1203.59	177.333
1205.86	179.333
1208.12	199.111
1210.39	230.667
1212.65	303.111
1214.92	428.222
1217.18	546.222
1219.44	591.333
1221.7	498.889
1223.96	361.111
1226.22	284.222
1228.48	230.667
1230.74	204
1233	198.222
1235.25	192.222
1237.51	186
1239.77	185.111
1242.02	188.889
1244.27	184.667
1246.53	180.444
1248.78	190.444
1251.03	194.444
1253.28	201.778
1255.53	212.667
1257.78	221.778
1260.03	237.778
1262.28	245.778
1264.53	280.667
1266.78	290
1269.02	323.111
1271.27	370.889
1273.51	396.444
1275.76	446.667
1278	502.444
1280.24	583.778
1282.48	711.111
1284.72	757.111
1286.97	672.667
1289.21	503.778
1291.44	350.889
1293.68	252.444
1295.92	206
1298.16	177.556
1300.39	157.556
1302.63	160.889
1304.86	158.667
1307.1	172.222
1309.33	186.667
1311.56	208.444
1313.8	248.222
1316.03	303.333
1318.26	415.111
1320.49	684.667
1322.72	1318
1324.95	2243.56
1327.17	2542.22
1329.4	1838.67
1331.63	998.444
1333.85	656
1336.08	720.444
1338.3	913.111
1340.53	848.444
1342.75	534.667
1344.97	313.778
1347.19	242
1349.41	201.111
1351.63	186.889
1353.85	187.333
1356.07	184.889
1358.29	192.222
1360.51	191.778
1362.72	182.444
1364.94	171.111
1367.16	158.889
1369.37	151.556
1371.58	142
1373.8	142.444
1376.01	140.222
1378.22	142.889
1380.43	153.111
1382.64	153.111
1384.85	152.667
1387.06	159.333
1389.27	163.556
1391.48	152
1393.68	140
1395.89	129.556
1398.1	127.111
1400.3	126.222
1402.51	123.556
1404.71	124.444
1406.91	118.667
1409.11	119.111
1411.32	118.444
1413.52	119.333
1415.72	120.444
1417.92	118.222
1420.11	115.333
1422.31	115.111
1424.51	120.667
1426.71	121.333
1428.9	122.222
1431.1	130.667
1433.29	140.444
1435.49	150.222
1437.68	150
1439.87	142.222
1442.06	141.778
1444.25	140.889
1446.45	138.444
1448.64	144.222
1450.82	147.556
1453.01	142.667
1455.2	137.333
1457.39	128.667
1459.57	124.667
1461.76	122
1463.94	120
1466.13	119.333
1468.31	118.889
1470.5	120.222
1472.68	117.333
1474.86	124.444
1477.04	120.667
1479.22	126.667
1481.4	126.667
1483.58	122.222
1485.76	131.333
1487.94	126.222
1490.11	124
1492.29	127.333
1494.46	128.222
1496.64	135.778
1498.81	149.333
1500.99	148.444
1503.16	158
1505.33	157.333
1507.5	163.556
1509.67	156.667
1511.84	155.778
1514.01	163.778
1516.18	180.667
1518.35	215.111
1520.52	227.556
1522.68	199.333
1524.85	164.444
1527.02	145.333
1529.18	132
1531.35	126.889
1533.51	124.444
1535.67	125.111
1537.83	127.778
1539.99	126.889
1542.16	119.111
1544.31	121.556
1546.47	124.444
1548.63	126.889
1550.79	126.889
1552.95	122.444
1555.11	119.556
1557.26	121.778
1559.42	120.444
1561.57	124
1563.73	121.556
1565.88	123.778
1568.03	122.889
1570.18	126
1572.34	126
1574.49	142.222
1576.64	152.889
1578.79	169.778
1580.93	212.889
1583.08	289.333
1585.23	380.222
1587.38	414.667
1589.52	358.667
1591.67	272.222
1593.81	229.778
1595.96	229.333
1598.1	238.444
1600.24	246.444
1602.38	236.667
1604.53	209.111
1606.67	184.667
1608.81	172.444
1610.95	182
1613.09	196.222
1615.22	197.111
1617.36	172
1619.5	144.667
1621.63	136.667
1623.77	134
1625.9	123.111
1628.04	124.667
1630.17	123.111
1632.3	122.444
1634.44	116.222
1636.57	123.111
1638.7	118.667
1640.83	118.667
1642.96	114.444
1645.09	120
1647.22	113.111
1649.34	115.778
1651.47	114
1653.6	114.222
1655.72	114.444
1657.85	113.778
1659.97	108.667
1662.1	110.667
1664.22	108
1666.34	112.444
1668.46	108.444
1670.58	114.444
1672.7	108.222
1674.82	110.667
1676.94	112
1679.06	115.778
1681.18	116.667
1683.3	114
1685.41	115.778
1687.53	114.889
1689.64	117.778
1691.76	115.778
1693.87	110
1695.99	113.556
1698.1	114.222
1700.21	112.889
1702.32	117.111
1704.43	118.444
1706.54	114.667
1708.65	114.444
1710.76	117.556
1712.87	114.889
1714.98	116.222
1717.08	109.333
1719.19	110.667
1721.29	110
1723.4	111.111
1725.5	109.556
1727.61	111.111
1729.71	110.444
1731.81	112.222
1733.91	109.778
1736.02	113.111
1738.12	113.333
1740.22	112.667
1742.31	115.333
1744.41	117.778
1746.51	115.333
1748.61	112.222
1750.7	117.556
1752.8	114
1754.9	108.667
1756.99	116.889
1759.08	112.444
1761.18	111.111
1763.27	107.333
1765.36	111.556
1767.45	110.889
1769.54	111.778
1771.63	111.111
1773.72	109.333
1775.81	114.889
1777.9	108.889
1779.99	111.778
1782.08	109.778
1784.16	112
1786.25	112
1788.33	108
1790.42	109.111
1792.5	110.222
1794.58	111.556
1796.67	106
1798.75	110.889
1800.83	113.556
1802.91	111.778
1804.99	113.111
1807.07	110.889
1809.15	111.556
1811.23	111.333
1813.3	109.778
1815.38	110.444
1817.46	105.556
1819.53	107.778
1821.61	110.889
1823.68	110.222
1825.75	115.111
1827.83	108.889
1829.9	109.333
1831.97	107.778
1834.04	113.778
1836.11	111.333
1838.18	107.556
1840.25	107.556
1842.32	110
1844.39	106.667
1846.46	109.556
1848.52	107.333
1850.59	111.333
1852.65	108
1854.72	107.778
1856.78	115.556
1858.85	107.111
1860.91	110.222
1862.97	112
1865.03	109.333
1867.09	107.111
1869.16	110.222
1871.22	108
1873.27	106.889
1875.33	105.111
1877.39	107.556
1879.45	109.111
1881.51	109.778
1883.56	105.778
1885.62	109.778
1887.67	106.222
1889.73	106
1891.78	107.111
1893.83	108.444
1895.89	108.667
1897.94	106
1899.99	108.444
1902.04	106.889
1904.09	108.667
1906.14	106.889
1908.19	110.667
1910.23	110.889
1912.28	107.111
1914.33	113.556
1916.37	108.667
1918.42	109.778
1920.46	108.889
1922.51	111.333
1924.55	112.667
1926.6	108.444
1928.64	107.778
1930.68	106.222
1932.72	109.778
1934.76	108.444
1936.8	109.556
1938.84	109.333
1940.88	107.778
1942.92	108
1944.96	104
1946.99	105.778
1949.03	108.889
1951.06	102.667
1953.1	106
1955.13	106
1957.17	106.444
1959.2	105.333
1961.23	107.778
1963.27	106.222
1965.3	106.222
1967.33	109.778
1969.36	106
1971.39	105.333
1973.42	107.778
1975.44	108.444
1977.47	105.778
1979.5	109.778
1981.53	107.556
1983.55	107.111
1985.58	109.556
1987.6	104.889
1989.63	108.444
1991.65	108
1993.67	102.889
1995.69	105.333
1997.72	102.667
1999.74	101.111
2001.76	104.222
2003.78	106.889
2005.8	104.667
2007.82	102.667
2009.83	104.667
2011.85	105.111
2013.87	105.778
2015.88	106.889
2017.9	107.333
2019.91	108.444
2021.93	106.444
2023.94	106.444
2025.96	102.444
2027.97	102
2029.98	100.222
2031.99	102.889
2034	108.667
2036.01	104.667
2038.02	106.222
2040.03	104.222
2042.04	108.667
2044.05	103.111
2046.05	103.333
2048.06	107.778
2050.07	102.889
2052.07	109.556
2054.08	108
2056.08	100.667
2058.08	107.333
2060.09	101.111
2062.09	108
2064.09	103.333
2066.09	104.667
2068.09	109.111
2070.09	104
2072.09	104
2074.09	104.667
2076.09	104.889
2078.09	107.778
2080.08	105.333
2082.08	108.222
2084.08	102.667
2086.07	108.889
2088.07	108
2090.06	100.667
2092.05	107.111
2094.05	101.111
2096.04	106
2098.03	102.222
2100.02	109.778
2102.01	106.667
2104	101.778
2105.99	100.444
2107.98	102.444
2109.97	103.778
2111.95	105.111
2113.94	107.333
2115.93	104.889
2117.91	104.444
2119.9	104.667
2121.88	101.778
2123.87	105.333
2125.85	101.556
2127.83	102
2129.81	101.333
2131.8	102.889
2133.78	104.444
2135.76	104
2137.74	108.222
2139.72	102.889
2141.69	98.8889
2143.67	105.111
2145.65	104.444
2147.63	102.222
2149.6	102.222
2151.58	101.333
2153.55	107.556
2155.53	101.556
2157.5	102.444
2159.48	104
2161.45	105.778
2163.42	102.444
2165.39	100.222
2167.36	99.5556
2169.33	99.7778
2171.3	102.667
2173.27	100
2175.24	102.222
2177.21	102.667
2179.18	99.3333
2181.14	102.222
2183.11	100.222
2185.07	104.444
2187.04	103.111
2189	106.444
2190.97	104.222
2192.93	99.7778
2194.89	107.778
2196.86	105.778
2198.82	102
2200.78	106.667
2202.74	102.667
2204.7	103.556
2206.66	103.333
2208.62	103.556
2210.57	102.444
2212.53	99.3333
2214.49	104.222
2216.45	105.111
2218.4	102
2220.36	104.222
2222.31	102.444
2224.27	98
2226.22	103.111
2228.17	99.7778
2230.12	103.778
2232.08	105.111
2234.03	99.1111
2235.98	102.222
2237.93	101.778
2239.88	98.4445
2241.83	98.2222
2243.78	97.7778
2245.72	101.556
2247.67	102.444
2249.62	98
2251.56	104.444
2253.51	102.667
2255.45	94.4444
2257.4	99.1111
2259.34	96.8889
2261.28	96
2263.23	99.7778
2265.17	103.333
2267.11	96.4444
2269.05	102.889
2270.99	99.5556
2272.93	98
2274.87	98.4444
2276.81	104.667
2278.75	99.7778
2280.68	97.3333
2282.62	99.5556
2284.56	99.3333
2286.49	100.667
2288.43	94.2222
2290.36	97.7778
2292.3	99.7778
2294.23	98
2296.16	96.4444
2298.09	98.4444
2300.03	98.6667
2301.96	92.8889
2303.89	100.444
2305.82	96.2222
2307.75	98.2222
2309.68	96.2222
2311.6	97.1111
2313.53	96.4444
2315.46	98.8889
2317.39	96.8889
2319.31	100.222
2321.24	102
2323.16	95.5556
2325.09	99.7778
2327.01	98.8889
2328.93	103.333
2330.86	102.222
2332.78	96.8889
2334.7	99.3333
2336.62	99.5556
2338.54	97.7778
2340.46	100.889
2342.38	99.1111
2344.3	97.1111
2346.22	97.5556
2348.14	96.6667
2350.05	100.222
2351.97	94.8889
2353.89	97.5556
2355.8	97.5556
2357.71	95.3333
2359.63	95.1111
2361.54	100.444
2363.46	94.2222
2365.37	96.6667
2367.28	98.4444
2369.19	96
2371.1	95.5556
2373.01	100.222
2374.92	97.1111
2376.83	94.4445
2378.74	97.3333
2380.65	94.4444
2382.56	94.8889
2384.46	98.8889
2386.37	98.6667
2388.27	98
2390.18	90.2222
2392.08	98.4444
2393.99	96.2222
2395.89	98
2397.8	98
2399.7	97.1111
2401.6	100.222
2403.5	99.3333
2405.4	92.8889
2407.3	97.5556
2409.2	95.5555
2411.1	98.8889
2413	94
2414.9	92.6667
2416.8	100.667
2418.69	97.1111
2420.59	98.2222
2422.48	93.5556
2424.38	96
2426.28	99.3333
2428.17	102
2430.06	99.3333
2431.96	102
2433.85	99.1111
2435.74	104.222
2437.63	100.667
2439.52	101.778
2441.41	99.5556
2443.3	102
2445.19	99.3333
2447.08	104.222
