176.817	632.222
179.42	616.889
182.022	617.111
184.622	615.556
187.223	607.111
189.821	607.333
192.419	609.111
195.017	613.333
197.612	612.444
200.208	609.333
202.802	605.778
205.397	601.111
207.99	611.778
210.581	622.222
213.173	615.333
215.762	621.333
218.352	607.111
220.94	611.778
223.528	620.444
226.114	627.333
228.701	628.667
231.285	626.667
233.87	640.222
236.452	639.111
239.034	649.556
241.616	648.667
244.196	667.556
246.777	659.778
249.355	671.111
251.933	659.778
254.511	654
257.086	663.556
259.663	670
262.237	655.111
264.81	652.667
267.383	656.444
269.955	652.667
272.525	668.889
275.097	663.333
277.665	642.444
280.234	656
282.802	654.889
285.368	637.556
287.934	642.444
290.499	639.333
293.064	628
295.627	649.778
298.189	646.889
300.75	636.889
303.312	648.222
305.871	632
308.43	629.778
310.988	620.222
313.545	622.889
316.101	618.444
318.658	601.333
321.212	615.333
323.766	614.667
326.319	600.222
328.871	611.556
331.422	614
333.972	603.333
336.522	606.667
339.072	602.889
341.619	602
344.166	614
346.712	614.222
349.258	609.333
351.802	606
354.346	613.555
356.888	615.556
359.43	622.667
361.971	610.889
364.511	615.556
367.051	620.444
369.589	610.222
372.127	617.778
374.664	615.333
377.2	618.667
379.735	625.778
382.27	637.778
384.802	631.111
387.334	626.222
389.866	620
392.397	615.333
394.927	605.778
397.457	610.444
399.985	599.778
402.513	601.556
405.038	599.556
407.565	609.333
410.09	610.444
412.614	616.667
415.138	620.889
417.66	611.778
420.181	608.889
422.702	620.222
425.222	621.333
427.742	624.667
430.259	619.778
432.777	623.111
435.294	628.889
437.81	641.111
440.324	633.778
442.838	627.778
445.352	625.111
447.863	627.778
450.375	612.444
452.887	610.222
455.395	619.111
457.905	630
460.414	634
462.92	620.444
465.427	625.333
467.932	628.444
470.438	623.333
472.942	620.222
475.445	620.444
477.948	620
480.448	622.667
482.95	626.444
485.449	639.333
487.949	618.222
490.446	628.667
492.944	632.667
495.44	623.556
497.937	633.111
500.431	618
502.926	616.667
505.418	629.333
507.912	624.444
510.403	623.556
512.894	612.222
515.384	618
517.874	621.778
520.361	644.667
522.848	625.111
525.336	628.222
527.821	615.111
530.306	622.889
532.791	621.778
535.274	627.556
537.756	622.889
540.238	632.444
542.719	629.333
545.199	612.444
547.679	616.444
550.157	620.667
552.634	623.556
555.112	619.556
557.588	620.222
560.063	635.556
562.537	631.333
565.011	627.778
567.484	626.667
569.955	627.333
572.426	630
574.896	621.333
577.367	630.444
579.835	632.444
582.303	628.667
584.77	618.889
587.236	625.333
589.701	631.111
592.165	623.333
594.629	631.111
597.093	634.889
599.555	621.111
602.016	630.222
604.477	626
606.936	636.889
609.395	641.111
611.853	641.111
614.311	644.222
616.767	644
619.223	645.778
621.678	651.333
624.132	653.333
626.585	641.111
629.037	638.667
631.489	636.667
633.94	632.444
636.39	639.556
638.839	644
641.288	638
643.736	648.444
646.183	644.667
648.627	660.444
651.073	651.778
653.517	645.333
655.961	634.222
658.404	637.111
660.846	632.667
663.288	634.889
665.727	635.556
668.167	641.333
670.606	632
673.044	637.333
675.482	644.444
677.917	646.667
680.353	632.889
682.788	637.111
685.222	624.667
687.655	649.333
690.087	633.778
692.519	638.444
694.951	635.778
697.38	634
699.809	644.667
702.238	639.778
704.665	643.555
707.092	630
709.519	648.444
711.943	650.667
714.368	651.556
716.791	648.444
719.214	643.333
721.637	650
724.058	640.444
726.479	644.444
728.898	648
731.317	643.778
733.734	645.333
736.152	639.333
738.568	647.111
740.985	641.778
743.399	645.111
745.814	638.222
748.227	640.889
750.64	638.444
753.051	636.444
755.463	647.333
757.872	647.111
760.283	629.333
762.691	640.222
765.098	632.222
767.506	633.778
769.912	652
772.318	633.778
774.722	634.889
777.126	649.111
779.53	638.667
781.932	643.111
784.333	643.556
786.735	642
789.135	642.889
791.533	647.333
793.933	652.667
796.33	658.222
798.727	653.111
801.123	656.889
803.519	640.667
805.913	658.222
808.307	644.444
810.699	662.444
813.093	642.667
815.484	658
817.874	650.444
820.264	665.556
822.653	670.667
825.041	656.222
827.43	670.667
829.817	670.889
832.203	649.778
834.588	662.667
836.972	646.667
839.356	650.889
841.738	661.556
844.12	656.889
846.502	645.111
848.882	670
851.262	659.556
853.641	670.444
856.02	670.889
858.397	682.667
860.774	674
863.15	681.778
865.525	675.333
867.9	674.222
870.273	683.556
872.646	662.667
875.019	676.889
877.39	668.222
879.761	666.889
882.131	671.778
884.5	666.889
886.869	657.556
889.236	671.556
891.602	666.667
893.968	680
896.334	668.667
898.698	656.667
901.062	654.444
903.426	647.778
905.787	655.778
908.148	662.222
910.509	651.556
912.87	662
915.228	656.444
917.587	657.556
919.945	656
922.302	644.889
924.657	652.667
927.013	653.556
929.368	660.444
931.721	648.889
934.074	656.667
936.427	657.778
938.778	645.778
941.129	655.556
943.479	652.444
945.828	661.778
948.177	650
950.524	655.333
952.871	653.333
955.218	643.556
957.563	660.444
959.908	642.444
962.252	643.111
964.595	652.667
966.937	654.889
969.28	669.111
971.62	656.444
973.961	634.444
976.3	649.556
978.639	656.667
980.976	655.778
983.314	648
985.65	651.111
987.987	636.444
990.321	647.111
992.655	653.111
994.989	650.889
997.321	662.667
999.653	656.889
1001.98	660.667
1004.31	650.667
1006.65	653.778
1008.97	658.222
1011.3	642.444
1013.63	657.556
1015.96	648.444
1018.28	642.667
1020.61	650.889
1022.93	654.444
1025.26	658.667
1027.58	648.222
1029.9	644.667
1032.22	649.333
1034.54	641.778
1036.86	664
1039.18	658.667
1041.5	663.111
1043.82	658.222
1046.14	657.556
1048.45	650.667
1050.77	662.444
1053.08	653.111
1055.4	672
1057.71	675.556
1060.02	667.333
1062.33	670.889
1064.64	662.222
1066.96	677.111
1069.27	685.111
1071.57	672.889
1073.88	684
1076.19	679.778
1078.5	686.889
1080.8	681.556
1083.11	693.556
1085.41	694.222
1087.72	705.556
1090.02	708.222
1092.32	734.444
1094.62	730.889
1096.92	751.333
1099.22	748
1101.52	738.222
1103.82	724.444
1106.12	719.556
1108.42	708
1110.71	709.778
1113.01	703.333
1115.3	725.111
1117.6	735.111
1119.89	726.222
1122.18	731.778
1124.48	749.333
1126.77	745.111
1129.06	725.556
1131.35	731.556
1133.64	711.333
1135.93	712.222
1138.21	702.889
1140.5	716.444
1142.79	714.667
1145.07	726.889
1147.36	732.445
1149.64	742
1151.92	736.667
1154.21	747.333
1156.49	760.444
1158.77	758
1161.05	758
1163.33	749.556
1165.61	746.667
1167.89	727.111
1170.16	737.333
1172.44	720.667
1174.72	713.111
1176.99	719.556
1179.27	714.222
1181.54	717.111
1183.81	719.556
1186.09	722.667
1188.36	716.667
1190.63	710.445
1192.9	727.111
1195.17	718.444
1197.44	725.333
1199.71	733.778
1201.97	718.445
1204.24	732.444
1206.5	717.111
1208.77	718.667
1211.03	721.333
1213.3	730
1215.56	738.444
1217.82	736.444
1220.09	742.444
1222.35	759.556
1224.61	752.889
1226.87	748.444
1229.12	747.111
1231.38	750.444
1233.64	759.333
1235.9	756.222
1238.15	757.111
1240.41	745.556
1242.66	748.444
1244.92	768
1247.17	768.444
1249.42	772.222
1251.67	773.333
1253.92	777.333
1256.17	801.778
1258.42	798.444
1260.67	804.444
1262.92	824.667
1265.17	828.222
1267.42	811.778
1269.66	809.556
1271.91	802
1274.15	795.556
1276.39	794.667
1278.64	783.778
1280.88	771.778
1283.12	787.111
1285.36	766.889
1287.6	772.667
1289.84	764.222
1292.08	772.444
1294.32	773.556
1296.56	780.444
1298.79	774
1301.03	774.667
1303.26	767.111
1305.5	767.556
1307.73	759.556
1309.97	769.111
1312.2	771.556
1314.43	766.667
1316.66	759.778
1318.89	761.778
1321.12	764.889
1323.35	771.111
1325.58	783.111
1327.81	783.556
1330.03	786.667
1332.26	796.889
1334.49	809.778
1336.71	821.111
1338.94	797.778
1341.16	815.333
1343.38	828
1345.6	826
1347.83	830.222
1350.05	843.333
1352.27	846.889
1354.49	845.333
1356.7	856.889
1358.92	877.111
1361.14	901.556
1363.36	967.111
1365.57	1033.11
1367.79	1097.56
1370	1137.11
1372.21	1157.56
1374.43	1118.67
1376.64	1066
1378.85	1024.22
1381.06	999.111
1383.27	967.111
1385.48	951.556
1387.69	910
1389.9	892.222
1392.11	886
1394.31	851.333
1396.52	850.889
1398.73	833.111
1400.93	814.889
1403.13	815.556
1405.34	806.222
1407.54	810.889
1409.74	802.889
1411.94	800.667
1414.14	798.222
1416.34	810.222
1418.54	802.444
1420.74	817.111
1422.94	801.778
1425.14	795.111
1427.33	788.667
1429.53	777.778
1431.72	789.778
1433.92	792
1436.11	787.556
1438.3	787.333
1440.5	800.444
1442.69	800.667
1444.88	801.333
1447.07	801.333
1449.26	842.222
1451.45	848.222
1453.64	858.889
1455.82	862
1458.01	862.667
1460.2	857.778
1462.38	835.111
1464.57	834.889
1466.75	814.444
1468.93	801.556
1471.12	798.667
1473.3	806.444
1475.48	803.111
1477.66	802.222
1479.84	809.111
1482.02	796.222
1484.2	799.333
1486.38	777.778
1488.55	787.111
1490.73	787.556
1492.91	768.889
1495.08	789.111
1497.26	788.667
1499.43	789.556
1501.61	780.222
1503.78	788.444
1505.95	786.889
1508.12	800.444
1510.29	791.778
1512.46	798.444
1514.63	804.445
1516.8	783.556
1518.97	794
1521.14	801.333
1523.3	781.333
1525.47	806.222
1527.63	796.222
1529.8	808.444
1531.96	819.111
1534.12	813.333
1536.29	799.778
1538.45	817.778
1540.61	822.889
1542.77	809.556
1544.93	825.778
1547.09	835.333
1549.25	814.889
1551.41	832.444
1553.56	835.333
1555.72	844.222
1557.88	853.556
1560.03	866.444
1562.18	850
1564.34	870
1566.49	865.333
1568.64	865.111
1570.8	852.889
1572.95	848
1575.1	857.778
1577.25	853.556
1579.4	859.111
1581.55	843.111
1583.69	865.111
1585.84	845.556
1587.99	853.111
1590.13	848.889
1592.28	863.778
1594.42	858.444
1596.57	852.667
1598.71	841.111
1600.85	842
1602.99	832.667
1605.14	832.667
1607.28	808.444
1609.42	818.667
1611.56	788
1613.69	782.444
1615.83	777.111
1617.97	760.889
1620.11	766
1622.24	748.889
1624.38	747.333
1626.51	723.778
1628.65	720
1630.78	708
1632.91	701.111
1635.04	680.667
1637.17	680.667
1639.31	668.444
1641.44	662.444
1643.57	663.333
1645.69	643.333
1647.82	646.889
1649.95	631.111
1652.08	634.222
1654.2	647.778
1656.33	636.889
1658.45	616.222
1660.58	620
1662.7	621.556
1664.82	613.111
1666.94	620.222
1669.07	614
1671.19	612.889
1673.31	600
1675.43	610
1677.55	604
1679.66	603.333
1681.78	600.444
1683.9	595.333
1686.01	592.889
1688.13	591.778
1690.25	586
1692.36	579.333
1694.47	584
1696.59	577.778
1698.7	584
1700.81	586.444
1702.92	577.111
1705.03	579.333
1707.14	574
1709.25	580
1711.36	573.778
1713.47	573.778
1715.58	568.444
1717.68	578.222
1719.79	567.778
1721.89	565.333
1724	569.778
1726.1	565.778
1728.21	569.111
1730.31	563.778
1732.41	567.333
1734.51	557.333
1736.61	551.556
1738.71	556.444
1740.81	558
1742.91	556.667
1745.01	553.333
1747.11	556.444
1749.2	544.667
1751.3	550.445
1753.4	541.556
1755.49	548.889
1757.59	542.889
1759.68	547.778
1761.77	551.111
1763.86	540.667
1765.96	548.667
1768.05	537.111
1770.14	538.444
1772.23	539.556
1774.32	542.444
1776.41	526.667
1778.49	537.556
1780.58	528.889
1782.67	532.667
1784.76	539.556
1786.84	531.111
1788.92	537.556
1791.01	533.333
1793.09	532
1795.18	537.333
1797.26	544.889
1799.34	525.111
1801.42	534.889
1803.5	533.556
1805.58	523.111
1807.66	517.111
1809.74	533.778
1811.82	512.444
1813.89	524
1815.97	523.111
1818.05	527.556
1820.12	530.222
1822.2	525.111
1824.27	507.556
1826.34	522
1828.42	528.444
1830.49	522.444
1832.56	514.889
1834.63	516.667
1836.7	516.222
1838.77	519.333
1840.84	514.667
1842.91	517.111
1844.98	512.889
1847.04	504.889
1849.11	508.444
1851.18	510.889
1853.24	507.556
1855.31	510.222
1857.37	514.222
1859.43	517.778
1861.5	511.556
1863.56	507.556
1865.62	505.778
1867.68	492.444
1869.74	507.111
1871.8	504.444
1873.86	502.889
1875.92	502.444
1877.98	495.778
1880.03	504.889
1882.09	510.222
1884.15	510.444
1886.2	505.333
1888.26	498.889
1890.31	500
1892.36	497.111
1894.42	492.889
1896.47	503.333
1898.52	493.556
1900.57	500
1902.62	501.111
1904.67	500.222
1906.72	497.111
1908.77	494.222
1910.82	503.556
1912.86	498.667
1914.91	498
1916.96	493.778
1919	497.778
1921.04	501.333
1923.09	499.778
1925.13	496.222
1927.18	489.556
1929.22	491.333
1931.26	493.111
1933.3	492
1935.34	487.556
1937.38	486.889
1939.42	486
1941.46	480.444
1943.5	481.333
1945.53	479.333
1947.57	488
1949.61	484
1951.64	484
1953.68	488.444
1955.71	493.333
1957.75	478.444
1959.78	486
1961.81	488.667
1963.84	469.333
1965.87	483.333
1967.9	468.222
1969.93	476.444
1971.96	474.667
1973.99	467.556
1976.02	478.222
1978.05	479.778
1980.07	470.667
1982.1	469.111
1984.13	478.222
1986.15	473.333
1988.18	481.333
1990.2	461.556
1992.22	485.778
1994.25	483.333
1996.27	464
1998.29	463.556
2000.31	471.778
2002.33	464.889
2004.35	467.111
2006.37	472
2008.39	466.444
2010.41	468.222
2012.42	466.222
2014.44	467.556
2016.46	467.111
2018.47	459.111
2020.49	476.889
2022.5	470.222
2024.51	478.222
2026.53	473.111
2028.54	472.889
2030.55	470.889
2032.56	464.667
2034.57	469.111
2036.58	457.333
2038.59	465.333
2040.6	454.444
2042.61	459.333
2044.62	465.556
2046.62	461.333
2048.63	466.444
2050.64	464
2052.64	454.889
2054.65	462.444
2056.65	460.889
2058.65	453.778
2060.66	462.222
2062.66	463.778
2064.66	460.667
2066.66	461.556
2068.66	452
2070.66	462
2072.66	458.889
2074.66	447.111
2076.66	447.778
2078.65	450.667
2080.65	448.667
2082.65	456
2084.64	444.444
2086.64	449.111
2088.63	452.667
2090.63	452.667
2092.62	452.667
2094.61	440.889
2096.6	449.333
2098.59	445.556
2100.59	452.222
2102.58	454.667
2104.56	441.333
2106.55	454
2108.54	454.222
2110.53	445.111
2112.52	446.889
2114.5	444.222
2116.49	464.444
2118.48	454.444
2120.46	462.444
2122.44	465.333
2124.43	463.333
2126.41	458.222
2128.39	466.444
2130.38	469.333
2132.36	474.444
2134.34	458
2136.32	460.889
2138.3	472.889
2140.28	465.778
2142.26	473.333
2144.23	458
2146.21	470.889
2148.19	471.111
2150.16	460.667
2152.14	457.778
2154.11	453.333
2156.09	456.667
2158.06	454.889
2160.04	452.444
2162.01	453.111
2163.98	444.889
2165.95	453.556
2167.92	440
2169.89	442
2171.86	435.111
2173.83	435.111
2175.8	437.556
2177.77	431.556
2179.73	429.556
2181.7	435.333
2183.67	422
2185.63	419.556
2187.6	438.222
2189.56	420.667
2191.53	418.667
2193.49	427.333
2195.45	428.667
2197.41	426.444
2199.37	426
2201.34	414.667
2203.29	422.444
2205.26	422
2207.21	416.667
2209.17	409.333
2211.13	422.444
2213.09	415.556
2215.05	419.556
2217	422.222
2218.96	416
2220.91	417.111
2222.87	412.222
2224.82	412.889
2226.77	422.222
2228.73	417.333
2230.68	420
2232.63	404.667
2234.58	421.333
2236.53	405.556
2238.48	416.222
2240.43	416.222
2242.38	415.333
2244.33	402.667
2246.27	406.889
2248.22	412.222
2250.17	415.778
2252.11	392.889
2254.06	398.889
2256	398.444
2257.95	402.667
2259.89	406.667
2261.84	393.111
2263.78	394.222
2265.72	396.889
2267.66	396.667
2269.6	390
2271.54	399.778
2273.48	392.889
2275.42	390.667
2277.36	399.111
2279.3	386
2281.23	391.333
2283.17	390.889
2285.11	392.222
2287.04	382.889
2288.98	394.667
2290.91	386.222
2292.84	391.333
2294.78	385.556
2296.71	393.333
2298.64	380.222
2300.57	388.667
2302.51	385.556
2304.44	390.444
2306.37	380.667
2308.29	385.333
2310.22	382
2312.15	374.667
2314.08	380
2316.01	382.222
2317.93	369.111
2319.86	379.778
2321.78	363.111
2323.71	392.222
2325.63	375.111
2327.56	370
2329.48	370.444
2331.4	377.111
2333.32	370.667
2335.25	375.778
2337.17	380
2339.09	374
2341.01	374.889
2342.92	374.444
2344.84	379.333
2346.76	379.778
2348.68	377.778
2350.6	368
2352.51	365.556
2354.43	368.444
2356.34	360.222
2358.26	367.556
2360.17	367.778
2362.09	368
2364	364
2365.91	364
2367.82	361.556
2369.73	371.111
2371.64	366.667
2373.55	362.889
2375.46	362
2377.37	356.222
2379.28	365.556
2381.19	366.444
2383.1	362.222
2385	359.111
2386.91	368.444
2388.82	362.222
2390.72	362.667
2392.62	359.556
2394.53	357.556
2396.43	363.778
2398.33	358.667
2400.24	354.889
2402.14	359.778
2404.04	352.222
2405.94	358.667
2407.84	356.222
2409.74	357.111
2411.64	358.889
2413.54	358.667
2415.44	358.889
2417.33	358.444
2419.23	358.444
2421.13	355.556
2423.02	359.778
2424.92	354.667
2426.81	352.444
2428.71	356
2430.6	352.222
2432.49	349.111
2434.38	349.556
2436.28	357.111
2438.17	346.889
2440.06	352.444
2441.95	347.111
2443.84	353.333
2445.73	356
