188.706	3962.44
191.305	3944
193.902	3984
196.499	3986
199.096	3974.22
201.69	3957.11
204.284	3989.78
206.877	3984
209.47	4003.33
212.062	3993.78
214.652	4007.33
217.242	4009.78
219.83	4016.67
222.419	4030.44
225.005	4029.11
227.592	4010.44
230.177	4025.33
232.762	4006.44
235.345	4058.44
237.928	4059.11
240.509	4092.22
243.09	4078.22
245.671	4087.11
248.249	4058.89
250.829	4089.78
253.405	4089.33
255.983	4105.11
258.558	4132.67
261.132	4116.67
263.707	4101.11
266.28	4120.44
268.852	4126.44
271.424	4130
273.994	4174.44
276.564	4200.22
279.133	4215.78
281.701	4154.67
284.268	4172.89
286.835	4174.44
289.4	4185.11
291.964	4181.33
294.527	4203.78
297.091	4191.56
299.653	4235.56
302.214	4197.56
304.774	4201.33
307.334	4222.44
309.892	4223.56
312.45	4258
315.006	4226.89
317.562	4254
320.118	4236.89
322.672	4227.78
325.225	4190.67
327.778	4223.78
330.329	4233.78
332.88	4262.22
335.43	4273.78
337.978	4269.11
340.528	4285.56
343.075	4332
345.622	4357.33
348.167	4375.33
350.712	4345.78
353.256	4357.56
355.799	4335.11
358.341	4344.22
360.883	4357.33
363.423	4343.33
365.963	4341.78
368.502	4327.11
371.04	4359.33
373.577	4352.67
376.114	4355.11
378.649	4351.33
381.184	4342.44
383.718	4352.44
386.251	4335.33
388.783	4348.67
391.314	4350.22
393.844	4329.78
396.373	4353.78
398.902	4376.89
401.43	4380.44
403.957	4405.11
406.484	4408
409.009	4389.56
411.534	4429.56
414.057	4406.22
416.58	4409.78
419.102	4423.33
421.624	4427.33
424.144	4446.67
426.663	4465.33
429.181	4453.11
431.7	4457.11
434.217	4459.33
436.732	4449.11
439.248	4457.78
441.763	4434.67
444.277	4424.44
446.788	4431.56
449.301	4422.22
451.812	4444.44
454.322	4449.78
456.831	4442.22
459.341	4466.44
461.847	4462.22
464.355	4438.89
466.861	4470.67
469.366	4487.33
471.871	4463.78
474.374	4472.89
476.877	4485.33
479.378	4512
481.88	4506
484.381	4529.33
486.879	4528.67
489.379	4544.22
491.876	4542.22
494.373	4522.67
496.869	4538.89
499.365	4561.56
501.858	4537.56
504.353	4565.78
506.845	4556.89
509.338	4570.44
511.828	4521.11
514.319	4544
516.808	4558.44
519.296	4520.89
521.785	4534
524.272	4533.33
526.759	4531.11
529.244	4529.78
531.728	4508.89
534.212	4547.56
536.695	4565.78
539.178	4553.78
541.659	4596.22
544.139	4584
546.619	4577.56
549.098	4594.22
551.575	4596
554.052	4622.89
556.529	4617.11
559.005	4604
561.479	4582.89
563.953	4608.89
566.427	4614
568.899	4645.33
571.37	4619.78
573.84	4586.44
576.311	4625.33
578.78	4583.11
581.248	4567.11
583.715	4590.44
586.181	4606.22
588.647	4569.11
591.113	4597.11
593.577	4586.67
596.04	4610.22
598.503	4591.33
600.964	4570.44
603.425	4580.89
605.885	4594.22
608.344	4589.56
610.803	4620.67
613.26	4620.22
615.718	4631.11
618.174	4592.89
620.63	4627.11
623.084	4628.67
625.538	4652.67
627.99	4656.22
630.443	4681.11
632.894	4746.22
635.344	4780.44
637.792	4737.33
640.241	4726
642.689	4653.11
645.137	4664.89
647.583	4676.89
650.029	4659.33
652.474	4662.67
654.918	4627.11
657.361	4636.89
659.804	4657.78
662.246	4640.67
664.685	4618.44
667.125	4612.22
669.565	4603.33
672.003	4594.22
674.441	4620.67
676.877	4612.44
679.313	4640.44
681.749	4622.67
684.183	4619.56
686.617	4632.44
689.049	4636.22
691.481	4635.33
693.913	4648.22
696.342	4663.56
698.772	4688
701.201	4644.22
703.63	4703.11
706.056	4674.67
708.483	4649.56
710.909	4674.22
713.333	4675.33
715.758	4663.78
718.18	4658
720.603	4652
723.025	4673.11
725.445	4707.33
727.866	4671.33
730.284	4692.89
732.703	4648.67
735.122	4641.11
737.538	4639.56
739.955	4637.78
742.369	4651.56
744.784	4652
747.197	4628.89
749.611	4636.44
752.023	4610.44
754.435	4616.89
756.845	4657.78
759.255	4642.89
761.664	4647.56
764.071	4642.44
766.48	4638.22
768.886	4667.33
771.292	4641.78
773.697	4620
776.102	4628.22
778.505	4655.11
780.907	4651.78
783.31	4646.89
785.711	4678
788.111	4694
790.511	4698.67
792.91	4664.89
795.308	4735.78
797.706	4763.56
800.102	4799.33
802.497	4800.67
804.892	4815.33
807.287	4852
809.68	4819.78
812.072	4814.22
814.464	4802.44
816.855	4801.56
819.246	4754
821.635	4727.56
824.024	4656.89
826.412	4633.78
828.799	4651.78
831.186	4648.44
833.572	4610
835.956	4642
838.34	4628.22
840.723	4626.22
843.106	4616.44
845.487	4640.89
847.868	4594.22
850.248	4651.78
852.628	4636
855.006	4644.67
857.384	4648.89
859.761	4679.33
862.138	4637.11
864.513	4645.56
866.888	4664.67
869.262	4646.44
871.636	4652
874.008	4666.22
876.38	4658.89
878.751	4641.78
881.121	4668.44
883.491	4666.44
885.86	4662.44
888.228	4674.22
890.595	4660.89
892.962	4650.89
895.327	4674.67
897.691	4640.44
900.055	4659.78
902.419	4625.33
904.782	4634.22
907.144	4639.56
909.505	4647.78
911.864	4644
914.224	4632.89
916.583	4632.89
918.941	4618
921.298	4590.44
923.654	4604
926.01	4611.11
928.366	4578.44
930.719	4611.78
933.073	4586.89
935.426	4582
937.777	4616.22
940.129	4606.89
942.479	4602.44
944.828	4593.11
947.178	4609.11
949.526	4607.11
951.873	4632.22
954.22	4602.44
956.565	4612.67
958.911	4613.56
961.254	4610.44
963.598	4662
965.942	4635.11
968.283	4628.22
970.625	4633.33
972.965	4639.11
975.305	4638
977.644	4612.67
979.983	4648.44
982.32	4628.67
984.657	4635.56
986.993	4619.11
989.327	4651.33
991.663	4616.44
993.996	4630.44
996.33	4624.22
998.662	4632
1000.99	4591.56
1003.32	4583.11
1005.65	4591.78
1007.98	4590.44
1010.31	4600.67
1012.64	4580.89
1014.97	4617.78
1017.29	4597.11
1019.62	4596.89
1021.94	4569.11
1024.27	4555.78
1026.59	4593.78
1028.91	4589.56
1031.24	4604
1033.56	4608.22
1035.88	4587.11
1038.2	4588.22
1040.51	4624.22
1042.83	4574
1045.15	4598.22
1047.47	4598.22
1049.78	4634.89
1052.1	4622.44
1054.41	4613.11
1056.73	4596.89
1059.04	4608.44
1061.35	4628.44
1063.66	4641.56
1065.97	4592
1068.28	4617.56
1070.59	4643.56
1072.9	4657.78
1075.21	4635.56
1077.52	4685.11
1079.82	4642
1082.13	4628.89
1084.43	4618
1086.74	4612
1089.04	4606
1091.34	4610.44
1093.65	4662.22
1095.95	4720.67
1098.25	4890.67
1100.55	4991.56
1102.85	4901.33
1105.14	4741.78
1107.44	4615.33
1109.74	4616.44
1112.03	4597.78
1114.33	4558
1116.62	4573.33
1118.92	4606.22
1121.21	4596.44
1123.5	4593.56
1125.79	4582.22
1128.09	4569.33
1130.38	4585.33
1132.67	4589.11
1134.95	4613.11
1137.24	4616.44
1139.53	4605.33
1141.82	4607.56
1144.1	4602
1146.39	4561.11
1148.67	4572.22
1150.95	4602.22
1153.24	4573.56
1155.52	4599.33
1157.8	4586.44
1160.08	4582.89
1162.36	4590.67
1164.64	4600.67
1166.92	4558
1169.2	4573.78
1171.47	4569.78
1173.75	4547.56
1176.03	4587.11
1178.3	4597.56
1180.58	4647.11
1182.85	4679.11
1185.12	4664.89
1187.39	4671.33
1189.66	4635.56
1191.94	4554.22
1194.21	4528.22
1196.48	4546.44
1198.74	4540.44
1201.01	4513.56
1203.28	4502
1205.54	4508.89
1207.81	4518.44
1210.07	4507.56
1212.34	4524.67
1214.6	4528
1216.86	4519.78
1219.13	4511.11
1221.39	4503.56
1223.65	4558.67
1225.91	4534
1228.17	4531.78
1230.43	4532.89
1232.68	4549.78
1234.94	4542.22
1237.2	4546.22
1239.45	4513.78
1241.71	4518
1243.96	4544.67
1246.22	4513.78
1248.47	4532.22
1250.72	4565.11
1252.97	4505.78
1255.22	4536.22
1257.47	4513.78
1259.72	4526.44
1261.97	4512.44
1264.22	4530.22
1266.46	4542.44
1268.71	4513.78
1270.95	4532.67
1273.2	4526.67
1275.44	4524
1277.69	4542.67
1279.93	4558.44
1282.17	4573.33
1284.41	4561.56
1286.65	4571.33
1288.89	4592
1291.13	4590.89
1293.37	4617.33
1295.61	4644.67
1297.85	4584.22
1300.08	4571.56
1302.32	4525.33
1304.55	4520
1306.79	4507.56
1309.02	4511.33
1311.26	4474.89
1313.49	4518.22
1315.72	4502.44
1317.95	4525.78
1320.18	4487.11
1322.41	4517.78
1324.64	4509.33
1326.86	4496.89
1329.09	4485.11
1331.32	4521.11
1333.55	4504
1335.77	4489.33
1337.99	4481.78
1340.22	4488.22
1342.44	4501.56
1344.66	4500.67
1346.89	4476
1349.11	4476
1351.33	4468
1353.55	4457.11
1355.77	4503.11
1357.98	4495.11
1360.2	4470.44
1362.42	4490.67
1364.63	4476.89
1366.85	4472.67
1369.06	4470
1371.28	4456.44
1373.49	4482
1375.7	4448.67
1377.92	4499.33
1380.13	4481.33
1382.34	4449.78
1384.55	4452.44
1386.76	4436.89
1388.97	4446
1391.17	4412.67
1393.38	4429.56
1395.59	4435.56
1397.79	4421.11
1400	4404.89
1402.2	4446.22
1404.41	4409.56
1406.61	4442.44
1408.81	4439.78
1411.01	4398.44
1413.21	4418.22
1415.41	4412.89
1417.61	4422.89
1419.81	4398.44
1422.01	4408.44
1424.21	4393.11
1426.4	4423.78
1428.6	4425.33
1430.8	4422.67
1432.99	4398.67
1435.18	4417.56
1437.38	4416.44
1439.57	4436.67
1441.76	4403.56
1443.95	4439.78
1446.14	4426
1448.33	4451.78
1450.52	4434.44
1452.71	4438.67
1454.9	4429.56
1457.09	4430.67
1459.27	4414.89
1461.46	4418.22
1463.64	4431.56
1465.83	4378
1468.01	4399.33
1470.2	4396.89
1472.38	4409.11
1474.56	4401.56
1476.74	4371.56
1478.92	4411.78
1481.1	4386.67
1483.28	4360.89
1485.46	4387.78
1487.64	4402
1489.81	4395.11
1491.99	4361.78
1494.16	4399.78
1496.34	4356
1498.51	4365.33
1500.69	4385.33
1502.86	4338.44
1505.03	4329.78
1507.21	4334.89
1509.38	4328.22
1511.55	4345.78
1513.72	4321.11
1515.89	4306.89
1518.05	4334.44
1520.22	4338.89
1522.39	4332.89
1524.55	4333.56
1526.72	4318.67
1528.88	4322.67
1531.05	4312.22
1533.21	4322.44
1535.37	4315.11
1537.54	4324.44
1539.7	4308
1541.86	4326.44
1544.02	4323.11
1546.18	4300.89
1548.34	4297.11
1550.5	4318
1552.65	4304
1554.81	4319.11
1556.97	4310.89
1559.12	4307.11
1561.28	4310.89
1563.43	4316.67
1565.58	4307.78
1567.74	4312
1569.89	4291.11
1572.04	4286.22
1574.19	4311.56
1576.34	4327.33
1578.49	4296
1580.64	4308.67
1582.79	4315.56
1584.94	4342.67
1587.08	4381.56
1589.23	4389.56
1591.37	4476.89
1593.52	4606.67
1595.66	4716.67
1597.81	4754.89
1599.95	4670.67
1602.09	4558.22
1604.23	4507.56
1606.37	4484
1608.51	4475.78
1610.65	4444.89
1612.79	4439.78
1614.93	4410
1617.07	4427.11
1619.21	4406.89
1621.34	4426.44
1623.48	4449.56
1625.61	4407.78
1627.75	4402.67
1629.88	4391.56
1632.01	4373.33
1634.15	4322.22
1636.28	4292.67
1638.41	4279.11
1640.54	4270.22
1642.67	4259.56
1644.8	4255.78
1646.93	4251.78
1649.05	4225.33
1651.18	4199.33
1653.31	4220.44
1655.43	4236.22
1657.56	4226.22
1659.68	4190.44
1661.81	4213.78
1663.93	4190.89
1666.05	4191.33
1668.17	4199.78
1670.3	4162.89
1672.42	4166.67
1674.54	4157.11
1676.66	4174.44
1678.77	4174.22
1680.89	4148.44
1683.01	4103.78
1685.13	4141.33
1687.24	4146.89
1689.36	4142.44
1691.47	4153.33
1693.59	4135.56
1695.7	4116.89
1697.81	4138.22
1699.92	4127.11
1702.04	4126.67
1704.15	4141.11
1706.26	4099.56
1708.37	4118.89
1710.47	4116
1712.58	4073.78
1714.69	4079.11
1716.8	4080.22
1718.9	4085.56
1721.01	4107.33
1723.11	4073.56
1725.22	4064.67
1727.32	4085.56
1729.42	4040.89
1731.53	4079.33
1733.63	4051.78
1735.73	4020.67
1737.83	4043.33
1739.93	4027.78
1742.03	4005.11
1744.13	3999.11
1746.23	4009.56
1748.32	4010.22
1750.42	3983.11
1752.52	3979.56
1754.61	3976.67
1756.71	3957.78
1758.8	3973.11
1760.89	3961.78
1762.99	3925.11
1765.08	3959.33
1767.17	3938.22
1769.26	3937.78
1771.35	3952.67
1773.44	3943.11
1775.53	3937.33
1777.62	3947.11
1779.71	3931.33
1781.79	3929.78
1783.88	3935.11
1785.96	3948.89
1788.05	3930.89
1790.13	3944.22
1792.22	3917.78
1794.3	3908.22
1796.38	3937.11
1798.47	3920.22
1800.55	3901.33
1802.63	3913.33
1804.71	3921.11
1806.79	3910.44
1808.87	3904.44
1810.95	3897.11
1813.02	3890.89
1815.1	3902.44
1817.18	3888.89
1819.25	3885.78
1821.33	3873.33
1823.4	3872.22
1825.47	3915.11
1827.55	3879.56
1829.62	3866.44
1831.69	3860.22
1833.76	3857.33
1835.83	3816
1837.9	3820.89
1839.97	3828.89
1842.04	3826.22
1844.11	3819.11
1846.18	3806.67
1848.24	3788.67
1850.31	3771.11
1852.38	3792.44
1854.44	3786.67
1856.51	3783.56
1858.57	3784
1860.63	3770.44
1862.69	3746.67
1864.76	3748.67
1866.82	3744
1868.88	3726
1870.94	3740.89
1873	3724.67
1875.06	3738.44
1877.11	3736.22
1879.17	3745.33
1881.23	3710.44
1883.28	3699.56
1885.34	3680.44
1887.4	3688
1889.45	3685.11
1891.5	3721.33
1893.56	3715.11
1895.61	3704.89
1897.66	3712.67
1899.71	3693.56
1901.76	3669.11
1903.81	3688.44
1905.86	3683.33
1907.91	3692.22
1909.96	3677.56
1912.01	3701.11
1914.05	3669.33
1916.1	3666.67
1918.15	3678
1920.19	3646.89
1922.23	3646.67
1924.28	3643.33
1926.32	3654
1928.36	3626.89
1930.41	3649.33
1932.45	3620.44
1934.49	3620
1936.53	3602
1938.57	3605.56
1940.61	3613.33
1942.64	3593.78
1944.68	3605.56
1946.72	3561.11
1948.76	3559.78
1950.79	3553.11
1952.83	3542.89
1954.86	3560
1956.89	3540.22
1958.93	3527.78
1960.96	3520
1962.99	3531.78
1965.03	3516.44
1967.06	3515.33
1969.09	3490.22
1971.12	3495.33
1973.14	3514.22
1975.17	3480
1977.2	3490.67
1979.23	3489.78
1981.25	3444.44
1983.28	3441.56
1985.31	3472.67
1987.33	3420.67
1989.36	3452.22
1991.38	3437.56
1993.4	3427.78
1995.42	3439.78
1997.45	3423.78
1999.47	3415.11
2001.49	3408
2003.51	3419.56
2005.53	3421.33
2007.55	3441.33
2009.56	3440.89
2011.58	3429.56
2013.6	3421.56
2015.61	3410.89
2017.63	3426
2019.65	3406.89
2021.66	3402
2023.67	3409.56
2025.69	3391.56
2027.7	3417.33
2029.71	3417.56
2031.72	3408
2033.73	3401.56
2035.74	3382.89
2037.75	3373.11
2039.76	3374.22
2041.77	3363.78
2043.78	3368.89
2045.79	3372
2047.79	3365.56
2049.8	3333.33
2051.8	3357.78
2053.81	3355.78
2055.81	3344.44
2057.82	3332
2059.82	3332.67
2061.82	3332.67
2063.82	3303.78
2065.83	3311.33
2067.83	3304.67
2069.83	3290
2071.83	3302.89
2073.82	3314.44
2075.82	3288.67
2077.82	3274.44
2079.82	3265.11
2081.81	3265.78
2083.81	3260.44
2085.8	3242.44
2087.8	3249.78
2089.79	3252
2091.79	3250.89
2093.78	3228.89
2095.77	3199.33
2097.76	3226.89
2099.76	3234.67
2101.75	3197.56
2103.74	3184.89
2105.72	3179.78
2107.71	3192.22
2109.7	3205.56
2111.69	3185.56
2113.68	3182.44
2115.66	3191.56
2117.65	3180
2119.63	3166.67
2121.62	3188.89
2123.6	3144.22
2125.59	3162
2127.57	3145.11
2129.55	3168.67
2131.53	3155.33
2133.51	3146
2135.49	3126.44
2137.47	3134
2139.45	3127.56
2141.43	3106
2143.41	3117.56
2145.39	3110.67
2147.36	3082.22
2149.34	3107.78
2151.32	3103.56
2153.29	3078.67
2155.27	3080.89
2157.24	3075.56
2159.21	3069.56
2161.19	3086.22
2163.16	3062.67
2165.13	3070.67
2167.1	3031.11
2169.07	3005.78
2171.04	3028.67
2173.01	3025.33
2174.98	3008.89
2176.95	3018
2178.92	3025.56
2180.88	3027.33
2182.85	3004
2184.81	2983.56
2186.78	2998.44
2188.74	2991.33
2190.71	2981.11
2192.67	2969.56
2194.63	2982.44
2196.6	2955.11
2198.56	2959.11
2200.52	2943.56
2202.48	2938.89
2204.44	2959.78
2206.4	2942.22
2208.36	2931.11
2210.32	2949.33
2212.28	2946.22
2214.23	2926.22
2216.19	2941.11
2218.14	2888.22
2220.1	2909.56
2222.05	2899.78
2224.01	2889.33
2225.96	2899.33
2227.91	2877.56
2229.87	2874.44
2231.82	2886.89
2233.77	2848.44
2235.72	2870.44
2237.67	2876.89
2239.62	2851.11
2241.57	2851.56
2243.52	2839.78
2245.47	2845.33
2247.41	2860.44
2249.36	2824.22
2251.31	2852.89
2253.25	2838.44
2255.2	2806
2257.14	2787.78
2259.09	2798.67
2261.03	2789.11
2262.97	2804.89
2264.91	2803.56
2266.85	2797.78
2268.8	2781.33
2270.74	2765.56
2272.68	2764.67
2274.61	2735.11
2276.55	2760.89
2278.49	2745.11
2280.43	2740.89
2282.37	2752.67
2284.3	2750
2286.24	2723.56
2288.17	2703.33
2290.11	2720.89
2292.04	2740.67
2293.98	2716.67
2295.91	2712.22
2297.84	2717.11
2299.77	2676.44
2301.7	2682.44
2303.64	2697.11
2305.56	2693.56
2307.49	2677.11
2309.42	2662.44
2311.35	2666.44
2313.28	2646
2315.21	2664.67
2317.13	2652.22
2319.06	2660.89
2320.99	2660.89
2322.91	2620.67
2324.84	2637.78
2326.76	2638.89
2328.68	2639.33
2330.6	2597.11
2332.53	2625.33
2334.45	2603.11
2336.37	2619.56
2338.29	2596.67
2340.21	2608.67
2342.13	2613.78
2344.05	2591.78
2345.97	2580
2347.89	2600.89
2349.8	2552
2351.72	2575.78
2353.63	2552.22
2355.55	2578.22
2357.47	2560.22
2359.38	2544.22
2361.29	2518
2363.21	2516.67
2365.12	2517.33
2367.03	2519.78
2368.94	2518
2370.85	2514.89
2372.76	2497.78
2374.67	2493.56
2376.58	2500
2378.49	2495.56
2380.4	2482.22
2382.31	2483.33
2384.21	2484.89
2386.12	2449.56
2388.03	2478.89
2389.93	2460.22
2391.84	2455.33
2393.74	2449.11
2395.64	2449.33
2397.55	2410
2399.45	2452.89
2401.35	2428.44
2403.25	2420.22
2405.15	2426
2407.05	2434.67
2408.95	2423.56
2410.85	2430
2412.75	2411.78
2414.65	2394.67
2416.55	2390.89
2418.45	2390.22
2420.34	2436.44
2422.24	2391.11
2424.13	2384
2426.03	2384.44
2427.92	2380.22
2429.82	2392.89
2431.71	2365.33
2433.6	2375.78
2435.49	2376.89
2437.39	2352.67
2439.28	2395.56
2441.17	2363.11
2443.06	2376.89
2444.95	2369.56
2446.83	2345.11
2448.72	2364.67
2450.61	2362.89
2452.5	2322.22
2454.39	2336.22
