188.706	3070.22
191.305	3051.33
193.902	3041.11
196.499	3104
199.096	3097.56
201.69	3092.44
204.284	3082.89
206.877	3105.78
209.47	3100.67
212.062	3087.11
214.652	3104.22
217.242	3108.22
219.83	3131.33
222.419	3106.89
225.005	3114.22
227.592	3113.78
230.177	3142.89
232.762	3142.44
235.345	3130.67
237.928	3140.22
240.509	3140
243.09	3154.67
245.671	3164.89
248.249	3152
250.829	3190.44
253.405	3170.89
255.983	3162.67
258.558	3182.89
261.132	3206
263.707	3193.56
266.28	3165.33
268.852	3187.11
271.424	3212.67
273.994	3262.22
276.564	3292.89
279.133	3278.22
281.701	3244
284.268	3230.22
286.835	3232.89
289.4	3215.78
291.964	3236.22
294.527	3221.33
297.091	3255.78
299.653	3247.33
302.214	3267.11
304.774	3253.78
307.334	3260
309.892	3288.44
312.45	3281.78
315.006	3287.33
317.562	3286
320.118	3273.11
322.672	3291.33
325.225	3302
327.778	3269.33
330.329	3279.11
332.88	3290.44
335.43	3305.56
337.978	3305.11
340.528	3361.78
343.075	3387.78
345.622	3395.11
348.167	3461.56
350.712	3378.89
353.256	3350.22
355.799	3358
358.341	3346.22
360.883	3373.56
363.423	3382.89
365.963	3368
368.502	3386.44
371.04	3360
373.577	3369.11
376.114	3370.67
378.649	3370
381.184	3354.67
383.718	3373.56
386.251	3374.67
388.783	3384
391.314	3381.11
393.844	3376.44
396.373	3388.22
398.902	3379.11
401.43	3390.67
403.957	3388.89
406.484	3404.67
409.009	3415.11
411.534	3386.89
414.057	3429.78
416.58	3410
419.102	3447.11
421.624	3469.33
424.144	3456.67
426.663	3455.11
429.181	3468.67
431.7	3456.44
434.217	3466.67
436.732	3466.89
439.248	3468
441.763	3471.33
444.277	3446.44
446.788	3428.67
449.301	3447.11
451.812	3417.11
454.322	3459.33
456.831	3465.56
459.341	3456.44
461.847	3467.78
464.355	3474.89
466.861	3482
469.366	3456.67
471.871	3482.44
474.374	3506.89
476.877	3517.56
479.378	3481.11
481.88	3502.67
484.381	3513.56
486.879	3534.22
489.379	3500.67
491.876	3536.89
494.373	3536.22
496.869	3517.11
499.365	3529.33
501.858	3529.11
504.353	3537.56
506.845	3527.56
509.338	3535.11
511.828	3537.33
514.319	3529.33
516.808	3513.56
519.296	3544
521.785	3531.56
524.272	3546
526.759	3555.56
529.244	3534
531.728	3540.89
534.212	3548.89
536.695	3555.33
539.178	3580.89
541.659	3586.44
544.139	3569.11
546.619	3586.89
549.098	3575.78
551.575	3562.67
554.052	3579.33
556.529	3587.56
559.005	3589.56
561.479	3610.67
563.953	3605.11
566.427	3595.33
568.899	3591.78
571.37	3614.67
573.84	3595.78
576.311	3579.56
578.78	3600
581.248	3620.67
583.715	3619.11
586.181	3598.44
588.647	3596.67
591.113	3592.22
593.577	3596.22
596.04	3588.67
598.503	3594
600.964	3596
603.425	3594.67
605.885	3586.44
608.344	3605.78
610.803	3618.44
613.26	3602.22
615.718	3584.22
618.174	3620.67
620.63	3627.56
623.084	3615.11
625.538	3640.22
627.99	3635.78
630.443	3687.11
632.894	3761.11
635.344	3817.78
637.792	3743.78
640.241	3689.56
642.689	3662.89
645.137	3643.56
647.583	3628
650.029	3658.67
652.474	3656.22
654.918	3626
657.361	3616.22
659.804	3629.11
662.246	3595.56
664.685	3634.67
667.125	3631.78
669.565	3624.67
672.003	3614.22
674.441	3624
676.877	3628.22
679.313	3600.89
681.749	3629.11
684.183	3612.22
686.617	3658.44
689.049	3634.67
691.481	3645.33
693.913	3641.33
696.342	3664
698.772	3698
701.201	3683.33
703.63	3663.11
706.056	3677.33
708.483	3663.56
710.909	3668
713.333	3681.78
715.758	3660.89
718.18	3673.11
720.603	3697.11
723.025	3684.44
725.445	3666.89
727.866	3675.11
730.284	3693.78
732.703	3677.56
735.122	3695.33
737.538	3650
739.955	3638
742.369	3641.56
744.784	3656.89
747.197	3639.33
749.611	3643.78
752.023	3660.89
754.435	3625.56
756.845	3635.11
759.255	3656.89
761.664	3640.22
764.071	3666.67
766.48	3653.78
768.886	3665.78
771.292	3629.33
773.697	3649.78
776.102	3666
778.505	3692.67
780.907	3662.44
783.31	3658.67
785.711	3680.89
788.111	3673.78
790.511	3680.67
792.91	3702.67
795.308	3734
797.706	3758.22
800.102	3782.67
802.497	3822.22
804.892	3870.44
807.287	3869.33
809.68	3861.33
812.072	3872.44
814.464	3858.67
816.855	3795.78
819.246	3760.44
821.635	3717.11
824.024	3677.11
826.412	3679.56
828.799	3669.56
831.186	3678.67
833.572	3632.67
835.956	3652.67
838.34	3667.33
840.723	3671.56
843.106	3639.11
845.487	3652.44
847.868	3660.44
850.248	3640.44
852.628	3658
855.006	3665.11
857.384	3638.67
859.761	3675.33
862.138	3662
864.513	3648.22
866.888	3674.67
869.262	3646.67
871.636	3679.33
874.008	3681.56
876.38	3688.89
878.751	3681.78
881.121	3688
883.491	3684
885.86	3699.33
888.228	3688
890.595	3679.78
892.962	3692
895.327	3671.11
897.691	3668.67
900.055	3667.78
902.419	3671.56
904.782	3704
907.144	3656.44
909.505	3656
911.864	3663.78
914.224	3635.56
916.583	3666.67
918.941	3671.56
921.298	3656.44
923.654	3632
926.01	3655.33
928.366	3628.44
930.719	3643.11
933.073	3646.22
935.426	3619.56
937.777	3621.33
940.129	3633.56
942.479	3656.89
944.828	3633.56
947.178	3640.89
949.526	3637.56
951.873	3638.44
954.22	3658.22
956.565	3652.22
958.911	3656.89
961.254	3673.78
963.598	3674
965.942	3691.33
968.283	3680.67
970.625	3684.67
972.965	3677.11
975.305	3662.89
977.644	3665.11
979.983	3661.78
982.32	3673.56
984.657	3690.67
986.993	3674.22
989.327	3668.44
991.663	3665.78
993.996	3680
996.33	3659.56
998.662	3650.44
1000.99	3659.11
1003.32	3645.11
1005.65	3638.22
1007.98	3658.44
1010.31	3648.67
1012.64	3657.33
1014.97	3625.78
1017.29	3633.56
1019.62	3650.89
1021.94	3610.22
1024.27	3638.89
1026.59	3665.33
1028.91	3660.22
1031.24	3669.78
1033.56	3643.78
1035.88	3682.89
1038.2	3653.56
1040.51	3654
1042.83	3649.11
1045.15	3666.22
1047.47	3654.89
1049.78	3649.11
1052.1	3654
1054.41	3641.56
1056.73	3642
1059.04	3627.56
1061.35	3644.44
1063.66	3655.78
1065.97	3670.22
1068.28	3693.56
1070.59	3666.89
1072.9	3666
1075.21	3673.33
1077.52	3660.89
1079.82	3693.56
1082.13	3661.11
1084.43	3689.11
1086.74	3694.22
1089.04	3668.22
1091.34	3682
1093.65	3725.11
1095.95	3792.89
1098.25	4013.33
1100.55	4166
1102.85	4050.22
1105.14	3819.56
1107.44	3696.22
1109.74	3660.67
1112.03	3642.67
1114.33	3657.33
1116.62	3656.44
1118.92	3670.89
1121.21	3660
1123.5	3655.33
1125.79	3633.56
1128.09	3673.33
1130.38	3650.22
1132.67	3660.22
1134.95	3659.56
1137.24	3709.33
1139.53	3693.78
1141.82	3680.89
1144.1	3658
1146.39	3670.67
1148.67	3659.33
1150.95	3688.22
1153.24	3657.56
1155.52	3668.67
1157.8	3640
1160.08	3649.78
1162.36	3636.44
1164.64	3665.33
1166.92	3641.11
1169.2	3617.11
1171.47	3651.11
1173.75	3655.11
1176.03	3674.22
1178.3	3688.44
1180.58	3731.56
1182.85	3780
1185.12	3818.89
1187.39	3765.33
1189.66	3719.11
1191.94	3659.11
1194.21	3629.78
1196.48	3615.33
1198.74	3611.11
1201.01	3609.33
1203.28	3637.78
1205.54	3614.22
1207.81	3614
1210.07	3606
1212.34	3610.44
1214.6	3616.22
1216.86	3644
1219.13	3632.89
1221.39	3612
1223.65	3612.89
1225.91	3618.67
1228.17	3631.78
1230.43	3627.56
1232.68	3620.44
1234.94	3622.22
1237.2	3632.67
1239.45	3630
1241.71	3636.22
1243.96	3640.89
1246.22	3627.33
1248.47	3633.56
1250.72	3646.44
1252.97	3635.33
1255.22	3646.44
1257.47	3626.22
1259.72	3622.67
1261.97	3662.67
1264.22	3617.11
1266.46	3641.11
1268.71	3624.67
1270.95	3639.78
1273.2	3656.89
1275.44	3634.67
1277.69	3658.44
1279.93	3652.89
1282.17	3654.44
1284.41	3686.67
1286.65	3698.44
1288.89	3706.89
1291.13	3714.67
1293.37	3753.33
1295.61	3768.67
1297.85	3729.56
1300.08	3668.89
1302.32	3680.89
1304.55	3632.44
1306.79	3631.56
1309.02	3601.11
1311.26	3613.78
1313.49	3632.89
1315.72	3632.44
1317.95	3635.56
1320.18	3626.67
1322.41	3624.67
1324.64	3662.22
1326.86	3623.33
1329.09	3622
1331.32	3602
1333.55	3626.67
1335.77	3594.22
1337.99	3588.67
1340.22	3622.44
1342.44	3633.33
1344.66	3616.22
1346.89	3602.89
1349.11	3634.22
1351.33	3612
1353.55	3610
1355.77	3591.78
1357.98	3621.56
1360.2	3606.44
1362.42	3599.78
1364.63	3616.89
1366.85	3618
1369.06	3600.67
1371.28	3619.78
1373.49	3628.89
1375.7	3588.67
1377.92	3616.22
1380.13	3618.67
1382.34	3593.11
1384.55	3587.11
1386.76	3574.22
1388.97	3603.56
1391.17	3602
1393.38	3580.22
1395.59	3573.78
1397.79	3580.89
1400	3593.78
1402.2	3608.89
1404.41	3586.89
1406.61	3575.56
1408.81	3579.33
1411.01	3588
1413.21	3546.89
1415.41	3573.33
1417.61	3547.78
1419.81	3561.33
1422.01	3555.33
1424.21	3575.33
1426.4	3563.11
1428.6	3553.11
1430.8	3582
1432.99	3565.33
1435.18	3573.56
1437.38	3554.67
1439.57	3560.22
1441.76	3569.33
1443.95	3576.44
1446.14	3583.11
1448.33	3606
1450.52	3583.78
1452.71	3605.56
1454.9	3582.67
1457.09	3606.89
1459.27	3619.56
1461.46	3601.56
1463.64	3558.22
1465.83	3581.78
1468.01	3570
1470.2	3564.44
1472.38	3565.78
1474.56	3554.22
1476.74	3538.44
1478.92	3560.44
1481.1	3560.22
1483.28	3534.89
1485.46	3566.44
1487.64	3569.56
1489.81	3546.22
1491.99	3568.44
1494.16	3543.33
1496.34	3558.89
1498.51	3527.33
1500.69	3530.22
1502.86	3541.33
1505.03	3519.11
1507.21	3517.56
1509.38	3542
1511.55	3532
1513.72	3488.67
1515.89	3518.22
1518.05	3524
1520.22	3502.89
1522.39	3539.78
1524.55	3535.56
1526.72	3521.11
1528.88	3507.78
1531.05	3532.44
1533.21	3523.11
1535.37	3487.78
1537.54	3518.89
1539.7	3518.22
1541.86	3496
1544.02	3526.89
1546.18	3512
1548.34	3486.44
1550.5	3496.89
1552.65	3505.11
1554.81	3485.11
1556.97	3504.22
1559.12	3522.89
1561.28	3488.89
1563.43	3531.33
1565.58	3508.89
1567.74	3514.89
1569.89	3487.78
1572.04	3514.67
1574.19	3510.44
1576.34	3502.22
1578.49	3516
1580.64	3526
1582.79	3536.44
1584.94	3553.33
1587.08	3572.44
1589.23	3621.78
1591.37	3687.78
1593.52	3844.44
1595.66	3986.67
1597.81	4011.56
1599.95	3926.44
1602.09	3796.67
1604.23	3718
1606.37	3691.56
1608.51	3686.44
1610.65	3670.22
1612.79	3659.56
1614.93	3669.78
1617.07	3636.22
1619.21	3686
1621.34	3662.67
1623.48	3701.11
1625.61	3673.78
1627.75	3659.33
1629.88	3660.44
1632.01	3621.33
1634.15	3548
1636.28	3543.11
1638.41	3564.44
1640.54	3526.44
1642.67	3536.22
1644.8	3467.11
1646.93	3497.56
1649.05	3482.44
1651.18	3512
1653.31	3496.22
1655.43	3477.33
1657.56	3500.89
1659.68	3452.22
1661.81	3441.56
1663.93	3466.89
1666.05	3436.22
1668.17	3428.89
1670.3	3396.89
1672.42	3410.67
1674.54	3427.33
1676.66	3414
1678.77	3411.33
1680.89	3400
1683.01	3415.11
1685.13	3416.67
1687.24	3398.67
1689.36	3358.44
1691.47	3389.11
1693.59	3407.11
1695.7	3384.89
1697.81	3396
1699.92	3396.67
1702.04	3351.56
1704.15	3408
1706.26	3384.67
1708.37	3360.89
1710.47	3391.78
1712.58	3365.78
1714.69	3374.22
1716.8	3347.11
1718.9	3368
1721.01	3344.44
1723.11	3333.78
1725.22	3344.44
1727.32	3330.44
1729.42	3350
1731.53	3330.44
1733.63	3301.78
1735.73	3303.56
1737.83	3321.56
1739.93	3317.56
1742.03	3259.78
1744.13	3272
1746.23	3303.33
1748.32	3298.67
1750.42	3270.44
1752.52	3263.78
1754.61	3265.78
1756.71	3280
1758.8	3288.22
1760.89	3259.11
1762.99	3251.56
1765.08	3246
1767.17	3274.22
1769.26	3253.78
1771.35	3249.56
1773.44	3255.56
1775.53	3250.44
1777.62	3239.11
1779.71	3230.22
1781.79	3241.56
1783.88	3224.67
1785.96	3241.56
1788.05	3214
1790.13	3237.11
1792.22	3205.33
1794.3	3250.22
1796.38	3222.22
1798.47	3236.44
1800.55	3217.33
1802.63	3201.56
1804.71	3225.11
1806.79	3214
1808.87	3202
1810.95	3224.89
1813.02	3213.11
1815.1	3195.11
1817.18	3214.67
1819.25	3203.11
1821.33	3189.11
1823.4	3192.22
1825.47	3183.11
1827.55	3154.22
1829.62	3184
1831.69	3194.89
1833.76	3153.56
1835.83	3150.89
1837.9	3177.11
1839.97	3138.67
1842.04	3168.67
1844.11	3146
1846.18	3122.67
1848.24	3135.56
1850.31	3100.22
1852.38	3118.22
1854.44	3079.78
1856.51	3119.11
1858.57	3102
1860.63	3107.56
1862.69	3134.44
1864.76	3085.33
1866.82	3084.44
1868.88	3083.56
1870.94	3109.11
1873	3076
1875.06	3066.67
1877.11	3074.67
1879.17	3056.67
1881.23	3067.33
1883.28	3058
1885.34	3068
1887.4	3064.67
1889.45	3056.67
1891.5	3069.33
1893.56	3051.11
1895.61	3064.22
1897.66	3050
1899.71	3065.33
1901.76	3057.33
1903.81	3033.56
1905.86	3057.56
1907.91	3035.78
1909.96	3052.22
1912.01	3054
1914.05	3029.78
1916.1	3018.67
1918.15	3022.89
1920.19	3024.22
1922.23	3041.78
1924.28	3027.78
1926.32	3014.67
1928.36	3007.11
1930.41	3004.67
1932.45	2982.67
1934.49	3004.44
1936.53	3004
1938.57	2988.44
1940.61	2955.78
1942.64	2967.11
1944.68	2962.44
1946.72	2978
1948.76	2978.44
1950.79	2963.56
1952.83	2948
1954.86	2939.56
1956.89	2950.67
1958.93	2929.56
1960.96	2945.11
1962.99	2927.78
1965.03	2913.56
1967.06	2927.78
1969.09	2904.89
1971.12	2894.22
1973.14	2877.11
1975.17	2903.11
1977.2	2869.56
1979.23	2855.11
1981.25	2866.67
1983.28	2869.78
1985.31	2860
1987.33	2838.44
1989.36	2855.56
1991.38	2876.44
1993.4	2862.89
1995.42	2866.22
1997.45	2848.44
1999.47	2878.44
2001.49	2872.44
2003.51	2861.33
2005.53	2842.89
2007.55	2831.33
2009.56	2849.33
2011.58	2860.67
2013.6	2840
2015.61	2849.11
2017.63	2835.78
2019.65	2854.67
2021.66	2826.89
2023.67	2828
2025.69	2810.22
2027.7	2827.11
2029.71	2842.22
2031.72	2829.11
2033.73	2843.33
2035.74	2815.11
2037.75	2816.67
2039.76	2811.33
2041.77	2803.33
2043.78	2791.78
2045.79	2790.22
2047.79	2814.89
2049.8	2798
2051.8	2776.22
2053.81	2753.56
2055.81	2778.22
2057.82	2765.33
2059.82	2758.44
2061.82	2776.89
2063.82	2761.11
2065.83	2765.78
2067.83	2756.22
2069.83	2755.11
2071.83	2737.56
2073.82	2729.56
2075.82	2723.33
2077.82	2745.33
2079.82	2739.11
2081.81	2705.11
2083.81	2710.89
2085.8	2715.11
2087.8	2717.33
2089.79	2702.89
2091.79	2691.11
2093.78	2692.22
2095.77	2691.56
2097.76	2698.44
2099.76	2670.89
2101.75	2680.22
2103.74	2646.89
2105.72	2654.22
2107.71	2662
2109.7	2655.78
2111.69	2658.89
2113.68	2644.22
2115.66	2636.89
2117.65	2666.22
2119.63	2647.33
2121.62	2629.56
2123.6	2646.89
2125.59	2630.44
2127.57	2637.78
2129.55	2605.33
2131.53	2624.67
2133.51	2602.44
2135.49	2617.33
2137.47	2608.89
2139.45	2615.56
2141.43	2602
2143.41	2595.11
2145.39	2596.67
2147.36	2580.67
2149.34	2596.89
2151.32	2557.33
2153.29	2582
2155.27	2575.33
2157.24	2554.44
2159.21	2556.44
2161.19	2546.89
2163.16	2531.33
2165.13	2547.56
2167.1	2551.78
2169.07	2514.44
2171.04	2513.33
2173.01	2544.44
2174.98	2536.22
2176.95	2521.78
2178.92	2521.11
2180.88	2506.22
2182.85	2489.78
2184.81	2494.22
2186.78	2501.78
2188.74	2506.44
2190.71	2479.78
2192.67	2482.44
2194.63	2496
2196.6	2490.89
2198.56	2467.33
2200.52	2459.33
2202.48	2467.11
2204.44	2462
2206.4	2470.44
2208.36	2456.67
2210.32	2427.11
2212.28	2438.22
2214.23	2436
2216.19	2428
2218.14	2433.11
2220.1	2416.44
2222.05	2420.89
2224.01	2418.67
2225.96	2419.33
2227.91	2420.22
2229.87	2409.11
2231.82	2406
2233.77	2411.11
2235.72	2393.11
2237.67	2418.44
2239.62	2384.44
2241.57	2404.89
2243.52	2385.11
2245.47	2374.22
2247.41	2385.33
2249.36	2336
2251.31	2348.89
2253.25	2350.22
2255.2	2353.56
2257.14	2361.33
2259.09	2320.67
2261.03	2351.11
2262.97	2332.22
2264.91	2332.89
2266.85	2327.56
2268.8	2324.67
2270.74	2315.33
2272.68	2325.11
2274.61	2328.44
2276.55	2290.67
2278.49	2314
2280.43	2303.56
2282.37	2286.44
2284.3	2279.56
2286.24	2286.89
2288.17	2301.56
2290.11	2281.78
2292.04	2272.22
2293.98	2241.33
2295.91	2257.78
2297.84	2260.89
2299.77	2247.78
2301.7	2255.11
2303.64	2250.44
2305.56	2252.22
2307.49	2246.67
2309.42	2246
2311.35	2222.67
2313.28	2242.89
2315.21	2243.33
2317.13	2214
2319.06	2230.44
2320.99	2213.56
2322.91	2193.33
2324.84	2198.22
2326.76	2182.22
2328.68	2211.78
2330.6	2192.89
2332.53	2200
2334.45	2186.22
2336.37	2190
2338.29	2196.67
2340.21	2188.22
2342.13	2189.56
2344.05	2171.11
2345.97	2165.56
2347.89	2152.44
2349.8	2148
2351.72	2160
2353.63	2172.22
2355.55	2156.89
2357.47	2168.67
2359.38	2141.78
2361.29	2132.22
2363.21	2120.22
2365.12	2135.33
2367.03	2120.89
2368.94	2095.33
2370.85	2099.11
2372.76	2097.78
2374.67	2097.33
2376.58	2110
2378.49	2106.67
2380.4	2080.44
2382.31	2086.22
2384.21	2085.78
2386.12	2077.11
2388.03	2079.11
2389.93	2066.22
2391.84	2082.89
2393.74	2051.11
2395.64	2064.89
2397.55	2052.44
2399.45	2053.56
2401.35	2060.22
2403.25	2055.56
2405.15	2044
2407.05	2023.78
2408.95	2035.56
2410.85	2034.67
2412.75	2032.67
2414.65	2017.33
2416.55	2019.56
2418.45	2027.56
2420.34	2014.22
2422.24	2012
2424.13	2009.11
2426.03	2003.33
2427.92	1990.22
2429.82	2027.78
2431.71	2020.22
2433.6	1988.22
2435.49	2021.33
2437.39	1995.33
2439.28	2007.33
2441.17	1992.22
2443.06	2007.33
2444.95	1963.78
2446.83	1994.67
2448.72	1996
2450.61	1981.56
2452.5	1964.89
2454.39	1962.22
