188.706	193.333
191.305	197.111
193.902	195.778
196.499	197.556
199.096	204
201.69	205.556
204.284	206.222
206.877	212.444
209.47	221.556
212.062	226
214.652	222.222
217.242	224.444
219.83	228.444
222.419	233.333
225.005	236.222
227.592	235.556
230.177	227.111
232.762	221.111
235.345	224.889
237.928	221.778
240.509	220
243.09	202
245.671	194.222
248.249	186.222
250.829	180
253.405	177.778
255.983	168.667
258.558	163.556
261.132	165.333
263.707	157.778
266.28	154.667
268.852	148.889
271.424	143.556
273.994	143.111
276.564	139.556
279.133	139.556
281.701	139.111
284.268	134.444
286.835	130.667
289.4	131.778
291.964	129.111
294.527	131.333
297.091	124.667
299.653	122.667
302.214	114
304.774	116.444
307.334	117.556
309.892	116.667
312.45	110.889
315.006	114.222
317.562	109.333
320.118	106.667
322.672	108
325.225	115.778
327.778	110.222
330.329	110.222
332.88	114.444
335.43	116.889
337.978	114.222
340.528	114.667
343.075	116.222
345.622	123.333
348.167	122.222
350.712	120.667
353.256	122.889
355.799	115.333
358.341	114.222
360.883	114.444
363.423	110
365.963	104.889
368.502	108.444
371.04	108
373.577	107.556
376.114	99.7778
378.649	102.222
381.184	100.444
383.718	101.778
386.251	104.667
388.783	100.667
391.314	106.889
393.844	97.5556
396.373	103.111
398.902	103.778
401.43	110.222
403.957	108.222
406.484	109.111
409.009	101.333
411.534	101.778
414.057	101.333
416.58	99.1111
419.102	93.1111
421.624	98.2222
424.144	90.2222
426.663	93.7778
429.181	92.4444
431.7	94.8889
434.217	91.7778
436.732	88.2222
439.248	93.3333
441.763	94.2222
444.277	93.7778
446.788	94.6667
449.301	98.2222
451.812	88.6667
454.322	88.4444
456.831	89.5556
459.341	88.2222
461.847	89.3333
464.355	88.2222
466.861	86.8889
469.366	87.1111
471.871	89.3333
474.374	89.7778
476.877	86.2222
479.378	85.5555
481.88	86.2222
484.381	90.6667
486.879	88.8889
489.379	92.4444
491.876	88.2222
494.373	87.5556
496.869	83.3333
499.365	86.8889
501.858	84.4444
504.353	85.5555
506.845	81.7778
509.338	84.6667
511.828	85.1111
514.319	82.4444
516.808	80.8889
519.296	86
521.785	81.5556
524.272	79.7778
526.759	83.3333
529.244	84
531.728	82.6667
534.212	82.4444
536.695	80.6667
539.178	82
541.659	79.1111
544.139	83.5556
546.619	79.1111
549.098	82.6667
551.575	76.4445
554.052	80
556.529	76
559.005	80.6667
561.479	77.5556
563.953	74.6667
566.427	74.8889
568.899	74.8889
571.37	74.6667
573.84	72.6667
576.311	73.7778
578.78	76
581.248	71.7778
583.715	70.4444
586.181	72.2222
588.647	74.2222
591.113	72.2222
593.577	74
596.04	76.4444
598.503	74.4444
600.964	74.8889
603.425	77.3333
605.885	76.8889
608.344	76.4444
610.803	76.6667
613.26	73.7778
615.718	80
618.174	77.7778
620.63	77.7778
623.084	81.7778
625.538	83.5555
627.99	80.2222
630.443	88.6667
632.894	88.6667
635.344	92
637.792	98.2222
640.241	110.222
642.689	120.667
645.137	142.444
647.583	162.222
650.029	198.222
652.474	243.556
654.918	288.444
657.361	302.444
659.804	288
662.246	238.889
664.685	184
667.125	151.778
669.565	127.778
672.003	113.778
674.441	99.5556
676.877	98
679.313	95.5556
681.749	92.8889
684.183	94.6667
686.617	96
689.049	99.5555
691.481	102.222
693.913	105.111
696.342	115.556
698.772	123.556
701.201	131.556
703.63	138.889
706.056	148.444
708.483	154.222
710.909	160
713.333	149.333
715.758	147.111
718.18	149.111
720.603	147.556
723.025	156.222
725.445	159.333
727.866	170.444
730.284	170.444
732.703	175.333
735.122	178.667
737.538	182.222
739.955	183.556
742.369	178.444
744.784	176.444
747.197	178
749.611	164.667
752.023	165.556
754.435	164.889
756.845	155.778
759.255	149.778
761.664	143.111
764.071	144
766.48	141.333
768.886	138.444
771.292	139.333
773.697	138.222
776.102	134.889
778.505	134.889
780.907	125.778
783.31	131.111
785.711	124.667
788.111	124.444
790.511	125.778
792.91	126
795.308	124.889
797.706	122.667
800.102	116.222
802.497	124.667
804.892	122.889
807.287	121.556
809.68	123.333
812.072	121.556
814.464	127.556
816.855	126
819.246	133.778
821.635	135.778
824.024	142.222
826.412	138.667
828.799	152
831.186	150
833.572	151.556
835.956	150.889
838.34	154.444
840.723	162
843.106	163.556
845.487	170.222
847.868	165.778
850.248	168.889
852.628	171.556
855.006	167.778
857.384	166.667
859.761	167.556
862.138	179.111
864.513	169.556
866.888	174
869.262	176
871.636	183.333
874.008	181.778
876.38	179.111
878.751	176.222
881.121	171.333
883.491	169.556
885.86	168.667
888.228	178.222
890.595	196.222
892.962	187.556
895.327	182.889
897.691	175.333
900.055	168.667
902.419	157.556
904.782	158
907.144	153.556
909.505	148.667
911.864	146.889
914.224	144
916.583	141.778
918.941	144.222
921.298	143.556
923.654	133.778
926.01	141.111
928.366	135.778
930.719	138.889
933.073	130.444
935.426	129.333
937.777	128
940.129	125.333
942.479	122.889
944.828	120.667
947.178	121.333
949.526	122
951.873	120.667
954.22	120.222
956.565	122.667
958.911	127.778
961.254	118.444
963.598	119.556
965.942	118.889
968.283	118.889
970.625	115.556
972.965	117.111
975.305	115.556
977.644	115.778
979.983	109.556
982.32	117.111
984.657	118.444
986.993	118.889
989.327	120.889
991.663	124.444
993.996	127.556
996.33	125.778
998.662	130.444
1000.99	134.444
1003.32	134.222
1005.65	138.667
1007.98	130.889
1010.31	145.111
1012.64	148.444
1014.97	151.111
1017.29	165.778
1019.62	161.333
1021.94	164.667
1024.27	176.889
1026.59	177.333
1028.91	178.444
1031.24	185.333
1033.56	195.556
1035.88	193.778
1038.2	198.889
1040.51	210.444
1042.83	204
1045.15	208.889
1047.47	202.444
1049.78	190.889
1052.1	192.667
1054.41	187.556
1056.73	196
1059.04	214.222
1061.35	224.222
1063.66	237.556
1065.97	249.111
1068.28	234.667
1070.59	234.667
1072.9	238
1075.21	245.333
1077.52	256.444
1079.82	260.889
1082.13	260.667
1084.43	250
1086.74	235.333
1089.04	221.111
1091.34	208.222
1093.65	189.556
1095.95	180
1098.25	161.333
1100.55	148.889
1102.85	145.778
1105.14	141.333
1107.44	142.889
1109.74	144
1112.03	149.556
1114.33	157.778
1116.62	162
1118.92	171.111
1121.21	177.111
1123.5	191.111
1125.79	181.111
1128.09	170.667
1130.38	159.778
1132.67	137.111
1134.95	126.222
1137.24	118.889
1139.53	118.444
1141.82	121.556
1144.1	121.778
1146.39	122
1148.67	117.111
1150.95	127.333
1153.24	129.111
1155.52	122.667
1157.8	133.111
1160.08	134
1162.36	133.778
1164.64	130
1166.92	131.778
1169.2	130.667
1171.47	125.333
1173.75	123.556
1176.03	129.778
1178.3	121.778
1180.58	122
1182.85	116.222
1185.12	119.778
1187.39	117.111
1189.66	117.556
1191.94	118.667
1194.21	120.222
1196.48	112.444
1198.74	122.667
1201.01	117.333
1203.28	118.444
1205.54	117.778
1207.81	120.222
1210.07	116.444
1212.34	118.444
1214.6	117.778
1216.86	117.556
1219.13	112.889
1221.39	116.889
1223.65	113.778
1225.91	116.444
1228.17	118.667
1230.43	116.889
1232.68	119.111
1234.94	120.222
1237.2	122.444
1239.45	128.444
1241.71	121.333
1243.96	128.667
1246.22	124.889
1248.47	131.111
1250.72	130.444
1252.97	123.556
1255.22	131.111
1257.47	126.444
1259.72	136.667
1261.97	137.333
1264.22	139.111
1266.46	142
1268.71	144.889
1270.95	151.333
1273.2	152.222
1275.44	152.222
1277.69	151.556
1279.93	165.333
1282.17	168.667
1284.41	176.222
1286.65	190.667
1288.89	201.556
1291.13	210.222
1293.37	241.111
1295.61	271.111
1297.85	306.444
1300.08	342
1302.32	367.778
1304.55	358.667
1306.79	340.667
1309.02	318.889
1311.26	288.667
1313.49	266.667
1315.72	246.667
1317.95	220
1320.18	201.778
1322.41	191.556
1324.64	179.333
1326.86	169.778
1329.09	158.222
1331.32	146.222
1333.55	143.111
1335.77	135.556
1337.99	137.111
1340.22	135.333
1342.44	143.778
1344.66	139.778
1346.89	140.667
1349.11	134.667
1351.33	134
1353.55	130.444
1355.77	127.556
1357.98	129.778
1360.2	132.222
1362.42	132.444
1364.63	135.778
1366.85	135.111
1369.06	129.778
1371.28	137.333
1373.49	134.667
1375.7	132.222
1377.92	128.667
1380.13	118
1382.34	120
1384.55	125.111
1386.76	116
1388.97	120.667
1391.17	118.667
1393.38	118
1395.59	119.333
1397.79	117.333
1400	123.556
1402.2	121.556
1404.41	122.444
1406.61	122.222
1408.81	125.778
1411.01	131.556
1413.21	137.778
1415.41	144.222
1417.61	154.222
1419.81	158.667
1422.01	174
1424.21	192.222
1426.4	235.556
1428.6	276.667
1430.8	333.778
1432.99	404.667
1435.18	468
1437.38	505.778
1439.57	537.556
1441.76	528.444
1443.95	504.222
1446.14	473.111
1448.33	455.333
1450.52	446.889
1452.71	438
1454.9	416.889
1457.09	405.333
1459.27	389.778
1461.46	353.333
1463.64	337.333
1465.83	299.778
1468.01	276.222
1470.2	251.778
1472.38	226
1474.56	210.222
1476.74	197.333
1478.92	186.889
1481.1	172.889
1483.28	164.222
1485.46	164.667
1487.64	150
1489.81	153.556
1491.99	142.444
1494.16	144.222
1496.34	136
1498.51	138.444
1500.69	131.111
1502.86	130
1505.03	129.556
1507.21	127.778
1509.38	131.111
1511.55	125.556
1513.72	125.556
1515.89	125.333
1518.05	126.222
1520.22	116
1522.39	119.778
1524.55	118.444
1526.72	116.222
1528.88	114.889
1531.05	116
1533.21	122.667
1535.37	118.667
1537.54	116
1539.7	115.111
1541.86	114.444
1544.02	115.111
1546.18	112
1548.34	112.222
1550.5	115.778
1552.65	113.556
1554.81	113.111
1556.97	112.667
1559.12	109.333
1561.28	110.889
1563.43	111.556
1565.58	108.444
1567.74	108
1569.89	111.556
1572.04	111.333
1574.19	107.556
1576.34	109.556
1578.49	112.222
1580.64	105.778
1582.79	111.556
1584.94	108
1587.08	108.444
1589.23	113.111
1591.37	106.889
1593.52	109.333
1595.66	104.667
1597.81	104.444
1599.95	112.889
1602.09	104.889
1604.23	105.556
1606.37	103.333
1608.51	102.444
1610.65	109.556
1612.79	104.222
1614.93	103.778
1617.07	109.333
1619.21	107.556
1621.34	104
1623.48	106.667
1625.61	106.222
1627.75	106.222
1629.88	108.444
1632.01	106.889
1634.15	108
1636.28	103.333
1638.41	104.222
1640.54	100.444
1642.67	102.222
1644.8	106.222
1646.93	105.778
1649.05	106
1651.18	108.222
1653.31	104.222
1655.43	105.333
1657.56	103.111
1659.68	105.778
1661.81	103.556
1663.93	107.333
1666.05	105.333
1668.17	109.333
1670.3	101.556
1672.42	101.556
1674.54	109.111
1676.66	111.333
1678.77	104.222
1680.89	110.444
1683.01	105.333
1685.13	102.444
1687.24	103.333
1689.36	108
1691.47	106.667
1693.59	104.667
1695.7	103.111
1697.81	104
1699.92	103.778
1702.04	109.333
1704.15	111.556
1706.26	105.556
1708.37	106.889
1710.47	106.889
1712.58	107.556
1714.69	103.556
1716.8	109.111
1718.9	108.667
1721.01	102.667
1723.11	108.667
1725.22	106.222
1727.32	104
1729.42	107.556
1731.53	108.667
1733.63	111.778
1735.73	106.889
1737.83	109.333
1739.93	105.333
1742.03	109.556
1744.13	105.333
1746.23	107.556
1748.32	109.333
1750.42	108.889
1752.52	104
1754.61	109.333
1756.71	107.111
1758.8	110.889
1760.89	105.778
1762.99	106.222
1765.08	105.333
1767.17	105.556
1769.26	105.778
1771.35	106.444
1773.44	108.889
1775.53	112.889
1777.62	112
1779.71	108.444
1781.79	108.889
1783.88	108.667
1785.96	108.889
1788.05	106.444
1790.13	109.111
1792.22	107.778
1794.3	109.111
1796.38	106.667
1798.47	110.667
1800.55	107.111
1802.63	113.111
1804.71	108.889
1806.79	110
1808.87	109.333
1810.95	109.556
1813.02	109.556
1815.1	106.222
1817.18	109.778
1819.25	110.444
1821.33	108.222
1823.4	106.444
1825.47	101.778
1827.55	107.556
1829.62	110.667
1831.69	108
1833.76	107.556
1835.83	110.444
1837.9	107.333
1839.97	107.111
1842.04	108
1844.11	109.111
1846.18	106.444
1848.24	109.333
1850.31	107.111
1852.38	109.111
1854.44	103.333
1856.51	111.333
1858.57	108.444
1860.63	109.111
1862.69	111.778
1864.76	110
1866.82	108.667
1868.88	103.556
1870.94	109.778
1873	107.778
1875.06	110.444
1877.11	109.778
1879.17	108.444
1881.23	111.778
1883.28	112.667
1885.34	110.222
1887.4	110.667
1889.45	109.778
1891.5	110.444
1893.56	105.778
1895.61	112.222
1897.66	105.111
1899.71	109.333
1901.76	111.778
1903.81	111.556
1905.86	107.333
1907.91	112.222
1909.96	113.556
1912.01	108
1914.05	112
1916.1	110.222
1918.15	105.111
1920.19	113.111
1922.23	119.111
1924.28	109.778
1926.32	111.333
1928.36	116.667
1930.41	114
1932.45	112.667
1934.49	110.889
1936.53	111.778
1938.57	116.444
1940.61	109.778
1942.64	110
1944.68	113.111
1946.72	111.556
1948.76	109.333
1950.79	109.111
1952.83	116.667
1954.86	112.222
1956.89	113.111
1958.93	110.222
1960.96	117.556
1962.99	110
1965.03	112.444
1967.06	110.667
1969.09	117.111
1971.12	108
1973.14	114.222
1975.17	115.333
1977.2	112.889
1979.23	110.889
1981.25	116.667
1983.28	113.111
1985.31	115.111
1987.33	116
1989.36	113.111
1991.38	116.667
1993.4	113.333
1995.42	111.333
1997.45	112.222
1999.47	114.222
2001.49	115.111
2003.51	111.111
2005.53	115.778
2007.55	113.778
2009.56	115.556
2011.58	117.778
2013.6	114
2015.61	113.111
2017.63	117.778
2019.65	115.111
2021.66	119.556
2023.67	114.889
2025.69	119.333
2027.7	115.333
2029.71	117.778
2031.72	116.667
2033.73	112.667
2035.74	116.444
2037.75	117.111
2039.76	116.222
2041.77	114.889
2043.78	119.111
2045.79	117.556
2047.79	120.444
2049.8	118
2051.8	115.556
2053.81	113.111
2055.81	117.111
2057.82	114.889
2059.82	115.778
2061.82	119.778
2063.82	112.889
2065.83	118.889
2067.83	117.333
2069.83	118.667
2071.83	120.444
2073.82	120.444
2075.82	117.111
2077.82	119.111
2079.82	117.778
2081.81	118.889
2083.81	118.222
2085.8	115.333
2087.8	117.333
2089.79	122.444
2091.79	121.778
2093.78	116.444
2095.77	120.889
2097.76	121.556
2099.76	120
2101.75	120.889
2103.74	114
2105.72	119.778
2107.71	117.778
2109.7	118.222
2111.69	119.111
2113.68	118.889
2115.66	121.111
2117.65	120.444
2119.63	121.778
2121.62	118
2123.6	120.444
2125.59	121.778
2127.57	122.889
2129.55	115.778
2131.53	122.889
2133.51	121.111
2135.49	120
2137.47	119.111
2139.45	121.111
2141.43	120.444
2143.41	120.222
2145.39	122.667
2147.36	119.778
2149.34	123.556
2151.32	123.333
2153.29	120.222
2155.27	121.333
2157.24	122.667
2159.21	123.778
2161.19	120.222
2163.16	121.556
2165.13	123.778
2167.1	121.556
2169.07	122.889
2171.04	121.778
2173.01	124
2174.98	123.556
2176.95	129.556
2178.92	124.444
2180.88	125.333
2182.85	123.111
2184.81	129.778
2186.78	126.667
2188.74	128.444
2190.71	130.889
2192.67	124.222
2194.63	124.222
2196.6	126.889
2198.56	126
2200.52	126.444
2202.48	125.556
2204.44	123.778
2206.4	123.778
2208.36	126.667
2210.32	129.111
2212.28	125.333
2214.23	124
2216.19	124.889
2218.14	126.667
2220.1	126.222
2222.05	123.556
2224.01	129.556
2225.96	127.111
2227.91	125.111
2229.87	125.556
2231.82	127.556
2233.77	126.667
2235.72	126
2237.67	128.889
2239.62	129.778
2241.57	124.667
2243.52	123.556
2245.47	124
2247.41	125.333
2249.36	127.111
2251.31	120.889
2253.25	128.444
2255.2	126.889
2257.14	124.444
2259.09	126.667
2261.03	125.778
2262.97	129.111
2264.91	125.778
2266.85	123.111
2268.8	122.444
2270.74	122.667
2272.68	125.556
2274.61	127.556
2276.55	131.333
2278.49	129.333
2280.43	124.222
2282.37	133.111
2284.3	123.333
2286.24	127.111
2288.17	119.778
2290.11	126.222
2292.04	124
2293.98	127.111
2295.91	126.667
2297.84	131.333
2299.77	125.333
2301.7	124
2303.64	125.556
2305.56	131.111
2307.49	125.778
2309.42	128.667
2311.35	126.222
2313.28	128.889
2315.21	128.222
2317.13	128
2319.06	128
2320.99	130.889
2322.91	129.333
2324.84	124.667
2326.76	130.222
2328.68	121.778
2330.6	128.444
2332.53	121.333
2334.45	128.222
2336.37	127.778
2338.29	126.889
2340.21	130.222
2342.13	124.444
2344.05	131.111
2345.97	129.556
2347.89	131.111
2349.8	127.111
2351.72	129.111
2353.63	131.778
2355.55	128.889
2357.47	134
2359.38	128.889
2361.29	130
2363.21	132.222
2365.12	128.444
2367.03	129.778
2368.94	130.889
2370.85	127.778
2372.76	126.444
2374.67	126.667
2376.58	127.111
2378.49	129.556
2380.4	130.444
2382.31	134.667
2384.21	131.778
2386.12	122.222
2388.03	128.444
2389.93	130.667
2391.84	135.778
2393.74	133.333
2395.64	128.667
2397.55	130.889
2399.45	127.111
2401.35	129.778
2403.25	134.889
2405.15	131.556
2407.05	136.667
2408.95	128.222
2410.85	129.556
2412.75	129.778
2414.65	130
2416.55	132.444
2418.45	129.556
2420.34	132.889
2422.24	134.667
2424.13	132.667
2426.03	135.556
2427.92	135.556
2429.82	139.556
2431.71	132.222
2433.6	136.222
2435.49	129.778
2437.39	137.778
2439.28	134.889
2441.17	133.778
2443.06	137.333
2444.95	137.556
2446.83	136.667
2448.72	131.778
2450.61	132
2452.5	137.333
2454.39	136
