176.817	52.6667
179.42	56.6667
182.022	52.6667
184.622	49.3333
187.223	49.3333
189.821	54.6667
192.419	52
195.017	48
197.612	54.6667
200.208	45.3333
202.802	46
205.397	52
207.99	48
210.581	46.6667
213.173	46
215.762	46
218.352	44.6667
220.94	42.6667
223.528	46
226.114	50.6667
228.701	46
231.285	42.6667
233.87	42
236.452	45.3333
239.034	46.6667
241.616	42.6667
244.196	46
246.777	46
249.355	43.3333
251.933	40.6667
254.511	46
257.086	44.6667
259.663	44
262.237	48
264.81	47.3333
267.383	47.3333
269.955	48.6667
272.525	41.3333
275.097	45.3333
277.665	44
280.234	47.3333
282.802	42
285.368	44.6667
287.934	42
290.499	45.3333
293.064	38.6667
295.627	42.6667
298.189	44
300.75	43.3333
303.312	43.3333
305.871	40.6667
308.43	34.6667
310.988	44.6667
313.545	44
316.101	39.3333
318.658	43.3333
321.212	39.3333
323.766	43.3333
326.319	42.6667
328.871	41.3333
331.422	39.3333
333.972	38.6667
336.522	41.3333
339.072	41.3333
341.619	44
344.166	40
346.712	36
349.258	40.6667
351.802	42.6667
354.346	42.6667
356.888	40.6667
359.43	38.6667
361.971	38
364.511	38
367.051	44
369.589	39.3333
372.127	41.3333
374.664	40.6667
377.2	42
379.735	42.6667
382.27	42
384.802	40
387.334	42
389.866	42.6667
392.397	43.3333
394.927	42.6667
397.457	42.6667
399.985	40
402.513	42
405.038	44
407.565	44
410.09	43.3333
412.614	40.6667
415.138	48.6667
417.66	50.6667
420.181	52.6667
422.702	50.6667
425.222	66.6667
427.742	60.6667
430.259	69.3333
432.777	75.3333
435.294	74.6667
437.81	74
440.324	62.6667
442.838	65.3333
445.352	60.6667
447.863	56.6667
450.375	56.6667
452.887	57.3333
455.395	58
457.905	56.6667
460.414	47.3333
462.92	49.3333
465.427	47.3333
467.932	47.3333
470.438	45.3333
472.942	42
475.445	40
477.948	45.3333
480.448	42.6667
482.95	44.6667
485.449	43.3333
487.949	39.3333
490.446	44.6667
492.944	42.6667
495.44	38
497.937	42
500.431	42
502.926	40
505.418	41.3333
507.912	40
510.403	40
512.894	38
515.384	37.3333
517.874	40.6667
520.361	41.3333
522.848	38
525.336	38
527.821	40
530.306	41.3333
532.791	36.6667
535.274	36.6667
537.756	38
540.238	40
542.719	40.6667
545.199	40
547.679	42
550.157	38.6667
552.634	39.3333
555.112	38.6667
557.588	32.6667
560.063	37.3333
562.537	38
565.011	37.3333
567.484	39.3333
569.955	39.3333
572.426	38
574.896	38
577.367	40
579.835	38.6667
582.303	40.6667
584.77	34.6667
587.236	38.6667
589.701	43.3333
592.165	36.6667
594.629	38.6667
597.093	43.3333
599.555	43.3333
602.016	41.3333
604.477	39.3333
606.936	36
609.395	38.6667
611.853	41.3333
614.311	40
616.767	38
619.223	42
621.678	42
624.132	40
626.585	37.3333
629.037	36.6667
631.489	42.6667
633.94	40.6667
636.39	40
638.839	40.6667
641.288	41.3333
643.736	39.3333
646.183	40
648.627	42.6667
651.073	38.6667
653.517	40.6667
655.961	40
658.404	36.6667
660.846	42.6667
663.288	38.6667
665.727	37.3333
668.167	39.3333
670.606	38.6667
673.044	40
675.482	42
677.917	37.3333
680.353	40
682.788	40
685.222	40
687.655	40
690.087	42.6667
692.519	40.6667
694.951	41.3333
697.38	41.3333
699.809	42.6667
702.238	40.6667
704.665	39.3333
707.092	40
709.519	39.3333
711.943	44.6667
714.368	39.3333
716.791	40
719.214	40.6667
721.637	38.6667
724.058	42
726.479	40.6667
728.898	42.6667
731.317	39.3333
733.734	44
736.152	38.6667
738.568	41.3333
740.985	38.6667
743.399	40
745.814	38.6667
748.227	43.3333
750.64	40.6667
753.051	41.3333
755.463	40.6667
757.872	40.6667
760.283	40.6667
762.691	42
765.098	38
767.506	40
769.912	47.3333
772.318	41.3333
774.722	43.3333
777.126	42
779.53	43.3333
781.932	40
784.333	42
786.735	39.3333
789.135	39.3333
791.533	43.3333
793.933	45.3333
796.33	48
798.727	44
801.123	43.3333
803.519	42
805.913	42.6667
808.307	44.6667
810.699	42.6667
813.093	44.6667
815.484	46.6667
817.874	46
820.264	45.3333
822.653	46
825.041	42.6667
827.43	46
829.817	46
832.203	42.6667
834.588	44
836.972	48
839.356	47.3333
841.738	48
844.12	48.6667
846.502	49.3333
848.882	50.6667
851.262	50
853.641	54.6667
856.02	56
858.397	55.3333
860.774	62.6667
863.15	62.6667
865.525	64.6667
867.9	75.3333
870.273	88.6667
872.646	103.333
875.019	128.667
877.39	186.667
879.761	250.667
882.131	318.667
884.5	377.333
886.869	338
889.236	294
891.602	202.667
893.968	154.667
896.334	114
898.698	91.3333
901.062	82
903.426	70
905.787	64
908.148	56.6667
910.509	56.6667
912.87	54.6667
915.228	58
917.587	50.6667
919.945	53.3333
922.302	50.6667
924.657	42.6667
927.013	48
929.368	46.6667
931.721	46.6667
934.074	44
936.427	46
938.778	44.6667
941.129	45.3333
943.479	48
945.828	45.3333
948.177	47.3333
950.524	36.6667
952.871	46.6667
955.218	46.6667
957.563	48
959.908	42.6667
962.252	46.6667
964.595	43.3333
966.937	44
969.28	43.3333
971.62	45.3333
973.961	41.3333
976.3	45.3333
978.639	44.6667
980.976	44
983.314	42.6667
985.65	45.3333
987.987	46
990.321	44
992.655	47.3333
994.989	48
997.321	46.6667
999.653	46
1001.98	46.6667
1004.31	44.6667
1006.65	48
1008.97	48.6667
1011.3	51.3333
1013.63	54
1015.96	54.6667
1018.28	52
1020.61	54
1022.93	55.3333
1025.26	54
1027.58	58.6667
1029.9	56.6667
1032.22	63.3333
1034.54	67.3333
1036.86	68
1039.18	76
1041.5	90
1043.82	89.3333
1046.14	107.333
1048.45	124
1050.77	127.333
1053.08	135.333
1055.4	120
1057.71	122
1060.02	106.667
1062.33	102.667
1064.64	90
1066.96	94
1069.27	76.6667
1071.57	74
1073.88	81.3333
1076.19	82
1078.5	81.3333
1080.8	91.3333
1083.11	88.6667
1085.41	100.667
1087.72	106.667
1090.02	108.667
1092.32	134
1094.62	130
1096.92	140
1099.22	132
1101.52	125.333
1103.82	120.667
1106.12	108
1108.42	94
1110.71	92
1113.01	84.6667
1115.3	82.6667
1117.6	80.6667
1119.89	76.6667
1122.18	73.3333
1124.48	70.6667
1126.77	70
1129.06	66
1131.35	68
1133.64	64
1135.93	59.3333
1138.21	56.6667
1140.5	57.3333
1142.79	54.6667
1145.07	52.6667
1147.36	52.6667
1149.64	55.3333
1151.92	52
1154.21	53.3333
1156.49	56
1158.77	51.3333
1161.05	50.6667
1163.33	52.6667
1165.61	47.3333
1167.89	51.3333
1170.16	45.3333
1172.44	48.6667
1174.72	51.3333
1176.99	52.6667
1179.27	46.6667
1181.54	45.3333
1183.81	48
1186.09	46.6667
1188.36	42.6667
1190.63	48
1192.9	48.6667
1195.17	46.6667
1197.44	48
1199.71	48
1201.97	50
1204.24	45.3333
1206.5	48.6667
1208.77	43.3333
1211.03	46.6667
1213.3	48.6667
1215.56	51.3333
1217.82	48.6667
1220.09	52.6667
1222.35	51.3333
1224.61	46.6667
1226.87	50
1229.12	50.6667
1231.38	50.6667
1233.64	54
1235.9	54
1238.15	46.6667
1240.41	52
1242.66	52
1244.92	52.6667
1247.17	58.6667
1249.42	56
1251.67	59.3333
1253.92	59.3333
1256.17	59.3333
1258.42	54
1260.67	61.3333
1262.92	64.6667
1265.17	69.3333
1267.42	74
1269.66	76
1271.91	79.3333
1274.15	89.3333
1276.39	93.3333
1278.64	88.6667
1280.88	91.3333
1283.12	78
1285.36	80.6667
1287.6	74.6667
1289.84	64.6667
1292.08	66
1294.32	60.6667
1296.56	60
1298.79	60
1301.03	60.6667
1303.26	60.6667
1305.5	58.6667
1307.73	62.6667
1309.97	57.3333
1312.2	57.3333
1314.43	60.6667
1316.66	55.3333
1318.89	60.6667
1321.12	57.3333
1323.35	54.6667
1325.58	57.3333
1327.81	56.6667
1330.03	56.6667
1332.26	56.6667
1334.49	53.3333
1336.71	58.6667
1338.94	58.6667
1341.16	53.3333
1343.38	55.3333
1345.6	56
1347.83	61.3333
1350.05	58.6667
1352.27	62
1354.49	53.3333
1356.7	54.6667
1358.92	61.3333
1361.14	62
1363.36	56
1365.57	61.3333
1367.79	62
1370	62.6667
1372.21	61.3333
1374.43	62
1376.64	64.6667
1378.85	64
1381.06	70
1383.27	66
1385.48	68
1387.69	66.6667
1389.9	66
1392.11	68.6667
1394.31	66
1396.52	70
1398.73	65.3333
1400.93	68.6667
1403.13	72.6667
1405.34	71.3333
1407.54	76.6667
1409.74	75.3333
1411.94	68.6667
1414.14	74
1416.34	80.6667
1418.54	78
1420.74	84
1422.94	86
1425.14	84
1427.33	82.6667
1429.53	90
1431.72	92.6667
1433.92	97.3333
1436.11	100
1438.3	108
1440.5	107.333
1442.69	118
1444.88	117.333
1447.07	144
1449.26	150
1451.45	165.333
1453.64	162
1455.82	168.667
1458.01	166.667
1460.2	153.333
1462.38	135.333
1464.57	133.333
1466.75	124.667
1468.93	103.333
1471.12	107.333
1473.3	100
1475.48	97.3333
1477.66	106
1479.84	95.3333
1482.02	102
1484.2	102.667
1486.38	100
1488.55	101.333
1490.73	90.6667
1492.91	88.6667
1495.08	84.6667
1497.26	77.3333
1499.43	72.6667
1501.61	76.6667
1503.78	74
1505.95	73.3333
1508.12	66.6667
1510.29	68
1512.46	67.3333
1514.63	66.6667
1516.8	68
1518.97	64
1521.14	63.3333
1523.3	62.6667
1525.47	58.6667
1527.63	56.6667
1529.8	60.6667
1531.96	59.3333
1534.12	60.6667
1536.29	63.3333
1538.45	59.3333
1540.61	58.6667
1542.77	61.3333
1544.93	58
1547.09	60
1549.25	56.6667
1551.41	50
1553.56	52
1555.72	56
1557.88	60.6667
1560.03	54.6667
1562.18	58
1564.34	55.3333
1566.49	56.6667
1568.64	58
1570.8	55.3333
1572.95	55.3333
1575.1	52.6667
1577.25	54.6667
1579.4	56.6667
1581.55	54
1583.69	55.3333
1585.84	47.3333
1587.99	58
1590.13	57.3333
1592.28	54
1594.42	58
1596.57	52.6667
1598.71	54
1600.85	54
1602.99	52
1605.14	56
1607.28	54.6667
1609.42	55.3333
1611.56	55.3333
1613.69	52.6667
1615.83	56
1617.97	52
1620.11	48.6667
1622.24	54
1624.38	56.6667
1626.51	52
1628.65	56
1630.78	57.3333
1632.91	52
1635.04	55.3333
1637.17	49.3333
1639.31	56
1641.44	52.6667
1643.57	54
1645.69	55.3333
1647.82	48
1649.95	52.6667
1652.08	53.3333
1654.2	49.3333
1656.33	54
1658.45	58
1660.58	55.3333
1662.7	54
1664.82	56
1666.94	50.6667
1669.07	50.6667
1671.19	52.6667
1673.31	53.3333
1675.43	55.3333
1677.55	61.3333
1679.66	50.6667
1681.78	55.3333
1683.9	52.6667
1686.01	53.3333
1688.13	53.3333
1690.25	54.6667
1692.36	52.6667
1694.47	54.6667
1696.59	56
1698.7	56.6667
1700.81	50
1702.92	54
1705.03	55.3333
1707.14	55.3333
1709.25	58
1711.36	58.6667
1713.47	58
1715.58	56
1717.68	56
1719.79	58
1721.89	52.6667
1724	57.3333
1726.1	60
1728.21	58
1730.31	53.3333
1732.41	54
1734.51	51.3333
1736.61	57.3333
1738.71	53.3333
1740.81	52.6667
1742.91	55.3333
1745.01	60
1747.11	58
1749.2	53.3333
1751.3	58
1753.4	53.3333
1755.49	56
1757.59	54
1759.68	54.6667
1761.77	52.6667
1763.86	52
1765.96	51.3333
1768.05	58
1770.14	55.3333
1772.23	48
1774.32	54.6667
1776.41	58.6667
1778.49	54.6667
1780.58	56
1782.67	52.6667
1784.76	52.6667
1786.84	54.6667
1788.92	53.3333
1791.01	60
1793.09	50.6667
1795.18	56.6667
1797.26	56.6667
1799.34	55.3333
1801.42	55.3333
1803.5	58.6667
1805.58	56.6667
1807.66	58
1809.74	53.3333
1811.82	53.3333
1813.89	58.6667
1815.97	56
1818.05	56
1820.12	53.3333
1822.2	56.6667
1824.27	52
1826.34	57.3333
1828.42	57.3333
1830.49	58.6667
1832.56	57.3333
1834.63	55.3333
1836.7	52
1838.77	54.6667
1840.84	56.6667
1842.91	56.6667
1844.98	51.3333
1847.04	52
1849.11	55.3333
1851.18	54
1853.24	62
1855.31	54
1857.37	50.6667
1859.43	52.6667
1861.5	56.6667
1863.56	54
1865.62	51.3333
1867.68	52.6667
1869.74	58.6667
1871.8	51.3333
1873.86	46.6667
1875.92	54.6667
1877.98	54
1880.03	56
1882.09	52
1884.15	56.6667
1886.2	56
1888.26	56.6667
1890.31	55.3333
1892.36	56.6667
1894.42	54.6667
1896.47	54
1898.52	50.6667
1900.57	56.6667
1902.62	55.3333
1904.67	56.6667
1906.72	56
1908.77	56
1910.82	56
1912.86	56
1914.91	60
1916.96	51.3333
1919	53.3333
1921.04	58
1923.09	56
1925.13	54.6667
1927.18	58.6667
1929.22	56.6667
1931.26	58.6667
1933.3	58.6667
1935.34	58
1937.38	56.6667
1939.42	54.6667
1941.46	61.3333
1943.5	53.3333
1945.53	63.3333
1947.57	59.3333
1949.61	60.6667
1951.64	56
1953.68	56.6667
1955.71	64
1957.75	54
1959.78	55.3333
1961.81	59.3333
1963.84	56.6667
1965.87	58
1967.9	58
1969.93	57.3333
1971.96	55.3333
1973.99	56.6667
1976.02	59.3333
1978.05	52.6667
1980.07	59.3333
1982.1	59.3333
1984.13	58
1986.15	58
1988.18	58.6667
1990.2	54.6667
1992.22	60.6667
1994.25	62.6667
1996.27	58.6667
1998.29	56
2000.31	57.3333
2002.33	54
2004.35	57.3333
2006.37	56
2008.39	53.3333
2010.41	56
2012.42	56.6667
2014.44	58
2016.46	54
2018.47	58.6667
2020.49	54.6667
2022.5	56.6667
2024.51	60
2026.53	57.3333
2028.54	56
2030.55	58
2032.56	56
2034.57	54.6667
2036.58	60.6667
2038.59	60
2040.6	56
2042.61	55.3333
2044.62	58
2046.62	59.3333
2048.63	60
2050.64	60.6667
2052.64	58.6667
2054.65	59.3333
2056.65	54
2058.65	53.3333
2060.66	54
2062.66	58.6667
2064.66	62.6667
2066.66	56.6667
2068.66	58
2070.66	59.3333
2072.66	59.3333
2074.66	57.3333
2076.66	56.6667
2078.65	58
2080.65	56
2082.65	62
2084.64	59.3333
2086.64	54.6667
2088.63	62.6667
2090.63	58.6667
2092.62	58.6667
2094.61	58.6667
2096.6	63.3333
2098.59	60.6667
2100.59	62.6667
2102.58	56.6667
2104.56	60
2106.55	58.6667
2108.54	59.3333
2110.53	58
2112.52	60
2114.5	59.3333
2116.49	60.6667
2118.48	64
2120.46	58.6667
2122.44	62
2124.43	46
2126.41	63.3333
2128.39	59.3333
2130.38	58
2132.36	60
2134.34	61.3333
2136.32	60
2138.3	58
2140.28	61.3333
2142.26	56.6667
2144.23	63.3333
2146.21	60
2148.19	59.3333
2150.16	54.6667
2152.14	56
2154.11	64
2156.09	61.3333
2158.06	60
2160.04	62.6667
2162.01	62
2163.98	59.3333
2165.95	62
2167.92	61.3333
2169.89	62
2171.86	56.6667
2173.83	60
2175.8	62.6667
2177.77	62.6667
2179.73	58.6667
2181.7	60.6667
2183.67	57.3333
2185.63	56.6667
2187.6	63.3333
2189.56	60
2191.53	58
2193.49	63.3333
2195.45	63.3333
2197.41	64.6667
2199.37	62
2201.34	59.3333
2203.29	61.3333
2205.26	64
2207.21	56
2209.17	60.6667
2211.13	68.6667
2213.09	62
2215.05	64
2217	55.3333
2218.96	64
2220.91	63.3333
2222.87	62
2224.82	66
2226.77	64
2228.73	62.6667
2230.68	63.3333
2232.63	62
2234.58	60.6667
2236.53	62
2238.48	67.3333
2240.43	59.3333
2242.38	62
2244.33	58
2246.27	64
2248.22	63.3333
2250.17	61.3333
2252.11	67.3333
2254.06	63.3333
2256	68
2257.95	63.3333
2259.89	64
2261.84	62.6667
2263.78	64.6667
2265.72	61.3333
2267.66	57.3333
2269.6	61.3333
2271.54	60.6667
2273.48	67.3333
2275.42	67.3333
2277.36	60
2279.3	68
2281.23	62.6667
2283.17	63.3333
2285.11	62
2287.04	65.3333
2288.98	64.6667
2290.91	56.6667
2292.84	58.6667
2294.78	68.6667
2296.71	56.6667
2298.64	69.3333
2300.57	62.6667
2302.51	64.6667
2304.44	63.3333
2306.37	63.3333
2308.29	63.3333
2310.22	62.6667
2312.15	66.6667
2314.08	60
2316.01	62
2317.93	63.3333
2319.86	64
2321.78	60
2323.71	63.3333
2325.63	63.3333
2327.56	63.3333
2329.48	57.3333
2331.4	65.3333
2333.32	66
2335.25	61.3333
2337.17	59.3333
2339.09	63.3333
2341.01	67.3333
2342.92	59.3333
2344.84	62.6667
2346.76	64
2348.68	62.6667
2350.6	61.3333
2352.51	66
2354.43	59.3333
2356.34	62
2358.26	66.6667
2360.17	58
2362.09	60
2364	58
2365.91	60.6667
2367.82	68.6667
2369.73	63.3333
2371.64	61.3333
2373.55	64.6667
2375.46	61.3333
2377.37	63.3333
2379.28	63.3333
2381.19	62.6667
2383.1	62.6667
2385	66.6667
2386.91	64
2388.82	58.6667
2390.72	62.6667
2392.62	60.6667
2394.53	66.6667
2396.43	67.3333
2398.33	68
2400.24	66.6667
2402.14	63.3333
2404.04	65.3333
2405.94	61.3333
2407.84	62.6667
2409.74	60.6667
2411.64	68
2413.54	64
2415.44	64
2417.33	66
2419.23	62
2421.13	62
2423.02	64.6667
2424.92	62.6667
2426.81	60.6667
2428.71	67.3333
2430.6	60.6667
2432.49	63.3333
2434.38	64.6667
2436.28	64.6667
2438.17	62.6667
2440.06	64.6667
2441.95	65.3333
2443.84	67.3333
2445.73	65.3333
