186.85	407.111
189.449	409.556
192.047	414.889
194.645	416.667
197.241	410.667
199.837	409.333
202.431	414.222
205.025	405.333
207.619	402.889
210.21	405.333
212.802	408.889
215.392	414
217.982	403.556
220.57	406.444
223.158	412.444
225.744	410.222
228.331	424
230.915	416.444
233.5	421.556
236.083	418
238.666	419.111
241.247	424.444
243.827	416.444
246.408	437.111
248.986	418
251.565	422.222
254.142	431.333
256.719	426
259.294	433.333
261.868	434.667
264.443	423.556
267.015	424.667
269.587	422.889
272.159	416.444
274.729	425.778
277.298	407.333
279.867	416.444
282.435	413.333
285.001	414.667
287.568	414.444
290.133	411.556
292.697	422.222
295.26	419.778
297.824	413.778
300.385	418
302.945	415.111
305.505	420
308.064	420.222
310.623	431.111
313.18	417.556
315.737	432.444
318.292	431.111
320.847	435.111
323.402	442
325.955	436.667
328.507	442
331.058	446
333.609	450.444
336.158	438
338.707	442.889
341.255	437.778
343.802	462.222
346.349	458.444
348.895	458.667
351.439	458.667
353.983	451.778
356.526	463.333
359.068	459.556
361.609	464.889
364.149	465.556
366.689	462.444
369.227	459.333
371.765	462.889
374.302	471.333
376.838	469.333
379.374	488.667
381.908	493.111
384.442	482
386.973	460.667
389.505	447.333
392.036	435.111
394.567	447.556
397.096	444.889
399.625	444.667
402.153	456.667
404.68	447.111
407.206	455.778
409.73	457.778
412.254	452.222
414.778	447.778
417.301	453.111
419.823	449.111
422.343	445.778
424.863	462.667
427.383	463.111
429.901	452
432.418	473.778
434.935	486.222
437.451	488.889
439.966	485.333
442.48	476.222
444.993	462.667
447.506	460.667
450.019	462.222
452.528	462.444
455.039	462.444
457.549	472.889
460.056	479.111
462.564	464.444
465.07	466.444
467.576	451.111
470.082	456
472.585	457.111
475.089	466.667
477.591	459.111
480.093	449.333
482.595	458.667
485.094	450.444
487.594	468
490.091	470.444
492.59	467.111
495.086	480.222
497.582	464.667
500.076	463.778
502.571	471.111
505.064	454.444
507.558	455.111
510.049	462.667
512.54	467.333
515.03	476.667
517.518	472
520.008	480.222
522.495	473.111
524.983	470.667
527.468	448.667
529.954	462.889
532.438	458.444
534.921	450.444
537.404	454.889
539.886	446.667
542.366	446
544.848	457.778
547.327	464.667
549.805	462.444
552.284	459.778
554.76	465.111
557.236	455.111
559.711	457.778
562.186	459.556
564.66	460.444
567.132	451.778
569.604	456
572.076	461.778
574.547	458.667
577.016	483.111
579.484	488.889
581.952	498.667
584.419	498.444
586.887	491.111
589.352	490.889
591.816	465.778
594.28	467.556
596.743	460
599.205	453.111
601.667	452.444
604.127	456.667
606.588	462.444
609.047	450.444
611.505	458.667
613.963	462.222
616.419	450.222
618.875	456.667
621.33	463.111
623.784	460.444
626.238	465.778
628.69	468.667
631.142	466.889
633.593	455.556
636.043	462.667
638.493	462.667
640.941	464.222
643.389	474.444
645.835	467.556
648.281	455.778
650.727	451.333
653.171	456.222
655.615	454.444
658.058	455.778
660.501	460.889
662.942	444.444
665.382	448
667.822	458.444
670.261	441.556
672.699	458.222
675.137	445.778
677.574	448.444
680.008	453.778
682.443	458
684.878	448
687.312	460.444
689.743	450.444
692.175	459.556
694.607	448.222
697.037	461.111
699.466	450.889
701.895	451.333
704.323	462.667
706.749	454.889
709.175	454.444
711.601	458
714.025	458.667
716.449	455.556
718.871	461.556
721.294	454.889
723.716	444.889
726.136	461.333
728.556	452
730.975	442.222
733.394	457.333
735.812	454.444
738.228	446.222
740.644	449.778
743.058	437.333
745.473	447.778
747.886	452.889
750.3	456.444
752.711	445.556
755.123	444.222
757.533	432.889
759.942	446.222
762.351	452.222
764.759	452.667
767.167	448
769.573	446
771.979	450.222
774.383	452
776.787	465.778
779.191	462.889
781.593	452.444
783.994	456
786.396	462.444
788.796	456.444
791.195	456.444
793.595	454.889
795.992	445.556
798.389	457.778
800.786	445.778
803.181	442.889
805.576	440.222
807.969	451.333
810.363	448.222
812.755	446.889
815.147	442.444
817.537	438.222
819.927	451.778
822.318	444
824.706	444.444
827.093	446.222
829.48	437.333
831.866	446.222
834.251	449.333
836.636	444.667
839.021	442
841.404	447.111
843.786	431.556
846.167	434.667
848.548	443.556
850.928	443.111
853.307	442.222
855.685	439.333
858.063	442.889
860.44	444.889
862.816	435.111
865.192	447.556
867.566	436.667
869.94	436.667
872.313	440.889
874.685	451.778
877.057	438.667
879.428	434.667
881.798	450.222
884.167	444.667
886.536	440.222
888.902	447.111
891.269	448.889
893.636	448.889
896.001	442
898.366	452.444
900.73	453.778
903.094	452.222
905.455	444.444
907.817	446.222
910.178	444.222
912.538	441.333
914.898	439.556
917.255	439.111
919.613	446.667
921.971	437.556
924.327	437.333
926.682	435.333
929.037	436.444
931.391	444.444
933.744	427.778
936.096	440.889
938.449	437.333
940.799	428
943.149	433.556
945.499	437.111
947.847	430.889
950.195	426.667
952.542	428.889
954.889	430.889
957.235	451.111
959.579	438.667
961.924	431.333
964.266	437.333
966.609	448.667
968.951	448.222
971.292	442.222
973.632	441.333
975.972	439.556
978.31	444
980.649	444
982.986	440.444
985.323	440.889
987.659	440
989.994	446.889
992.328	447.778
994.662	453.778
996.995	457.333
999.326	452
1001.66	446
1003.99	438
1006.32	447.556
1008.65	447.333
1010.98	448.444
1013.3	450.667
1015.63	446.667
1017.96	437.556
1020.28	447.556
1022.61	444.889
1024.93	438.667
1027.25	448
1029.58	444
1031.9	441.778
1034.22	451.333
1036.54	450.667
1038.86	457.111
1041.18	452.667
1043.49	448
1045.81	458.444
1048.13	467.111
1050.44	462.667
1052.76	468
1055.07	478.222
1057.39	473.556
1059.7	480.444
1062.01	487.111
1064.32	491.778
1066.63	530.444
1068.94	557.333
1071.25	596
1073.56	651.333
1075.87	697.778
1078.17	723.333
1080.48	732.889
1082.79	712
1085.09	670.667
1087.39	627.111
1089.7	587.333
1092	574.444
1094.3	599.556
1096.6	572
1098.9	552.889
1101.2	524.667
1103.5	515.333
1105.8	506.889
1108.1	497.556
1110.39	482.222
1112.69	490.889
1114.98	500.889
1117.28	515.333
1119.57	513.333
1121.86	513.556
1124.16	508.667
1126.45	507.556
1128.74	482.889
1131.03	474.889
1133.32	479.333
1135.61	464.222
1137.89	464.667
1140.18	458
1142.47	455.778
1144.75	461.778
1147.04	466.222
1149.32	457.333
1151.61	464.889
1153.89	457.778
1156.17	460.889
1158.45	459.556
1160.73	454.444
1163.01	455.556
1165.29	454.667
1167.57	441.778
1169.85	461.333
1172.12	468.667
1174.4	484.222
1176.68	524.222
1178.95	547.111
1181.22	559.111
1183.5	540.667
1185.77	517.556
1188.04	494
1190.31	466.667
1192.58	462.889
1194.85	454
1197.12	463.111
1199.39	463.111
1201.66	471.556
1203.92	468.889
1206.19	454.667
1208.45	443.333
1210.72	434.667
1212.98	429.556
1215.25	434.667
1217.51	432.222
1219.77	438
1222.03	429.111
1224.29	430.222
1226.55	430.222
1228.81	434.889
1231.07	430.667
1233.33	433.111
1235.58	438
1237.84	431.333
1240.09	432.444
1242.35	430.889
1244.6	438
1246.86	434.222
1249.11	430
1251.36	436
1253.61	436
1255.86	424
1258.11	431.333
1260.36	440.667
1262.61	438.889
1264.86	440.222
1267.1	435.778
1269.35	428.889
1271.6	441.111
1273.84	434.222
1276.08	446.444
1278.33	441.111
1280.57	446.667
1282.81	445.778
1285.05	436.889
1287.29	440
1289.53	434
1291.77	438.889
1294.01	447.333
1296.25	434
1298.48	441.333
1300.72	435.556
1302.96	434
1305.19	442.667
1307.42	430.889
1309.66	435.333
1311.89	434
1314.12	434
1316.35	438.889
1318.58	439.556
1320.81	432.667
1323.04	434.667
1325.27	446.444
1327.5	437.333
1329.73	435.778
1331.95	444
1334.18	441.111
1336.4	452.889
1338.63	451.778
1340.85	449.111
1343.08	447.111
1345.3	451.778
1347.52	434.889
1349.74	436.222
1351.96	437.111
1354.18	452.222
1356.4	432.444
1358.61	442.889
1360.83	435.556
1363.05	445.333
1365.27	448.667
1367.48	447.111
1369.69	446.444
1371.91	456.667
1374.12	468.667
1376.33	460
1378.55	474.444
1380.76	477.556
1382.97	474
1385.18	462.667
1387.39	460.444
1389.59	448.444
1391.8	443.556
1394.01	441.778
1396.21	443.778
1398.42	438.667
1400.63	442
1402.83	438.222
1405.03	433.556
1407.24	447.778
1409.44	442
1411.64	450
1413.84	440
1416.04	438.444
1418.24	442.222
1420.44	424.667
1422.64	431.333
1424.83	422.889
1427.03	420.889
1429.23	417.778
1431.42	418.444
1433.62	414.667
1435.81	424.222
1438	428.222
1440.19	421.333
1442.39	418.444
1444.58	421.111
1446.77	419.333
1448.96	423.556
1451.15	426.222
1453.34	428.889
1455.52	423.333
1457.71	417.556
1459.9	424.222
1462.08	423.556
1464.27	420.444
1466.45	427.778
1468.64	432.222
1470.82	437.333
1473	441.333
1475.18	439.111
1477.36	435.111
1479.54	426.444
1481.72	433.778
1483.9	426.222
1486.08	429.111
1488.26	406.667
1490.43	407.556
1492.61	409.778
1494.78	413.333
1496.96	407.333
1499.13	416.889
1501.31	416.222
1503.48	412.222
1505.65	418.889
1507.82	421.556
1509.99	413.778
1512.16	420.889
1514.33	418.667
1516.5	414
1518.67	413.333
1520.84	413.111
1523	412.444
1525.17	411.556
1527.34	403.778
1529.5	410.444
1531.66	411.556
1533.83	412.889
1535.99	411.778
1538.15	402.222
1540.31	413.778
1542.47	410.444
1544.63	406.889
1546.79	413.778
1548.95	418
1551.11	413.111
1553.27	424
1555.42	408.667
1557.58	413.778
1559.73	415.111
1561.89	413.778
1564.04	424
1566.2	431.333
1568.35	444
1570.5	450.667
1572.65	463.111
1574.8	478.889
1576.95	495.778
1579.1	539.778
1581.25	586.889
1583.4	641.778
1585.55	714
1587.69	780.222
1589.84	779.333
1591.99	749.778
1594.13	652.667
1596.27	590.667
1598.42	532.222
1600.56	490
1602.7	469.556
1604.84	448.667
1606.98	441.111
1609.12	431.111
1611.26	409.111
1613.4	410.222
1615.54	408.444
1617.68	403.556
1619.81	403.556
1621.95	401.111
1624.08	390.667
1626.22	396
1628.35	398.889
1630.49	397.556
1632.62	381.333
1634.75	397.778
1636.88	390.444
1639.01	395.778
1641.14	388
1643.27	389.333
1645.4	380.444
1647.53	386.667
1649.66	380
1651.79	390.444
1653.91	385.111
1656.04	378.667
1658.16	376
1660.29	376.889
1662.41	387.556
1664.53	386.667
1666.66	381.111
1668.78	376.889
1670.9	383.333
1673.02	377.111
1675.14	372.889
1677.26	380.444
1679.38	379.556
1681.49	376
1683.61	379.333
1685.73	374.667
1687.84	373.333
1689.96	370.667
1692.07	376.889
1694.19	381.111
1696.3	381.333
1698.41	372.444
1700.52	373.556
1702.64	375.556
1704.75	368
1706.86	372.444
1708.97	372.889
1711.07	374
1713.18	368.222
1715.29	372.444
1717.4	371.333
1719.5	366.667
1721.61	378.444
1723.71	362.667
1725.82	360.889
1727.92	372
1730.02	362.667
1732.12	371.556
1734.23	363.556
1736.33	366.889
1738.43	365.333
1740.53	364.444
1742.63	357.778
1744.72	359.556
1746.82	362.889
1748.92	359.556
1751.02	360
1753.11	353.556
1755.21	368.667
1757.3	346.667
1759.4	359.333
1761.49	358.222
1763.58	349.778
1765.67	356.444
1767.76	351.111
1769.86	351.556
1771.95	355.778
1774.03	354.444
1776.12	348.667
1778.21	352.889
1780.3	353.111
1782.39	366
1784.47	349.778
1786.56	356.667
1788.64	356.889
1790.73	347.556
1792.81	352.889
1794.89	345.778
1796.98	351.111
1799.06	350
1801.14	353.333
1803.22	357.333
1805.3	351.556
1807.38	345.556
1809.46	357.556
1811.54	340.667
1813.61	347.333
1815.69	344.444
1817.77	345.556
1819.84	363.333
1821.92	342.444
1823.99	348
1826.06	344.667
1828.14	347.556
1830.21	348.889
1832.28	346.667
1834.35	334.667
1836.42	344.889
1838.49	342.222
1840.56	336.889
1842.63	346.889
1844.7	343.778
1846.77	336
1848.83	342
1850.9	332.222
1852.96	344.667
1855.03	338.444
1857.09	336.889
1859.15	335.778
1861.22	337.333
1863.28	333.333
1865.34	347.111
1867.4	344
1869.46	337.333
1871.52	336.667
1873.58	340.667
1875.64	338.889
1877.7	333.333
1879.76	329.333
1881.81	337.333
1883.87	330.444
1885.92	330.222
1887.98	336.889
1890.03	333.778
1892.09	331.333
1894.14	342.444
1896.19	332.667
1898.24	326.444
1900.29	335.333
1902.34	330.222
1904.4	333.556
1906.44	338.667
1908.49	339.778
1910.54	334
1912.59	323.778
1914.63	334.444
1916.68	333.111
1918.73	340.889
1920.77	326.667
1922.81	324.667
1924.86	334
1926.9	334.222
1928.94	327.111
1930.99	334.889
1933.03	330.667
1935.07	330.444
1937.11	325.333
1939.15	334.444
1941.19	328.667
1943.22	324.667
1945.26	323.778
1947.3	320.222
1949.33	318.667
1951.37	324.889
1953.4	325.111
1955.44	321.111
1957.47	322.444
1959.51	316.222
1961.54	319.556
1963.57	324
1965.6	318.889
1967.63	317.333
1969.66	316.667
1971.69	310
1973.72	314
1975.75	323.111
1977.78	312.889
1979.8	311.778
1981.83	310
1983.86	322.222
1985.88	314.444
1987.91	312.222
1989.93	316.889
1991.95	318.444
1993.98	310.444
1996	317.778
1998.02	311.778
2000.04	313.778
2002.06	312
2004.08	311.556
2006.1	306
2008.12	320
2010.14	307.556
2012.15	315.556
2014.17	321.333
2016.19	318.889
2018.2	310
2020.22	310.667
2022.23	314.222
2024.25	314.444
2026.26	309.556
2028.27	319.333
2030.28	310.222
2032.29	310.444
2034.3	311.111
2036.32	315.111
2038.32	306.889
2040.33	301.111
2042.34	319.111
2044.35	306.222
2046.36	307.111
2048.36	305.556
2050.37	305.333
2052.37	302.444
2054.38	307.111
2056.38	308.667
2058.39	314.444
2060.39	300.667
2062.39	306.889
2064.39	301.111
2066.39	301.111
2068.39	299.556
2070.39	301.556
2072.39	299.333
2074.39	300.222
2076.39	295.556
2078.39	305.111
2080.39	293.111
2082.38	307.778
2084.38	299.556
2086.37	302
2088.37	303.333
2090.36	305.778
2092.35	302
2094.35	296.889
2096.34	300.667
2098.33	296.889
2100.32	291.556
2102.31	307.778
2104.3	293.556
2106.29	301.111
2108.28	292.444
2110.27	293.111
2112.25	292.222
2114.24	288.889
2116.23	292.444
2118.21	290
2120.2	297.333
2122.18	290
2124.17	300.222
2126.15	293.556
2128.13	292.222
2130.11	290.222
2132.09	291.111
2134.08	290.889
2136.06	296.667
2138.04	298
2140.02	291.778
2141.99	285.333
2143.97	287.333
2145.95	294.667
2147.93	291.333
2149.9	290.889
2151.88	291.556
2153.85	278.667
2155.83	291.556
2157.8	283.333
2159.77	284.444
2161.75	285.778
2163.72	295.333
2165.69	274.889
2167.66	281.556
2169.63	289.333
2171.6	292.444
2173.57	285.778
2175.54	270.444
2177.51	289.333
2179.47	283.333
2181.44	282.222
2183.41	290.889
2185.37	280.667
2187.34	282.667
2189.3	272.889
2191.27	278.222
2193.23	281.556
2195.19	287.333
2197.15	282
2199.11	275.111
2201.08	283.556
2203.04	279.333
2205	283.556
2206.96	290
2208.91	278.444
2210.87	287.778
2212.83	284.667
2214.79	297.111
2216.74	301.778
2218.7	312
2220.65	331.556
2222.61	356.444
2224.56	396
2226.52	414
2228.47	446.667
2230.42	447.333
2232.37	445.556
2234.32	422
2236.27	390
2238.22	366.667
2240.17	332.222
2242.12	312.889
2244.07	308.889
2246.02	297.778
2247.97	287.556
2249.91	288.667
2251.86	283.333
2253.8	270.889
2255.75	275.111
2257.69	276.444
2259.64	265.556
2261.58	271.333
2263.52	273.111
2265.46	260.222
2267.4	261.556
2269.35	265.111
2271.29	257.333
2273.23	260.667
2275.16	264.222
2277.1	257.556
2279.04	268.444
2280.98	260.222
2282.92	260.667
2284.85	250.222
2286.79	252.444
2288.72	260
2290.66	262.222
2292.59	257.778
2294.52	249.333
2296.46	256
2298.39	251.556
2300.32	253.111
2302.25	249.556
2304.18	256.222
2306.11	252
2308.04	252.444
2309.97	255.778
2311.9	245.556
2313.83	258.222
2315.75	257.111
2317.68	254
2319.61	252.667
2321.53	256.667
2323.46	254.889
2325.38	254.667
2327.3	259.111
2329.23	256
2331.15	250
2333.07	245.333
2334.99	255.333
2336.91	252.444
2338.83	250.889
2340.75	250
2342.67	247.111
2344.59	249.778
2346.51	248.444
2348.43	250.889
2350.35	246.889
2352.26	249.333
2354.18	246.444
2356.09	247.778
2358.01	246.222
2359.92	248.444
2361.83	244.667
2363.75	240.444
2365.66	251.556
2367.57	248.444
2369.48	240
2371.39	240.222
2373.31	240.444
2375.21	242
2377.12	246.444
2379.03	234.889
2380.94	242.222
2382.85	238.667
2384.76	246.889
2386.66	236.222
2388.57	236.667
2390.47	236
2392.38	233.111
2394.28	236.222
2396.18	233.556
2398.09	235.556
2399.99	244.222
2401.89	238.444
2403.79	238.667
2405.69	238.889
2407.59	234
2409.49	237.556
2411.39	240.444
2413.29	238.667
2415.19	234.667
2417.09	224.444
2418.98	232.444
2420.88	237.556
2422.78	232.667
2424.67	226.889
2426.57	228.667
2428.46	232.889
2430.35	230.667
2432.25	227.778
2434.14	234.444
2436.03	234.889
2437.92	232.889
2439.81	232.444
2441.7	235.111
2443.59	223.111
2445.48	228.222
2447.37	231.333
2449.26	227.333
2451.15	231.778
2453.03	222.444
