186.85	573.778
189.449	586.889
192.047	583.333
194.645	570.444
197.241	577.333
199.837	576.222
202.431	583.778
205.025	580.889
207.619	590.667
210.21	573.111
212.802	575.333
215.392	580.444
217.982	565.778
220.57	578.667
223.158	589.333
225.744	583.556
228.331	574.667
230.915	589.333
233.5	589.111
236.083	592.444
238.666	591.111
241.247	598.444
243.827	602
246.408	608.444
248.986	596
251.565	597.111
254.142	598.444
256.719	598.444
259.294	603.333
261.868	582
264.443	583.111
267.015	584
269.587	576.889
272.159	568.444
274.729	574.222
277.298	566.667
279.867	568
282.435	556.889
285.001	562.667
287.568	553.333
290.133	569.333
292.697	558.667
295.26	547.111
297.824	550
300.385	548.222
302.945	560.222
305.505	547.111
308.064	559.333
310.623	547.333
313.18	559.111
315.737	552
318.292	555.333
320.847	555.556
323.402	564.889
325.955	562
328.507	568
331.058	569.333
333.609	567.556
336.158	573.111
338.707	569.111
341.255	567.778
343.802	577.333
346.349	594.222
348.895	575.333
351.439	586.222
353.983	600.667
356.526	595.333
359.068	589.556
361.609	610.444
364.149	607.778
366.689	590.889
369.227	590.889
371.765	586.889
374.302	591.111
376.838	598.667
379.374	610
381.908	608.889
384.442	596
386.973	582.222
389.505	573.778
392.036	575.556
394.567	574.889
397.096	573.556
399.625	571.111
402.153	583.333
404.68	575.333
407.206	586.667
409.73	577.778
412.254	586.444
414.778	589.111
417.301	579.333
419.823	586.889
422.343	578.667
424.863	581.778
427.383	574.889
429.901	579.778
432.418	593.778
434.935	606.444
437.451	612.222
439.966	609.111
442.48	609.333
444.993	602
447.506	614.889
450.019	599.111
452.528	613.333
455.039	596.667
457.549	611.111
460.056	609.778
462.564	608.889
465.07	603.333
467.576	588
470.082	590.444
472.585	589.111
475.089	598.889
477.591	596.444
480.093	589.111
482.595	597.111
485.094	603.778
487.594	598.444
490.091	614
492.59	612.222
495.086	610
497.582	613.111
500.076	596.444
502.571	612
505.064	592.444
507.558	615.111
510.049	603.556
512.54	615.556
515.03	619.556
517.518	624.444
520.008	631.333
522.495	623.333
524.983	630.444
527.468	614.222
529.954	618.889
532.438	624
534.921	613.778
537.404	619.555
539.886	612.889
542.366	612.444
544.848	594
547.327	611.333
549.805	606.889
552.284	602.222
554.76	609.556
557.236	600
559.711	584.667
562.186	597.333
564.66	594
567.132	599.333
569.604	603.111
572.076	604.444
574.547	613.111
577.016	631.111
579.484	648
581.952	670.444
584.419	676.445
586.887	660
589.352	638.444
591.816	621.333
594.28	612.667
596.743	596.667
599.205	586
601.667	582.667
604.127	592.889
606.588	578
609.047	592.444
611.505	588.889
613.963	588.222
616.419	582.667
618.875	585.778
621.33	594.222
623.784	594.222
626.238	596.889
628.69	599.555
631.142	598.444
633.593	596.667
636.043	594.667
638.493	599.111
640.941	599.778
643.389	599.555
645.835	595.556
648.281	595.556
650.727	602.889
653.171	578.889
655.615	593.778
658.058	596
660.501	585.111
662.942	584
665.382	588.667
667.822	583.555
670.261	587.556
672.699	594.222
675.137	584.444
677.574	601.555
680.008	600.444
682.443	579.556
684.878	591.333
687.312	596
689.743	595.111
692.175	594.222
694.607	597.333
697.037	594.667
699.466	593.333
701.895	597.333
704.323	593.556
706.749	611.556
709.175	597.333
711.601	592.889
714.025	587.333
716.449	600
718.871	592.222
721.294	600
723.716	586.889
726.136	600.889
728.556	584.667
730.975	592.222
733.394	590.222
735.812	588.889
738.228	581.333
740.644	576.667
743.058	581.111
745.473	572.222
747.886	573.556
750.3	577.333
752.711	576.444
755.123	574.444
757.533	582.667
759.942	576.222
762.351	580
764.759	573.111
767.167	583.333
769.573	583.555
771.979	582.444
774.383	589.556
776.787	596.445
779.191	612.222
781.593	609.778
783.994	593.556
786.396	590
788.796	585.333
791.195	585.778
793.595	584.667
795.992	587.333
798.389	584.222
800.786	591.778
803.181	591.333
805.576	583.333
807.969	575.556
810.363	580.444
812.755	573.111
815.147	584
817.537	580
819.927	578.667
822.318	588.222
824.706	579.556
827.093	594.667
829.48	580.889
831.866	570
834.251	577.111
836.636	591.333
839.021	583.111
841.404	585.111
843.786	579.333
846.167	578
848.548	582.444
850.928	576.222
853.307	573.556
855.685	578.889
858.063	582.444
860.44	582.667
862.816	577.556
865.192	570.222
867.566	582.444
869.94	579.556
872.313	580.222
874.685	567.111
877.057	570.444
879.428	567.333
881.798	583.111
884.167	579.556
886.536	584
888.902	590.444
891.269	584.667
893.636	590.889
896.001	582.444
898.366	579.556
900.73	577.556
903.094	592.889
905.455	580
907.817	580.222
910.178	568.889
912.538	563.111
914.898	570
917.255	563.333
919.613	570.889
921.971	570.667
924.327	574.444
926.682	564.667
929.037	575.778
931.391	568.444
933.744	562.889
936.096	572.889
938.449	568.444
940.799	567.111
943.149	574.889
945.499	564.667
947.847	570.222
950.195	576.667
952.542	571.333
954.889	568.222
957.235	577.556
959.579	577.556
961.924	572
964.266	578.444
966.609	580.889
968.951	567.333
971.292	573.111
973.632	573.778
975.972	577.556
978.31	573.333
980.649	582.667
982.986	578.889
985.323	583.556
987.659	585.111
989.994	584.222
992.328	587.111
994.662	594.222
996.995	603.111
999.326	601.556
1001.66	597.333
1003.99	592.667
1006.32	588.667
1008.65	588.667
1010.98	601.556
1013.3	603.778
1015.63	599.111
1017.96	597.556
1020.28	599.333
1022.61	584.222
1024.93	594
1027.25	592
1029.58	603.333
1031.9	594.667
1034.22	606
1036.54	601.333
1038.86	602
1041.18	602.667
1043.49	614.444
1045.81	614.444
1048.13	628.444
1050.44	634.444
1052.76	646
1055.07	662
1057.39	656
1059.7	679.111
1062.01	707.555
1064.32	736
1066.63	800.444
1068.94	877.778
1071.25	987.556
1073.56	1094
1075.87	1191.78
1078.17	1258.22
1080.48	1262.89
1082.79	1205.33
1085.09	1122.67
1087.39	995.333
1089.7	884.444
1092	830.889
1094.3	790.667
1096.6	771.556
1098.9	739.111
1101.2	714.889
1103.5	689.111
1105.8	679.556
1108.1	652.222
1110.39	648.889
1112.69	656
1114.98	658.889
1117.28	650.444
1119.57	658
1121.86	663.333
1124.16	663.778
1126.45	648.444
1128.74	645.556
1131.03	632.889
1133.32	621.556
1135.61	617.556
1137.89	618.222
1140.18	605.333
1142.47	605.556
1144.75	622.444
1147.04	610.222
1149.32	627.111
1151.61	621.556
1153.89	628.222
1156.17	628
1158.45	629.556
1160.73	631.556
1163.01	631.778
1165.29	634.444
1167.57	642.444
1169.85	658
1172.12	680.667
1174.4	756.889
1176.68	829.333
1178.95	876
1181.22	898.667
1183.5	859.111
1185.77	796.222
1188.04	736.444
1190.31	711.111
1192.58	694
1194.85	669.333
1197.12	682.444
1199.39	677.111
1201.66	684.889
1203.92	669.111
1206.19	653.556
1208.45	631.556
1210.72	615.778
1212.98	615.333
1215.25	612
1217.51	610
1219.77	613.778
1222.03	611.778
1224.29	629.333
1226.55	626.222
1228.81	625.778
1231.07	645.111
1233.33	644.667
1235.58	638.667
1237.84	652.889
1240.09	642.889
1242.35	645.778
1244.6	645.111
1246.86	636.222
1249.11	636.667
1251.36	637.778
1253.61	625.556
1255.86	635.778
1258.11	622.889
1260.36	643.111
1262.61	626.889
1264.86	630.222
1267.1	634.667
1269.35	629.556
1271.6	627.333
1273.84	618
1276.08	636.222
1278.33	629.778
1280.57	631.111
1282.81	618.889
1285.05	636.889
1287.29	634.222
1289.53	648.444
1291.77	634.444
1294.01	624.889
1296.25	644.667
1298.48	632.667
1300.72	640
1302.96	630.889
1305.19	639.111
1307.42	622.889
1309.66	648.667
1311.89	649.778
1314.12	651.556
1316.35	648.667
1318.58	649.111
1320.81	654.222
1323.04	645.555
1325.27	631.333
1327.5	630.889
1329.73	636
1331.95	641.556
1334.18	630.889
1336.4	638
1338.63	646
1340.85	636.667
1343.08	646
1345.3	628.889
1347.52	637.333
1349.74	633.333
1351.96	646
1354.18	626.667
1356.4	624.667
1358.61	638
1360.83	640.667
1363.05	639.333
1365.27	650.889
1367.48	647.778
1369.69	642.444
1371.91	657.111
1374.12	664.222
1376.33	668
1378.55	679.556
1380.76	683.556
1382.97	685.555
1385.18	676.889
1387.39	676.667
1389.59	683.333
1391.8	679.333
1394.01	685.556
1396.21	696
1398.42	669.333
1400.63	683.778
1402.83	683.333
1405.03	668.445
1407.24	670.222
1409.44	674.667
1411.64	677.333
1413.84	674
1416.04	676.222
1418.24	664.889
1420.44	666
1422.64	655.333
1424.83	634.222
1427.03	660.222
1429.23	646.445
1431.42	648.444
1433.62	641.556
1435.81	630.222
1438	656
1440.19	623.111
1442.39	650.444
1444.58	632.889
1446.77	641.556
1448.96	640.889
1451.15	646.444
1453.34	640.444
1455.52	662.444
1457.71	645.556
1459.9	653.778
1462.08	666.667
1464.27	672.444
1466.45	666.889
1468.64	675.778
1470.82	682.889
1473	678.889
1475.18	669.333
1477.36	664.667
1479.54	667.333
1481.72	673.778
1483.9	658.222
1486.08	653.111
1488.26	665.556
1490.43	663.333
1492.61	658.667
1494.78	667.556
1496.96	666.222
1499.13	675.556
1501.31	685.556
1503.48	690.667
1505.65	682.222
1507.82	677.333
1509.99	698.889
1512.16	681.111
1514.33	666.889
1516.5	658.889
1518.67	656.444
1520.84	644.444
1523	645.556
1525.17	660.444
1527.34	654.222
1529.5	661.333
1531.66	661.333
1533.83	676.444
1535.99	680
1538.15	683.333
1540.31	700.667
1542.47	697.333
1544.63	704.889
1546.79	688.222
1548.95	701.333
1551.11	686.889
1553.27	688.444
1555.42	714.667
1557.58	717.778
1559.73	741.333
1561.89	755.111
1564.04	764.889
1566.2	805.778
1568.35	844.222
1570.5	864.889
1572.65	933.778
1574.8	992.444
1576.95	1088.22
1579.1	1207.11
1581.25	1364.89
1583.4	1570
1585.55	1768.22
1587.69	1874
1589.84	1852.89
1591.99	1605.33
1594.13	1358.89
1596.27	1158.22
1598.42	1024.22
1600.56	920
1602.7	849.333
1604.84	792.444
1606.98	754.444
1609.12	722.444
1611.26	711.556
1613.4	679.556
1615.54	666.222
1617.68	650.445
1619.81	640.889
1621.95	626
1624.08	619.778
1626.22	604.222
1628.35	595.778
1630.49	590
1632.62	603.778
1634.75	595.778
1636.88	582.889
1639.01	587.778
1641.14	590.889
1643.27	581.333
1645.4	556.889
1647.53	583.556
1649.66	578.222
1651.79	564.667
1653.91	574.222
1656.04	582.444
1658.16	572.889
1660.29	570.222
1662.41	558.222
1664.53	562.444
1666.66	578.667
1668.78	558.667
1670.9	564.667
1673.02	553.778
1675.14	555.556
1677.26	551.111
1679.38	554.667
1681.49	556.889
1683.61	556.889
1685.73	550.889
1687.84	542.444
1689.96	547.111
1692.07	541.556
1694.19	537.111
1696.3	540
1698.41	546.444
1700.52	525.556
1702.64	540.444
1704.75	536.889
1706.86	534.444
1708.97	538.889
1711.07	536.222
1713.18	524.222
1715.29	530.222
1717.4	535.555
1719.5	537.556
1721.61	525.333
1723.71	531.333
1725.82	534
1727.92	521.556
1730.02	516
1732.12	518.667
1734.23	508.222
1736.33	524.444
1738.43	506.667
1740.53	506.444
1742.63	505.556
1744.72	508.667
1746.82	511.111
1748.92	496.222
1751.02	501.333
1753.11	500.667
1755.21	495.778
1757.3	512
1759.4	497.556
1761.49	496.444
1763.58	494.667
1765.67	502.667
1767.76	488
1769.86	498.889
1771.95	493.778
1774.03	504.222
1776.12	498.222
1778.21	495.333
1780.3	502
1782.39	491.111
1784.47	489.556
1786.56	504
1788.64	496.444
1790.73	495.111
1792.81	494.444
1794.89	494.222
1796.98	500.889
1799.06	490.667
1801.14	489.333
1803.22	489.556
1805.3	489.111
1807.38	481.778
1809.46	494.667
1811.54	487.778
1813.61	497.778
1815.69	491.111
1817.77	486.444
1819.84	480
1821.92	492.444
1823.99	481.333
1826.06	488.667
1828.14	481.111
1830.21	475.333
1832.28	480.667
1834.35	485.556
1836.42	487.556
1838.49	484
1840.56	490.889
1842.63	490.222
1844.7	482.222
1846.77	485.556
1848.83	477.111
1850.9	472.889
1852.96	477.333
1855.03	487.111
1857.09	476.444
1859.15	483.111
1861.22	465.778
1863.28	467.556
1865.34	477.556
1867.4	464.667
1869.46	471.111
1871.52	470
1873.58	478.222
1875.64	463.778
1877.7	464.667
1879.76	472
1881.81	468.889
1883.87	466.889
1885.92	462.444
1887.98	471.333
1890.03	472.889
1892.09	466.889
1894.14	460.444
1896.19	474.222
1898.24	463.333
1900.29	461.778
1902.34	470
1904.4	468.222
1906.44	469.778
1908.49	457.556
1910.54	478
1912.59	468.444
1914.63	459.778
1916.68	460.667
1918.73	459.333
1920.77	458.222
1922.81	459.333
1924.86	460.889
1926.9	462
1928.94	458.889
1930.99	460.444
1933.03	461.778
1935.07	453.778
1937.11	460.667
1939.15	450.444
1941.19	457.111
1943.22	448.889
1945.26	450.222
1947.3	457.111
1949.33	462.444
1951.37	452.444
1953.4	458
1955.44	459.778
1957.47	447.556
1959.51	439.111
1961.54	449.111
1963.57	440.889
1965.6	452.889
1967.63	444.222
1969.66	446.222
1971.69	442.667
1973.72	447.778
1975.75	447.778
1977.78	437.778
1979.8	440.444
1981.83	440.444
1983.86	426.444
1985.88	450.889
1987.91	439.556
1989.93	439.111
1991.95	439.778
1993.98	446.222
1996	441.556
1998.02	440.667
2000.04	446.667
2002.06	430
2004.08	435.778
2006.1	432.222
2008.12	436.444
2010.14	434.889
2012.15	437.333
2014.17	439.333
2016.19	427.111
2018.2	435.556
2020.22	436
2022.23	432.667
2024.25	446.222
2026.26	443.556
2028.27	451.556
2030.28	436.889
2032.29	434.889
2034.3	436.222
2036.32	441.778
2038.32	427.111
2040.33	434.444
2042.34	434
2044.35	435.111
2046.36	433.333
2048.36	435.556
2050.37	432
2052.37	430.222
2054.38	431.778
2056.38	427.111
2058.39	423.778
2060.39	422.667
2062.39	429.556
2064.39	431.333
2066.39	421.333
2068.39	424.222
2070.39	429.556
2072.39	418.667
2074.39	428.222
2076.39	423.333
2078.39	418
2080.39	417.111
2082.38	423.778
2084.38	416.667
2086.37	427.333
2088.37	422
2090.36	420.222
2092.35	423.778
2094.35	420.889
2096.34	424
2098.33	412.222
2100.32	412.889
2102.31	409.778
2104.3	418.889
2106.29	413.111
2108.28	414.444
2110.27	412
2112.25	413.556
2114.24	412
2116.23	412.889
2118.21	406.222
2120.2	405.556
2122.18	409.778
2124.17	407.111
2126.15	412.889
2128.13	420.444
2130.11	400.444
2132.09	412.444
2134.08	415.333
2136.06	412.889
2138.04	413.778
2140.02	415.778
2141.99	410
2143.97	411.556
2145.95	409.111
2147.93	408.889
2149.9	410
2151.88	406.444
2153.85	411.778
2155.83	407.111
2157.8	404.667
2159.77	398.889
2161.75	402.667
2163.72	400.667
2165.69	405.778
2167.66	403.778
2169.63	412.889
2171.6	404
2173.57	404.222
2175.54	398.889
2177.51	398.889
2179.47	408.444
2181.44	397.333
2183.41	397.778
2185.37	398.222
2187.34	398.444
2189.3	396.444
2191.27	401.556
2193.23	406.222
2195.19	393.778
2197.15	405.556
2199.11	397.556
2201.08	407.333
2203.04	394.444
2205	408.667
2206.96	411.778
2208.91	416.667
2210.87	435.111
2212.83	450.222
2214.79	460.444
2216.74	518.222
2218.7	554.222
2220.65	639.111
2222.61	735.556
2224.56	801.333
2226.52	915.111
2228.47	940.444
2230.42	943.556
2232.37	890.444
2234.32	807.556
2236.27	724.444
2238.22	639.778
2240.17	571.556
2242.12	516
2244.07	489.778
2246.02	464.222
2247.97	452.444
2249.91	447.333
2251.86	432.222
2253.8	420.444
2255.75	417.111
2257.69	407.333
2259.64	398.222
2261.58	387.333
2263.52	390.889
2265.46	387.111
2267.4	378.667
2269.35	384.889
2271.29	379.778
2273.23	364.222
2275.16	374.222
2277.1	366.444
2279.04	374.444
2280.98	375.778
2282.92	368
2284.85	363.556
2286.79	366.889
2288.72	369.111
2290.66	367.333
2292.59	366
2294.52	360.889
2296.46	357.778
2298.39	355.111
2300.32	362.889
2302.25	353.111
2304.18	359.556
2306.11	354.444
2308.04	355.111
2309.97	353.778
2311.9	352.889
2313.83	365.333
2315.75	360.667
2317.68	361.111
2319.61	357.778
2321.53	352
2323.46	361.111
2325.38	355.111
2327.3	347.778
2329.23	354.444
2331.15	354.667
2333.07	352.444
2334.99	348.444
2336.91	342.889
2338.83	355.333
2340.75	356.667
2342.67	347.333
2344.59	352.667
2346.51	354.889
2348.43	350.667
2350.35	348
2352.26	346.444
2354.18	345.333
2356.09	348
2358.01	346
2359.92	351.556
2361.83	353.778
2363.75	348.667
2365.66	348.667
2367.57	347.556
2369.48	348
2371.39	344.444
2373.31	350.889
2375.21	341.556
2377.12	350
2379.03	338.222
2380.94	343.556
2382.85	343.556
2384.76	343.556
2386.66	340.667
2388.57	335.333
2390.47	334.889
2392.38	340.444
2394.28	344.667
2396.18	339.333
2398.09	337.556
2399.99	336.444
2401.89	338.444
2403.79	339.111
2405.69	331.333
2407.59	328.667
2409.49	334.444
2411.39	340.222
2413.29	332
2415.19	328
2417.09	323.111
2418.98	333.333
2420.88	332.444
2422.78	332.667
2424.67	325.333
2426.57	323.556
2428.46	326.889
2430.35	321.333
2432.25	330.667
2434.14	317.111
2436.03	328.667
2437.92	332
2439.81	322.444
2441.7	330.444
2443.59	322.667
2445.48	319.111
2447.37	320.222
2449.26	327.333
2451.15	327.333
2453.03	324.889
