300.0	4228.05078125
301.0	4240.6025390625
302.0	4247.4345703125
303.0	4244.7607421875
304.0	4228.88916015625
305.0	4200.43701171875
306.0	4165.916015625
307.0	4132.263671875
308.0	4106.38427734375
309.0	4091.474365234375
310.0	4083.725830078125
311.0	4078.552734375
312.0	4071.37109375
313.0	4058.96533203125
314.0	4041.742431640625
315.0	4020.69970703125
316.0	3996.835205078125
317.0	3971.61181640625
318.0	3948.24267578125
319.0	3930.35400390625
320.0	3921.5712890625
321.0	3924.734619140625
322.0	3938.43896484375
323.0	3959.8486328125
324.0	3986.12841796875
325.0	4014.231201171875
326.0	4039.50537109375
327.0	4056.55810546875
328.0	4059.9921875
329.0	4045.258056640625
330.0	4017.189453125
331.0	3986.459716796875
332.0	3963.83203125
333.0	3959.41845703125
334.0	3972.783935546875
335.0	3994.93505859375
336.0	4016.63134765625
337.0	4028.878173828125
338.0	4028.86962890625
339.0	4020.322021484375
340.0	4007.2626953125
341.0	3993.70556640625
342.0	3983.069580078125
343.0	3977.96142578125
344.0	3980.92822265625
345.0	3994.47265625
346.0	4017.324462890625
347.0	4041.6455078125
348.0	4058.937255859375
349.0	4060.725341796875
350.0	4043.26318359375
351.0	4013.356201171875
352.0	3979.237548828125
353.0	3949.1376953125
354.0	3928.47314453125
355.0	3914.538330078125
356.0	3903.1728515625
357.0	3890.215087890625
358.0	3873.429443359375
359.0	3857.620849609375
360.0	3849.202392578125
361.0	3854.5869140625
362.0	3877.799072265625
363.0	3911.76171875
364.0	3946.173828125
365.0	3970.734375
366.0	3977.280029296875
367.0	3970.32177734375
368.0	3959.027587890625
369.0	3952.570556640625
370.0	3959.23974609375
371.0	3980.787109375
372.0	4016.033447265625
373.0	4063.78515625
374.0	4122.421875
375.0	4186.345703125
376.0	4247.79345703125
377.0	4298.98291015625
378.0	4332.83447265625
379.0	4350.67626953125
380.0	4359.35498046875
381.0	4365.81494140625
382.0	4376.583984375
383.0	4391.958984375
384.0	4407.44140625
385.0	4418.40966796875
386.0	4420.20947265625
387.0	4407.5556640625
388.0	4374.59765625
389.0	4315.46337890625
390.0	4224.87744140625
391.0	4111.94970703125
392.0	4000.55322265625
393.0	3915.236328125
394.0	3879.80322265625
395.0	3894.993408203125
396.0	3934.572265625
397.0	3970.7724609375
398.0	3976.325439453125
399.0	3944.50341796875
400.0	3895.97509765625
401.0	3853.31298828125
402.0	3838.807861328125
403.0	3858.606689453125
404.0	3894.278076171875
405.0	3925.326171875
406.0	3931.436279296875
407.0	3906.322509765625
408.0	3867.479248046875
409.0	3834.704833984375
410.0	3827.690185546875
411.0	3854.408935546875
412.0	3900.690185546875
413.0	3949.904052734375
414.0	3985.4716796875
415.0	3998.3740234375
416.0	3995.112060546875
417.0	3984.08984375
418.0	3973.70166015625
419.0	3969.982666015625
420.0	3973.706787109375
421.0	3984.93603515625
422.0	4003.73046875
423.0	4029.585205078125
424.0	4060.623291015625
425.0	4094.763427734375
426.0	4129.92529296875
427.0	4164.8056640625
428.0	4200.0947265625
429.0	4236.798828125
430.0	4275.92333984375
431.0	4317.01611328125
432.0	4355.66064453125
433.0	4386.77001953125
434.0	4405.26171875
435.0	4408.94287109375
436.0	4403.9609375
437.0	4397.9580078125
438.0	4398.5751953125
439.0	4410.1650390625
440.0	4427.31005859375
441.0	4442.787109375
442.0	4449.375
443.0	4442.44384765625
444.0	4425.2919921875
445.0	4402.7314453125
446.0	4379.5712890625
447.0	4359.4072265625
448.0	4341.9990234375
449.0	4326.3544921875
450.0	4311.482421875
451.0	4297.7587890625
452.0	4289.86865234375
453.0	4293.34326171875
454.0	4313.712890625
455.0	4352.478515625
456.0	4398.4365234375
457.0	4437.89013671875
458.0	4457.142578125
459.0	4447.2734375
460.0	4414.4130859375
461.0	4367.64794921875
462.0	4316.0634765625
463.0	4267.4921875
464.0	4225.9345703125
465.0	4194.65771484375
466.0	4176.927734375
467.0	4173.0703125
468.0	4174.669921875
469.0	4171.697265625
470.0	4154.1279296875
471.0	4117.21630859375
472.0	4071.007568359375
473.0	4028.121826171875
474.0	4001.167724609375
475.0	3997.0390625
476.0	4007.059814453125
477.0	4019.92919921875
478.0	4024.35888671875
479.0	4014.773193359375
480.0	4000.27880859375
481.0	3992.310302734375
482.0	4002.2734375
483.0	4033.4921875
484.0	4070.216064453125
485.0	4093.943603515625
486.0	4086.24072265625
487.0	4041.29931640625
488.0	3980.70361328125
489.0	3929.628173828125
490.0	3913.13232421875
491.0	3941.044189453125
492.0	3992.78271484375
493.0	4044.154541015625
494.0	4071.12451171875
495.0	4064.075439453125
496.0	4039.191162109375
497.0	4015.33447265625
498.0	4011.19482421875
499.0	4033.15283203125
500.0	4067.27783203125
501.0	4097.73876953125
502.0	4108.9453125
503.0	4097.3046875
504.0	4076.545166015625
505.0	4061.74560546875
506.0	4067.674072265625
507.0	4096.98583984375
508.0	4136.603515625
509.0	4172.396484375
510.0	4190.630859375
511.0	4189.1904296875
512.0	4179.197265625
513.0	4172.4951171875
514.0	4180.45166015625
515.0	4204.03271484375
516.0	4234.0673828125
517.0	4260.9638671875
518.0	4275.62158203125
519.0	4277.56396484375
520.0	4273.69140625
521.0	4271.138671875
522.0	4276.306640625
523.0	4285.37939453125
524.0	4287.0849609375
525.0	4269.9814453125
526.0	4224.25537109375
527.0	4158.14404296875
528.0	4091.123779296875
529.0	4042.8408203125
530.0	4030.378173828125
531.0	4048.516845703125
532.0	4080.554443359375
533.0	4109.6923828125
534.0	4121.3583984375
535.0	4116.39306640625
536.0	4102.171875
537.0	4086.091796875
538.0	4074.367431640625
539.0	4066.81591796875
540.0	4061.101318359375
541.0	4054.885498046875
542.0	4046.213623046875
543.0	4034.802734375
544.0	4020.8271484375
545.0	4004.46142578125
546.0	3986.7177734375
547.0	3971.492919921875
548.0	3963.30419921875
549.0	3966.66357421875
550.0	3983.26123046875
551.0	4007.323486328125
552.0	4031.8564453125
553.0	4049.886962890625
554.0	4057.6787109375
555.0	4058.13623046875
556.0	4054.9794921875
557.0	4051.895751953125
558.0	4050.3837890625
559.0	4048.4296875
560.0	4043.70166015625
561.0	4033.98046875
562.0	4021.16064453125
563.0	4012.341796875
564.0	4014.957763671875
565.0	4035.992431640625
566.0	4072.5234375
567.0	4111.97900390625
568.0	4141.38818359375
569.0	4148.68212890625
570.0	4134.7978515625
571.0	4110.42138671875
572.0	4086.474365234375
573.0	4073.000244140625
574.0	4071.568115234375
575.0	4079.010498046875
576.0	4092.109375
577.0	4107.775390625
578.0	4123.794921875
579.0	4138.3134765625
580.0	4149.4775390625
581.0	4155.6005859375
582.0	4155.794921875
583.0	4149.4130859375
584.0	4135.80517578125
585.0	4116.267578125
586.0	4098.7919921875
587.0	4092.810791015625
588.0	4107.7333984375
589.0	4145.705078125
590.0	4191.23046875
591.0	4226.18798828125
592.0	4232.6201171875
593.0	4205.17822265625
594.0	4159.89306640625
595.0	4114.86572265625
596.0	4087.859619140625
597.0	4084.96826171875
598.0	4097.8984375
599.0	4117.47119140625
600.0	4134.78466796875
601.0	4146.0673828125
602.0	4152.048828125
603.0	4153.60888671875
604.0	4151.771484375
605.0	4149.05615234375
606.0	4148.890625
607.0	4154.71630859375
608.0	4168.92822265625
609.0	4186.66748046875
610.0	4200.00390625
611.0	4200.99609375
612.0	4184.763671875
613.0	4160.240234375
614.0	4140.25146484375
615.0	4137.61669921875
616.0	4158.9658203125
617.0	4193.06591796875
618.0	4225.47998046875
619.0	4241.84033203125
620.0	4236.04541015625
621.0	4218.05029296875
622.0	4199.65478515625
623.0	4192.46875
624.0	4200.763671875
625.0	4219.2763671875
626.0	4242.10693359375
627.0	4263.4326171875
628.0	4278.79345703125
629.0	4284.8955078125
630.0	4278.482421875
631.0	4257.31689453125
632.0	4228.9833984375
633.0	4206.55615234375
634.0	4203.169921875
635.0	4228.6005859375
636.0	4273.31396484375
637.0	4320.888671875
638.0	4354.8935546875
639.0	4363.01953125
640.0	4347.5849609375
641.0	4314.14990234375
642.0	4268.28515625
643.0	4217.39404296875
644.0	4172.8564453125
645.0	4146.57421875
646.0	4150.18994140625
647.0	4184.01708984375
648.0	4232.85400390625
649.0	4280.3779296875
650.0	4310.9453125
651.0	4320.88037109375
652.0	4316.7373046875
653.0	4305.40087890625
654.0	4293.3916015625
655.0	4283.83154296875
656.0	4277.998046875
657.0	4277.1484375
658.0	4281.873046875
659.0	4289.36767578125
660.0	4295.74951171875
661.0	4297.138671875
662.0	4291.970703125
663.0	4285.56982421875
664.0	4284.53125
665.0	4295.38525390625
666.0	4319.06982421875
667.0	4346.7861328125
668.0	4368.75732421875
669.0	4375.55517578125
670.0	4366.5419921875
671.0	4350.345703125
672.0	4336.03369140625
673.0	4331.888671875
674.0	4337.46630859375
675.0	4346.89306640625
676.0	4354.212890625
677.0	4354.787109375
678.0	4351.55322265625
679.0	4350.15185546875
680.0	4356.22607421875
681.0	4371.861328125
682.0	4387.9365234375
683.0	4393.12890625
684.0	4376.2822265625
685.0	4340.20849609375
686.0	4312.044921875
687.0	4321.36962890625
688.0	4396.0546875
689.0	4524.72705078125
690.0	4656.77099609375
691.0	4739.86376953125
692.0	4727.8583984375
693.0	4636.1845703125
694.0	4515.625
695.0	4417.38525390625
696.0	4381.97998046875
697.0	4397.14501953125
698.0	4434.35302734375
699.0	4465.09423828125
700.0	4470.3642578125
701.0	4455.58984375
702.0	4430.07275390625
703.0	4403.06591796875
704.0	4381.6796875
705.0	4370.00390625
706.0	4371.9052734375
707.0	4390.7001953125
708.0	4421.51171875
709.0	4453.15234375
710.0	4474.2724609375
711.0	4475.73828125
712.0	4463.30029296875
713.0	4448.837890625
714.0	4444.248046875
715.0	4456.9287109375
716.0	4479.673828125
717.0	4502.318359375
718.0	4514.76171875
719.0	4511.81787109375
720.0	4496.6328125
721.0	4473.15966796875
722.0	4445.39306640625
723.0	4418.1396484375
724.0	4396.9375
725.0	4387.35009765625
726.0	4393.75830078125
727.0	4411.50048828125
728.0	4431.75
729.0	4445.65673828125
730.0	4447.28515625
731.0	4441.04345703125
732.0	4433.63134765625
733.0	4431.6982421875
734.0	4437.5390625
735.0	4445.8662109375
736.0	4450.6298828125
737.0	4446.07421875
738.0	4431.78076171875
739.0	4412.02197265625
740.0	4391.22705078125
741.0	4372.560546875
742.0	4349.83154296875
743.0	4312.65625
744.0	4250.6357421875
745.0	4170.1767578125
746.0	4132.23095703125
747.0	4208.79541015625
748.0	4470.375
749.0	4895.69921875
750.0	5319.97900390625
751.0	5565.9306640625
752.0	5469.81982421875
753.0	5070.66357421875
754.0	4563.56787109375
755.0	4147.6552734375
756.0	3987.720947265625
757.0	4044.989013671875
758.0	4205.92333984375
759.0	4356.9580078125
760.0	4421.70458984375
761.0	4419.34423828125
762.0	4384.205078125
763.0	4350.09375
764.0	4333.76318359375
765.0	4331.4912109375
766.0	4338.34423828125
767.0	4349.515625
768.0	4361.482421875
769.0	4371.458984375
770.0	4376.66650390625
771.0	4375.2529296875
772.0	4369.0615234375
773.0	4360.859375
774.0	4353.40185546875
775.0	4348.3408203125
776.0	4345.40869140625
777.0	4344.14453125
778.0	4344.103515625
779.0	4345.0927734375
780.0	4347.12646484375
781.0	4350.22314453125
782.0	4354.20166015625
783.0	4357.7333984375
784.0	4359.080078125
785.0	4356.50732421875
786.0	4349.7939453125
787.0	4342.28515625
788.0	4337.84228515625
789.0	4340.1318359375
790.0	4348.16943359375
791.0	4356.19384765625
792.0	4358.22705078125
793.0	4349.6591796875
794.0	4336.32275390625
795.0	4328.86474609375
796.0	4337.953125
797.0	4367.98193359375
798.0	4404.7041015625
799.0	4430.4267578125
800.0	4427.9228515625
801.0	4396.15087890625
802.0	4354.017578125
803.0	4321.66015625
804.0	4316.7333984375
805.0	4334.54638671875
806.0	4358.583984375
807.0	4372.22265625
808.0	4364.91748046875
809.0	4346.43798828125
810.0	4330.79541015625
811.0	4331.7705078125
812.0	4353.0478515625
813.0	4384.4853515625
814.0	4414.94189453125
815.0	4434.18017578125
816.0	4440.96435546875
817.0	4439.23046875
818.0	4432.97509765625
819.0	4426.16845703125
820.0	4422.689453125
821.0	4426.39794921875
822.0	4441.02197265625
823.0	4464.486328125
824.0	4486.76904296875
825.0	4497.27783203125
826.0	4486.93408203125
827.0	4461.28369140625
828.0	4434.04638671875
829.0	4419.02783203125
830.0	4425.60302734375
831.0	4448.326171875
832.0	4478.658203125
833.0	4508.142578125
834.0	4531.31005859375
835.0	4546.474609375
836.0	4552.193359375
837.0	4547.6220703125
838.0	4536.95947265625
839.0	4526.9296875
840.0	4524.27392578125
841.0	4532.400390625
842.0	4545.10302734375
843.0	4554.451171875
844.0	4552.80419921875
845.0	4540.265625
846.0	4525.30859375
847.0	4516.82568359375
848.0	4522.1630859375
849.0	4538.2919921875
850.0	4557.9091796875
851.0	4573.7119140625
852.0	4581.53466796875
853.0	4584.41015625
854.0	4586.3798828125
855.0	4591.22802734375
856.0	4598.25146484375
857.0	4602.9130859375
858.0	4600.54931640625
859.0	4587.7470703125
860.0	4567.263671875
861.0	4543.7578125
862.0	4521.88427734375
863.0	4505.962890625
864.0	4499.74609375
865.0	4506.93212890625
866.0	4530.3515625
867.0	4563.21826171875
868.0	4592.75830078125
869.0	4606.11083984375
870.0	4595.5927734375
871.0	4570.84033203125
872.0	4545.10546875
873.0	4531.3203125
874.0	4533.04736328125
875.0	4543.1669921875
876.0	4553.97998046875
877.0	4558.85986328125
878.0	4558.3837890625
879.0	4556.0927734375
880.0	4555.53369140625
881.0	4558.8408203125
882.0	4565.1796875
883.0	4573.33984375
884.0	4582.14794921875
885.0	4590.95263671875
886.0	4599.4853515625
887.0	4607.48681640625
888.0	4614.74560546875
889.0	4621.24072265625
890.0	4626.99365234375
891.0	4632.02880859375
892.0	4636.39697265625
893.0	4640.1845703125
894.0	4643.48193359375
895.0	4645.98828125
896.0	4644.794921875
897.0	4635.916015625
898.0	4615.40087890625
899.0	4584.62890625
900.0	4555.92529296875
901.0	4542.9580078125
902.0	4557.8857421875
903.0	4594.2080078125
904.0	4632.8408203125
905.0	4654.46630859375
906.0	4645.96240234375
907.0	4614.91796875
908.0	4573.24755859375
909.0	4532.63427734375
910.0	4498.95263671875
911.0	4471.955078125
912.0	4451.10107421875
913.0	4435.7265625
914.0	4424.48974609375
915.0	4415.8203125
916.0	4408.15185546875
917.0	4400.11279296875
918.0	4390.63720703125
919.0	4378.685546875
920.0	4363.3271484375
921.0	4344.5517578125
922.0	4322.80908203125
923.0	4298.5595703125
924.0	4274.11669921875
925.0	4256.0419921875
926.0	4251.490234375
927.0	4266.64501953125
928.0	4294.7216796875
929.0	4319.71826171875
930.0	4325.43505859375
931.0	4302.06396484375
932.0	4260.541015625
933.0	4216.00341796875
934.0	4183.2109375
935.0	4169.0146484375
936.0	4172.76025390625
937.0	4193.498046875
938.0	4228.36376953125
939.0	4265.873046875
940.0	4292.10986328125
941.0	4293.4697265625
942.0	4267.7919921875
943.0	4227.39453125
944.0	4185.5263671875
945.0	4154.27099609375
946.0	4138.79931640625
947.0	4141.74560546875
948.0	4165.61474609375
949.0	4205.14990234375
950.0	4242.95751953125
951.0	4260.587890625
952.0	4242.9697265625
953.0	4200.814453125
954.0	4156.71630859375
955.0	4133.240234375
956.0	4141.28515625
957.0	4169.1025390625
958.0	4202.341796875
959.0	4227.4033203125
960.0	4237.93798828125
961.0	4231.64599609375
962.0	4206.30078125
963.0	4166.4150390625
964.0	4131.96923828125
965.0	4125.10498046875
966.0	4165.2646484375
967.0	4240.900390625
968.0	4320.6494140625
969.0	4372.8525390625
970.0	4378.75732421875
971.0	4352.7841796875
972.0	4314.60986328125
973.0	4282.95166015625
974.0	4263.73388671875
975.0	4253.7861328125
976.0	4249.7412109375
977.0	4249.3642578125
978.0	4253.67919921875
979.0	4264.29541015625
980.0	4282.38427734375
981.0	4302.5888671875
982.0	4314.5234375
983.0	4307.67626953125
984.0	4277.66943359375
985.0	4238.890625
986.0	4209.302734375
987.0	4205.8408203125
988.0	4229.41064453125
989.0	4268.25341796875
990.0	4310.26416015625
991.0	4345.8154296875
992.0	4372.853515625
993.0	4390.767578125
994.0	4399.279296875
995.0	4403.27685546875
996.0	4411.734375
997.0	4433.73095703125
998.0	4473.3359375
999.0	4519.72705078125
1000.0	4559.32763671875
1001.0	4579.3154296875
1002.0	4577.71728515625
1003.0	4560.69287109375
1004.0	4534.5986328125
1005.0	4504.20703125
1006.0	4469.85498046875
1007.0	4431.10791015625
1008.0	4387.9892578125
1009.0	4346.4052734375
1010.0	4316.33447265625
1011.0	4307.82177734375
1012.0	4324.60400390625
1013.0	4354.65869140625
1014.0	4383.5419921875
1015.0	4398.2353515625
1016.0	4400.94189453125
1017.0	4403.0927734375
1018.0	4416.2041015625
1019.0	4443.58740234375
1020.0	4470.7568359375
1021.0	4480.89599609375
1022.0	4460.02001953125
1023.0	4419.6591796875
1024.0	4384.84423828125
1025.0	4380.5322265625
1026.0	4413.58251953125
1027.0	4458.4814453125
1028.0	4486.35302734375
1029.0	4473.63330078125
1030.0	4433.59375
1031.0	4395.11328125
1032.0	4386.72265625
1033.0	4416.7841796875
1034.0	4464.53466796875
1035.0	4506.9404296875
1036.0	4525.02587890625
1037.0	4521.7529296875
1038.0	4507.4677734375
1039.0	4492.3623046875
1040.0	4481.92919921875
1041.0	4476.30419921875
1042.0	4475.3330078125
1043.0	4478.20556640625
1044.0	4481.48291015625
1045.0	4481.0712890625
1046.0	4473.2216796875
1047.0	4460.27294921875
1048.0	4449.767578125
1049.0	4449.41015625
1050.0	4462.63232421875
1051.0	4480.88525390625
1052.0	4493.537109375
1053.0	4491.3056640625
1054.0	4479.84716796875
1055.0	4474.11962890625
1056.0	4489.13232421875
1057.0	4529.294921875
1058.0	4578.42919921875
1059.0	4617.99169921875
1060.0	4632.28076171875
1061.0	4625.30615234375
1062.0	4609.42919921875
1063.0	4596.873046875
1064.0	4592.904296875
1065.0	4593.51416015625
1066.0	4594.04638671875
1067.0	4591.10107421875
1068.0	4586.939453125
1069.0	4585.41796875
1070.0	4590.1494140625
1071.0	4600.05615234375
1072.0	4609.83642578125
1073.0	4614.04541015625
1074.0	4611.75537109375
1075.0	4614.341796875
1076.0	4635.2529296875
1077.0	4685.74951171875
1078.0	4755.2685546875
1079.0	4820.7099609375
1080.0	4859.0498046875
1081.0	4863.03564453125
1082.0	4851.4404296875
1083.0	4845.47119140625
1084.0	4862.4814453125
1085.0	4898.986328125
1086.0	4944.4892578125
1087.0	4988.81689453125
1088.0	5029.3603515625
1089.0	5071.078125
1090.0	5119.25634765625
1091.0	5177.05224609375
1092.0	5241.2978515625
1093.0	5307.65771484375
1094.0	5371.55859375
1095.0	5425.97216796875
1096.0	5462.42578125
1097.0	5472.53515625
1098.0	5455.67626953125
1099.0	5424.029296875
1100.0	5390.970703125
1101.0	5367.021484375
1102.0	5348.1787109375
1103.0	5325.8291015625
1104.0	5291.72705078125
1105.0	5244.6953125
1106.0	5189.9248046875
1107.0	5132.8310546875
1108.0	5077.80859375
1109.0	5026.6220703125
1110.0	4980.6220703125
1111.0	4941.2294921875
1112.0	4910.431640625
1113.0	4890.48583984375
1114.0	4883.56396484375
1115.0	4888.49951171875
1116.0	4899.7900390625
1117.0	4911.64208984375
1118.0	4919.2373046875
1119.0	4921.314453125
1120.0	4917.42626953125
1121.0	4907.294921875
1122.0	4892.6455078125
1123.0	4876.521484375
1124.0	4861.962890625
1125.0	4849.97900390625
1126.0	4838.13916015625
1127.0	4823.67919921875
1128.0	4803.92138671875
1129.0	4776.60888671875
1130.0	4739.60986328125
1131.0	4690.9951171875
1132.0	4632.1337890625
1133.0	4567.06884765625
1134.0	4499.9169921875
1135.0	4434.1083984375
1136.0	4371.6630859375
1137.0	4314.4296875
1138.0	4263.35546875
1139.0	4214.2041015625
1140.0	4160.89111328125
1141.0	4097.9619140625
1142.0	4032.656005859375
1143.0	3983.9501953125
1144.0	3971.204833984375
1145.0	3999.903564453125
1146.0	4043.680908203125
1147.0	4071.722412109375
1148.0	4058.78662109375
1149.0	4014.806884765625
1150.0	3963.40087890625
1151.0	3927.5087890625
1152.0	3914.5322265625
1153.0	3916.73486328125
1154.0	3925.75390625
1155.0	3933.71630859375
1156.0	3933.903564453125
1157.0	3919.7626953125
1158.0	3886.887939453125
1159.0	3844.423583984375
1160.0	3806.78369140625
1161.0	3787.792236328125
1162.0	3788.63671875
1163.0	3798.51123046875
1164.0	3806.14599609375
1165.0	3802.19775390625
1166.0	3781.623046875
1167.0	3739.96142578125
1168.0	3675.659423828125
1169.0	3603.888427734375
1170.0	3545.78564453125
1171.0	3521.3330078125
1172.0	3530.044921875
1173.0	3553.939208984375
1174.0	3574.529052734375
1175.0	3580.51806640625
1176.0	3574.57373046875
1177.0	3560.9677734375
1178.0	3543.916748046875
1179.0	3527.3759765625
1180.0	3515.2216796875
1181.0	3510.806396484375
1182.0	3510.760009765625
1183.0	3507.05712890625
1184.0	3491.723388671875
1185.0	3464.99560546875
1186.0	3439.618896484375
1187.0	3429.387451171875
1188.0	3442.427978515625
1189.0	3466.7578125
1190.0	3485.936767578125
1191.0	3485.4169921875
1192.0	3467.123291015625
1193.0	3441.4609375
1194.0	3418.661376953125
1195.0	3401.756591796875
1196.0	3385.57421875
1197.0	3364.5048828125
1198.0	3336.244873046875
1199.0	3306.5126953125
1200.0	3282.220947265625
1201.0	3268.83984375
1202.0	3263.5390625
1203.0	3260.528076171875
1204.0	3254.420654296875
1205.0	3245.938720703125
1206.0	3240.50634765625
1207.0	3243.586669921875
1208.0	3255.654541015625
1209.0	3269.382080078125
1210.0	3276.76171875
1211.0	3272.27685546875
1212.0	3258.9912109375
1213.0	3241.8134765625
1214.0	3225.429443359375
1215.0	3212.769775390625
1216.0	3205.9326171875
1217.0	3206.767333984375
1218.0	3212.016845703125
1219.0	3213.576171875
1220.0	3203.21435546875
1221.0	3180.605224609375
1222.0	3160.775146484375
1223.0	3160.513671875
1224.0	3189.583251953125
1225.0	3228.781494140625
1226.0	3251.441162109375
1227.0	3234.5
1228.0	3187.318115234375
1229.0	3136.416748046875
1230.0	3107.71728515625
1231.0	3108.02587890625
1232.0	3124.0078125
1233.0	3141.3935546875
1234.0	3149.75732421875
1235.0	3146.561279296875
1236.0	3130.235107421875
1237.0	3102.417724609375
1238.0	3077.974365234375
1239.0	3075.176025390625
1240.0	3108.504638671875
1241.0	3159.44189453125
1242.0	3192.47998046875
1243.0	3173.746337890625
1244.0	3108.37255859375
1245.0	3039.4853515625
1246.0	3011.5087890625
1247.0	3040.944580078125
1248.0	3092.955078125
1249.0	3127.18994140625
1250.0	3116.946533203125
1251.0	3083.94775390625
1252.0	3060.65087890625
1253.0	3073.704345703125
1254.0	3108.176513671875
1255.0	3131.020263671875
1256.0	3111.3896484375
1257.0	3053.89501953125
1258.0	2991.169677734375
1259.0	2956.14697265625
1260.0	2960.034912109375
1261.0	2983.494873046875
1262.0	3004.909912109375
1263.0	3009.06005859375
1264.0	2997.173583984375
1265.0	2973.084716796875
1266.0	2941.29345703125
1267.0	2909.490478515625
1268.0	2886.321044921875
1269.0	2879.7626953125
1270.0	2891.57861328125
1271.0	2920.151611328125
1272.0	2963.3544921875
1273.0	3009.057373046875
1274.0	3035.63916015625
1275.0	3021.4111328125
1276.0	2966.70458984375
1277.0	2908.17919921875
1278.0	2885.872314453125
1279.0	2921.05859375
1280.0	2980.864013671875
1281.0	3022.704833984375
1282.0	3013.920654296875
1283.0	2972.35205078125
1284.0	2931.864013671875
1285.0	2922.916015625
1286.0	2943.104248046875
1287.0	2971.65673828125
1288.0	2988.39208984375
1289.0	2989.009521484375
1290.0	2983.890869140625
1291.0	2983.8310546875
1292.0	2992.24072265625
1293.0	3001.57958984375
1294.0	3003.435302734375
1295.0	2993.849365234375
1296.0	2979.67822265625
1297.0	2969.38818359375
1298.0	2968.13427734375
1299.0	2967.42724609375
1300.0	2955.262451171875
1301.0	2922.260009765625
1302.0	2877.82470703125
1303.0	2839.545654296875
1304.0	2823.69677734375
1305.0	2829.234619140625
1306.0	2843.12451171875
1307.0	2852.41259765625
1308.0	2852.714111328125
1309.0	2848.91015625
1310.0	2846.318359375
1311.0	2848.205810546875
1312.0	2854.365966796875
1313.0	2864.253173828125
1314.0	2876.083740234375
1315.0	2884.79638671875
1316.0	2884.794189453125
1317.0	2872.785888671875
1318.0	2855.2724609375
1319.0	2841.354248046875
1320.0	2838.66845703125
1321.0	2845.021484375
1322.0	2854.17041015625
1323.0	2860.49951171875
1324.0	2865.47265625
1325.0	2874.9599609375
1326.0	2894.47021484375
1327.0	2920.90673828125
1328.0	2943.2177734375
1329.0	2950.2587890625
1330.0	2939.976318359375
1331.0	2922.76513671875
1332.0	2909.881103515625
1333.0	2907.4189453125
1334.0	2911.170166015625
1335.0	2915.7041015625
1336.0	2917.118408203125
1337.0	2915.92236328125
1338.0	2913.415283203125
1339.0	2910.4736328125
1340.0	2906.118408203125
1341.0	2898.863037109375
1342.0	2887.6826171875
1343.0	2874.557861328125
1344.0	2862.672119140625
1345.0	2854.9443359375
1346.0	2851.713623046875
1347.0	2851.877685546875
1348.0	2854.265869140625
1349.0	2856.8876953125
1350.0	2857.103271484375
1351.0	2852.361572265625
1352.0	2842.92138671875
1353.0	2832.080322265625
1354.0	2823.27880859375
1355.0	2819.492919921875
1356.0	2823.02880859375
1357.0	2836.099853515625
1358.0	2855.46630859375
1359.0	2867.001220703125
1360.0	2855.300537109375
1361.0	2815.0947265625
1362.0	2768.7099609375
1363.0	2743.125732421875
1364.0	2756.164794921875
1365.0	2792.175537109375
1366.0	2827.8583984375
1367.0	2844.382080078125
1368.0	2845.647216796875
1369.0	2842.7685546875
1370.0	2845.28759765625
1371.0	2852.159423828125
1372.0	2857.978759765625
1373.0	2858.14111328125
1374.0	2855.623291015625
1375.0	2857.525146484375
1376.0	2870.102783203125
1377.0	2888.26171875
1378.0	2899.04638671875
1379.0	2890.33935546875
1380.0	2868.33349609375
1381.0	2855.288818359375
1382.0	2873.16845703125
1383.0	2920.36669921875
1384.0	2969.112060546875
1385.0	2990.755859375
1386.0	2977.948974609375
1387.0	2952.51025390625
1388.0	2938.165771484375
1389.0	2943.181884765625
1390.0	2949.621337890625
1391.0	2937.096923828125
1392.0	2898.21484375
1393.0	2852.251220703125
1394.0	2821.72265625
1395.0	2816.78076171875
1396.0	2816.6875
1397.0	2795.966796875
1398.0	2741.35400390625
1399.0	2676.952392578125
1400.0	2633.987060546875
1401.0	2632.84033203125
1402.0	2654.25439453125
1403.0	2669.9150390625
1404.0	2658.630615234375
1405.0	2630.3857421875
1406.0	2603.69287109375
1407.0	2593.094970703125
1408.0	2592.308349609375
1409.0	2588.242919921875
1410.0	2571.049072265625
1411.0	2550.71728515625
1412.0	2544.73681640625
1413.0	2566.803466796875
1414.0	2603.36083984375
1415.0	2628.9775390625
1416.0	2621.31787109375
1417.0	2584.51953125
1418.0	2535.980224609375
1419.0	2492.189697265625
1420.0	2459.9365234375
1421.0	2440.58642578125
1422.0	2435.037353515625
1423.0	2439.6591796875
1424.0	2448.00244140625
1425.0	2453.959716796875
1426.0	2456.357421875
1427.0	2457.437255859375
1428.0	2459.275390625
1429.0	2460.576904296875
1430.0	2457.51904296875
1431.0	2446.46044921875
1432.0	2427.701904296875
1433.0	2404.743408203125
1434.0	2381.245361328125
1435.0	2362.131103515625
1436.0	2353.431884765625
1437.0	2360.716552734375
1438.0	2379.543212890625
1439.0	2396.210693359375
1440.0	2397.225341796875
1441.0	2381.26171875
1442.0	2358.84814453125
1443.0	2340.642578125
1444.0	2328.95703125
1445.0	2317.75634765625
1446.0	2300.90380859375
1447.0	2278.840576171875
1448.0	2258.938232421875
1449.0	2248.696533203125
1450.0	2250.466064453125
1451.0	2261.17333984375
1452.0	2277.355712890625
1453.0	2292.073974609375
1454.0	2294.63134765625
1455.0	2274.775390625
1456.0	2239.09521484375
1457.0	2212.390380859375
1458.0	2219.36474609375
1459.0	2257.991943359375
1460.0	2297.33740234375
1461.0	2306.06591796875
1462.0	2279.18408203125
1463.0	2239.4521484375
1464.0	2210.3525390625
1465.0	2200.83349609375
1466.0	2204.926513671875
1467.0	2215.9619140625
1468.0	2226.768310546875
1469.0	2229.67236328125
1470.0	2217.470947265625
1471.0	2193.287353515625
1472.0	2170.0439453125
1473.0	2160.573486328125
1474.0	2168.54296875
1475.0	2189.3623046875
1476.0	2217.808349609375
1477.0	2242.697509765625
1478.0	2247.75
1479.0	2218.28369140625
1480.0	2168.185546875
1481.0	2134.52392578125
1482.0	2151.6826171875
1483.0	2205.796875
1484.0	2246.82275390625
1485.0	2228.39794921875
1486.0	2160.46484375
1487.0	2090.94091796875
1488.0	2064.180419921875
1489.0	2078.81591796875
1490.0	2105.767333984375
1491.0	2117.916748046875
1492.0	2110.022216796875
1493.0	2088.74169921875
1494.0	2060.9833984375
1495.0	2034.739501953125
1496.0	2018.5283203125
1497.0	2018.908203125
1498.0	2028.8101806640625
1499.0	2035.392333984375
1500.0	2028.426025390625
1501.0	2013.308349609375
1502.0	2001.1744384765625
1503.0	2000.9462890625
1504.0	2010.2391357421875
1505.0	2023.0810546875
1506.0	2033.3994140625
1507.0	2034.6998291015625
1508.0	2020.376953125
1509.0	1988.44677734375
1510.0	1953.322998046875
1511.0	1933.047119140625
1512.0	1938.21728515625
1513.0	1957.9517822265625
1514.0	1977.5364990234375
1515.0	1987.613037109375
1516.0	1991.46240234375
1517.0	1994.1630859375
1518.0	1997.6951904296875
1519.0	1998.021728515625
1520.0	1990.470947265625
1521.0	1974.0655517578125
1522.0	1953.7642822265625
1523.0	1934.994140625
1524.0	1920.5345458984375
1525.0	1909.7261962890625
1526.0	1901.7423095703125
1527.0	1897.2564697265625
1528.0	1898.481689453125
1529.0	1907.2945556640625
1530.0	1918.703857421875
1531.0	1921.996826171875
1532.0	1907.4249267578125
1533.0	1878.802978515625
1534.0	1848.852783203125
1535.0	1829.6846923828125
1536.0	1826.7371826171875
1537.0	1842.013916015625
1538.0	1875.600341796875
1539.0	1915.6607666015625
1540.0	1945.720947265625
1541.0	1954.0421142578125
1542.0	1950.9464111328125
1543.0	1953.16162109375
1544.0	1970.2760009765625
1545.0	1987.291259765625
1546.0	1983.953857421875
1547.0	1952.4619140625
1548.0	1916.1207275390625
1549.0	1902.819091796875
1550.0	1921.029296875
1551.0	1943.5242919921875
1552.0	1939.76611328125
1553.0	1902.1834716796875
1554.0	1854.655029296875
1555.0	1822.6434326171875
1556.0	1815.7811279296875
1557.0	1827.8697509765625
1558.0	1851.81298828125
1559.0	1877.6116943359375
1560.0	1893.1461181640625
1561.0	1888.3748779296875
1562.0	1871.7655029296875
1563.0	1861.315185546875
1564.0	1871.3863525390625
1565.0	1894.986572265625
1566.0	1917.50537109375
1567.0	1926.1875
1568.0	1915.5181884765625
1569.0	1881.75244140625
1570.0	1828.4991455078125
1571.0	1778.821044921875
1572.0	1758.7781982421875
1573.0	1777.67041015625
1574.0	1814.8106689453125
1575.0	1846.7586669921875
1576.0	1862.5430908203125
1577.0	1866.5601806640625
1578.0	1864.15966796875
1579.0	1860.8070068359375
1580.0	1862.06396484375
1581.0	1872.4097900390625
1582.0	1885.8726806640625
1583.0	1890.638671875
1584.0	1878.1015625
1585.0	1859.0528564453125
1586.0	1851.4080810546875
1587.0	1865.940185546875
1588.0	1886.475341796875
1589.0	1890.5408935546875
1590.0	1867.9205322265625
1591.0	1837.324951171875
1592.0	1821.371826171875
1593.0	1828.541015625
1594.0	1846.35107421875
1595.0	1860.8848876953125
1596.0	1863.94384765625
1597.0	1852.9017333984375
1598.0	1826.5318603515625
1599.0	1796.5599365234375
1600.0	1782.7742919921875
1601.0	1799.8712158203125
1602.0	1829.650390625
1603.0	1841.1143798828125
1604.0	1815.0762939453125
1605.0	1775.630615234375
1606.0	1756.6566162109375
1607.0	1772.8193359375
1608.0	1797.091796875
1609.0	1797.5904541015625
1610.0	1767.47265625
1611.0	1733.2904052734375
1612.0	1722.2557373046875
1613.0	1734.632568359375
1614.0	1748.8189697265625
1615.0	1745.702880859375
1616.0	1731.5987548828125
1617.0	1725.209228515625
1618.0	1739.5185546875
1619.0	1762.11376953125
1620.0	1773.66064453125
1621.0	1764.6080322265625
1622.0	1749.8436279296875
1623.0	1747.66015625
1624.0	1760.077880859375
1625.0	1766.23486328125
1626.0	1745.03564453125
1627.0	1700.4659423828125
1628.0	1657.4034423828125
1629.0	1638.303466796875
1630.0	1641.494873046875
1631.0	1653.874267578125
1632.0	1664.7132568359375
1633.0	1673.358154296875
1634.0	1681.74169921875
1635.0	1689.748779296875
1636.0	1692.6966552734375
1637.0	1685.4840087890625
1638.0	1669.913818359375
1639.0	1656.298095703125
1640.0	1654.3394775390625
1641.0	1659.7208251953125
1642.0	1658.669921875
1643.0	1640.8189697265625
1644.0	1617.0394287109375
1645.0	1605.9951171875
1646.0	1616.9063720703125
1647.0	1630.8941650390625
1648.0	1624.2197265625
1649.0	1593.749755859375
1650.0	1568.580810546875
1651.0	1578.3681640625
1652.0	1614.779541015625
1653.0	1637.8394775390625
1654.0	1613.9259033203125
1655.0	1561.794189453125
1656.0	1523.01953125
1657.0	1526.706298828125
1658.0	1558.686279296875
1659.0	1595.5858154296875
1660.0	1621.9853515625
1661.0	1635.9454345703125
1662.0	1637.0587158203125
1663.0	1629.0892333984375
1664.0	1619.4603271484375
1665.0	1614.10546875
1666.0	1607.0269775390625
1667.0	1586.88134765625
1668.0	1548.6085205078125
1669.0	1508.2335205078125
1670.0	1486.0250244140625
1671.0	1491.79345703125
1672.0	1518.5489501953125
1673.0	1557.453369140625
1674.0	1594.2957763671875
1675.0	1610.5042724609375
1676.0	1591.9100341796875
1677.0	1552.918701171875
1678.0	1519.0418701171875
1679.0	1507.6439208984375
1680.0	1513.1802978515625
1681.0	1526.168212890625
1682.0	1538.8780517578125
1683.0	1545.8575439453125
1684.0	1542.7236328125
1685.0	1535.6246337890625
1686.0	1537.44140625
1687.0	1555.7518310546875
1688.0	1572.9671630859375
1689.0	1564.3372802734375
1690.0	1524.63037109375
1691.0	1487.582275390625
1692.0	1489.614990234375
1693.0	1528.184814453125
1694.0	1564.72021484375
1695.0	1565.4647216796875
1696.0	1539.4527587890625
1697.0	1513.840576171875
1698.0	1507.80810546875
1699.0	1517.99609375
1700.0	1536.9951171875
1701.0	1552.6343994140625
1702.0	1546.7178955078125
1703.0	1504.32275390625
1704.0	1445.7821044921875
1705.0	1411.1346435546875
1706.0	1427.9835205078125
1707.0	1476.280517578125
1708.0	1524.9320068359375
1709.0	1553.544189453125
1710.0	1558.45703125
1711.0	1538.4326171875
1712.0	1504.6126708984375
1713.0	1476.7122802734375
1714.0	1470.52490234375
1715.0	1483.37841796875
1716.0	1507.382568359375
1717.0	1533.4521484375
1718.0	1550.3636474609375
1719.0	1547.71240234375
1720.0	1530.6787109375
1721.0	1516.43994140625
1722.0	1519.13037109375
1723.0	1536.3372802734375
1724.0	1560.5428466796875
1725.0	1583.384033203125
1726.0	1594.9031982421875
1727.0	1586.05859375
1728.0	1564.8236083984375
1729.0	1552.6197509765625
1730.0	1564.8160400390625
1731.0	1585.0894775390625
1732.0	1587.527587890625
1733.0	1563.597900390625
1734.0	1536.727783203125
1735.0	1531.6319580078125
1736.0	1543.335693359375
1737.0	1545.182373046875
1738.0	1518.67626953125
1739.0	1484.3621826171875
1740.0	1473.4776611328125
1741.0	1496.68310546875
1742.0	1531.5794677734375
1743.0	1554.1094970703125
1744.0	1555.441650390625
1745.0	1536.4786376953125
1746.0	1501.3863525390625
1747.0	1465.6796875
1748.0	1447.1591796875
1749.0	1450.92578125
1750.0	1465.1446533203125
1751.0	1477.8798828125
1752.0	1486.254150390625
1753.0	1491.926025390625
1754.0	1495.3900146484375
1755.0	1493.78271484375
1756.0	1483.9188232421875
1757.0	1468.638671875
1758.0	1456.80859375
1759.0	1455.7530517578125
1760.0	1462.10205078125
1761.0	1468.572509765625
1762.0	1469.6488037109375
1763.0	1463.2587890625
1764.0	1448.2779541015625
1765.0	1430.93017578125
1766.0	1422.6651611328125
1767.0	1430.2061767578125
1768.0	1442.0526123046875
1769.0	1442.804443359375
1770.0	1431.42724609375
1771.0	1425.0611572265625
1772.0	1438.9918212890625
1773.0	1466.172607421875
1774.0	1489.5740966796875
1775.0	1497.4141845703125
1776.0	1489.725341796875
1777.0	1468.674072265625
1778.0	1444.431884765625
1779.0	1433.333251953125
1780.0	1445.788818359375
1781.0	1467.8798828125
1782.0	1479.9755859375
1783.0	1476.0274658203125
1784.0	1467.171142578125
1785.0	1463.3204345703125
1786.0	1458.26123046875
1787.0	1439.033203125
1788.0	1405.6485595703125
1789.0	1384.7943115234375
1790.0	1402.913818359375
1791.0	1442.9815673828125
1792.0	1458.6607666015625
1793.0	1424.061767578125
1794.0	1381.452392578125
1795.0	1384.5537109375
1796.0	1432.9898681640625
1797.0	1472.286865234375
1798.0	1458.1910400390625
1799.0	1410.4249267578125
1800.0	1368.696044921875
1801.0	1356.9962158203125
1802.0	1376.614501953125
1803.0	1424.0574951171875
1804.0	1472.843994140625
1805.0	1486.0635986328125
1806.0	1451.327880859375
1807.0	1406.6927490234375
1808.0	1392.4580078125
1809.0	1403.580810546875
1810.0	1406.044921875
1811.0	1379.797119140625
1812.0	1345.2442626953125
1813.0	1328.536376953125
1814.0	1333.9605712890625
1815.0	1347.593017578125
1816.0	1357.82763671875
1817.0	1363.882080078125
1818.0	1367.435791015625
1819.0	1367.865234375
1820.0	1362.056640625
1821.0	1348.6998291015625
1822.0	1336.0018310546875
1823.0	1334.855712890625
1824.0	1346.5689697265625
1825.0	1359.9979248046875
1826.0	1364.6231689453125
1827.0	1358.8331298828125
1828.0	1344.4302978515625
1829.0	1326.1103515625
1830.0	1313.083740234375
1831.0	1313.0220947265625
1832.0	1319.767333984375
1833.0	1321.2186279296875
1834.0	1312.8590087890625
1835.0	1303.78369140625
1836.0	1303.327880859375
1837.0	1310.94970703125
1838.0	1321.1776123046875
1839.0	1330.69921875
1840.0	1340.4666748046875
1841.0	1351.1107177734375
1842.0	1355.7076416015625
1843.0	1343.2957763671875
1844.0	1314.6181640625
1845.0	1295.2039794921875
1846.0	1309.7149658203125
1847.0	1344.1656494140625
1848.0	1363.084716796875
1849.0	1349.7259521484375
1850.0	1327.353515625
1851.0	1321.57470703125
1852.0	1331.676513671875
1853.0	1342.26708984375
1854.0	1343.126953125
1855.0	1335.2886962890625
1856.0	1321.125732421875
1857.0	1302.203857421875
1858.0	1279.6807861328125
1859.0	1258.95458984375
1860.0	1253.896484375
1861.0	1276.261474609375
1862.0	1311.515869140625
1863.0	1332.1240234375
1864.0	1325.6732177734375
1865.0	1306.9853515625
1866.0	1291.952880859375
1867.0	1283.487060546875
1868.0	1278.71484375
1869.0	1276.89306640625
1870.0	1280.7449951171875
1871.0	1292.0618896484375
1872.0	1304.781005859375
1873.0	1309.9456787109375
1874.0	1305.243896484375
1875.0	1297.2349853515625
1876.0	1292.21337890625
1877.0	1291.989501953125
1878.0	1296.7313232421875
1879.0	1300.47607421875
1880.0	1290.455078125
1881.0	1260.041748046875
1882.0	1227.830322265625
1883.0	1217.350341796875
1884.0	1230.3985595703125
1885.0	1249.7042236328125
1886.0	1262.28271484375
1887.0	1269.811279296875
1888.0	1276.146728515625
1889.0	1278.82275390625
1890.0	1271.2440185546875
1891.0	1251.2080078125
1892.0	1226.2005615234375
1893.0	1204.881103515625
1894.0	1195.126953125
1895.0	1204.2457275390625
1896.0	1228.71240234375
1897.0	1248.511962890625
1898.0	1247.7041015625
1899.0	1238.994140625
1900.0	1243.6502685546875
1901.0	1262.7735595703125
1902.0	1276.2110595703125
1903.0	1269.8553466796875
1904.0	1253.9083251953125
1905.0	1242.79541015625
1906.0	1237.5552978515625
1907.0	1229.745849609375
1908.0	1218.2662353515625
1909.0	1218.3858642578125
1910.0	1243.561279296875
1911.0	1278.000244140625
1912.0	1293.3013916015625
1913.0	1282.878662109375
1914.0	1270.104248046875
1915.0	1272.37353515625
1916.0	1272.502685546875
1917.0	1246.2274169921875
1918.0	1204.767822265625
1919.0	1188.83447265625
1920.0	1218.2174072265625
1921.0	1259.7247314453125
1922.0	1276.738037109375
1923.0	1268.968017578125
1924.0	1253.7242431640625
1925.0	1243.9703369140625
1926.0	1246.556640625
1927.0	1264.1868896484375
1928.0	1284.29345703125
1929.0	1290.9879150390625
1930.0	1277.559326171875
1931.0	1244.4229736328125
1932.0	1202.295654296875
1933.0	1183.2481689453125
1934.0	1213.1536865234375
1935.0	1259.8974609375
1936.0	1269.869384765625
1937.0	1237.46435546875
1938.0	1210.4285888671875
1939.0	1220.0833740234375
1940.0	1238.982177734375
1941.0	1232.810546875
1942.0	1209.015869140625
1943.0	1197.9825439453125
1944.0	1208.81005859375
1945.0	1218.6591796875
1946.0	1209.4237060546875
1947.0	1193.1612548828125
1948.0	1188.619140625
1949.0	1200.1458740234375
1950.0	1221.817626953125
1951.0	1244.308837890625
1952.0	1252.442626953125
1953.0	1235.107666015625
1954.0	1205.0799560546875
1955.0	1181.713623046875
1956.0	1167.4420166015625
1957.0	1150.676513671875
1958.0	1130.6748046875
1959.0	1129.83837890625
1960.0	1165.2099609375
1961.0	1208.1058349609375
1962.0	1216.3746337890625
1963.0	1191.541259765625
1964.0	1173.363037109375
1965.0	1182.718994140625
1966.0	1196.704345703125
1967.0	1191.89599609375
1968.0	1174.88916015625
1969.0	1162.3974609375
1970.0	1160.7659912109375
1971.0	1167.4486083984375
1972.0	1177.29736328125
1973.0	1180.4085693359375
1974.0	1169.783203125
1975.0	1156.7177734375
1976.0	1157.359619140625
1977.0	1170.298583984375
1978.0	1180.33740234375
1979.0	1180.4049072265625
1980.0	1178.64599609375
1981.0	1183.3758544921875
1982.0	1196.7412109375
1983.0	1218.2967529296875
1984.0	1236.8292236328125
1985.0	1234.356689453125
1986.0	1207.9027099609375
1987.0	1176.334716796875
1988.0	1157.297607421875
1989.0	1158.6580810546875
1990.0	1183.007568359375
1991.0	1205.712890625
1992.0	1190.197021484375
1993.0	1144.8408203125
1994.0	1126.639892578125
1995.0	1162.5953369140625
1996.0	1203.1859130859375
1997.0	1199.7122802734375
1998.0	1169.59423828125
1999.0	1150.972900390625
2000.0	1150.526123046875
2001.0	1151.4847412109375
2002.0	1146.4151611328125
2003.0	1143.3797607421875
2004.0	1148.86572265625
2005.0	1159.583740234375
2006.0	1171.058837890625
2007.0	1185.3363037109375
2008.0	1206.6937255859375
2009.0	1223.203125
2010.0	1207.723388671875
2011.0	1154.5953369140625
2012.0	1101.061767578125
2013.0	1078.7471923828125
2014.0	1075.799560546875
2015.0	1072.345703125
2016.0	1078.118408203125
2017.0	1117.5224609375
2018.0	1178.93212890625
2019.0	1212.7645263671875
2020.0	1193.8514404296875
2021.0	1150.86376953125
2022.0	1115.3770751953125
2023.0	1103.2296142578125
2024.0	1122.687744140625
2025.0	1151.462158203125
2026.0	1152.513427734375
2027.0	1121.3349609375
2028.0	1085.9998779296875
2029.0	1065.0869140625
2030.0	1056.549072265625
2031.0	1058.155517578125
2032.0	1075.37939453125
2033.0	1111.660400390625
2034.0	1142.402099609375
2035.0	1132.85205078125
2036.0	1088.8997802734375
2037.0	1050.0093994140625
2038.0	1039.10107421875
2039.0	1053.0296630859375
2040.0	1086.11962890625
2041.0	1131.5477294921875
2042.0	1179.5963134765625
2043.0	1206.376953125
2044.0	1187.93408203125
2045.0	1147.4267578125
2046.0	1133.67578125
2047.0	1144.2615966796875
2048.0	1124.2994384765625
2049.0	1062.201171875
2050.0	1028.1484375
2051.0	1066.2984619140625
2052.0	1112.07421875
2053.0	1096.8167724609375
2054.0	1051.260498046875
2055.0	1035.7294921875
2056.0	1047.701416015625
2057.0	1048.10888671875
2058.0	1033.6015625
2059.0	1036.717041015625
2060.0	1065.6883544921875
2061.0	1086.0670166015625
2062.0	1072.5269775390625
2063.0	1036.490966796875
2064.0	996.8269653320312
2065.0	977.4654541015625
2066.0	999.3585205078125
2067.0	1045.6297607421875
2068.0	1081.84814453125
2069.0	1095.14111328125
2070.0	1089.894775390625
2071.0	1074.869140625
2072.0	1063.5732421875
2073.0	1061.62109375
2074.0	1058.718505859375
2075.0	1046.6656494140625
2076.0	1029.262451171875
2077.0	1012.6945190429688
2078.0	1003.6366577148438
2079.0	1006.570068359375
2080.0	1006.8764038085938
2081.0	984.0110473632812
2082.0	964.1148071289062
2083.0	1004.6588134765625
2084.0	1089.465576171875
2085.0	1122.950439453125
2086.0	1077.21484375
2087.0	1039.357421875
2088.0	1063.65576171875
2089.0	1102.377685546875
2090.0	1109.0460205078125
2091.0	1093.848388671875
2092.0	1076.16015625
2093.0	1057.10400390625
2094.0	1033.1175537109375
2095.0	1012.5294189453125
2096.0	1008.3659057617188
2097.0	1019.6121826171875
2098.0	1035.539794921875
2099.0	1046.09228515625
2100.0	1042.200439453125
2101.0	1021.2163696289062
2102.0	988.9155883789062
2103.0	962.8743896484375
2104.0	980.7068481445312
2105.0	1050.7435302734375
2106.0	1102.921142578125
2107.0	1084.056640625
2108.0	1040.5782470703125
2109.0	1026.96826171875
2110.0	1033.6390380859375
2111.0	1035.35595703125
2112.0	1029.794677734375
2113.0	1023.6549682617188
2114.0	1022.3639526367188
2115.0	1030.143310546875
2116.0	1044.5560302734375
2117.0	1058.6015625
2118.0	1066.0244140625
2119.0	1061.5660400390625
2120.0	1047.3531494140625
2121.0	1033.583251953125
2122.0	1026.2415771484375
2123.0	1024.794189453125
2124.0	1028.2891845703125
2125.0	1035.8885498046875
2126.0	1044.9012451171875
2127.0	1048.59228515625
2128.0	1042.067626953125
2129.0	1026.8934326171875
2130.0	1008.4590454101562
2131.0	1001.2924194335938
2132.0	1013.79833984375
2133.0	1021.2808837890625
2134.0	999.86474609375
2135.0	973.2611694335938
2136.0	972.2977905273438
2137.0	978.9603881835938
2138.0	963.1068725585938
2139.0	941.3336181640625
2140.0	946.7363891601562
2141.0	972.354248046875
2142.0	992.7438354492188
2143.0	1011.875732421875
2144.0	1049.127197265625
2145.0	1091.5330810546875
2146.0	1105.2371826171875
2147.0	1081.204833984375
2148.0	1030.247314453125
2149.0	970.6149291992188
2150.0	925.628173828125
2151.0	900.7147827148438
2152.0	884.8335571289062
2153.0	883.0103149414062
2154.0	916.0748901367188
2155.0	964.8470458984375
2156.0	965.6403198242188
2157.0	917.154296875
2158.0	894.413818359375
2159.0	913.6533813476562
2160.0	910.0640869140625
2161.0	872.3330078125
2162.0	868.824462890625
2163.0	916.6304931640625
2164.0	951.1668701171875
2165.0	942.1546630859375
2166.0	919.4124145507812
2167.0	901.883056640625
2168.0	884.6956787109375
2169.0	871.8372192382812
2170.0	883.8065795898438
2171.0	912.724853515625
2172.0	904.8391723632812
2173.0	852.0455322265625
2174.0	823.0084838867188
2175.0	838.3367309570312
2176.0	836.11279296875
2177.0	800.5591430664062
2178.0	795.595947265625
2179.0	827.6465454101562
2180.0	809.6185302734375
2181.0	729.6621704101562
2182.0	690.5855712890625
2183.0	723.842529296875
2184.0	755.4205322265625
2185.0	755.2235717773438
2186.0	757.3703002929688
2187.0	774.8543090820312
2188.0	790.6117553710938
2189.0	794.863525390625
2190.0	787.6260986328125
2191.0	762.4918823242188
2192.0	708.2238159179688
2193.0	659.4510498046875
2194.0	687.5115966796875
2195.0	763.9654541015625
2196.0	782.9030151367188
2197.0	735.8510131835938
2198.0	686.4684448242188
2199.0	665.19580078125
2200.0	676.437255859375
2201.0	699.3599853515625
2202.0	703.2523193359375
2203.0	697.2066650390625
2204.0	705.3217163085938
2205.0	715.8759155273438
2206.0	708.09228515625
2207.0	700.3587036132812
2208.0	715.9678955078125
2209.0	731.3333740234375
2210.0	719.4412841796875
2211.0	697.3763427734375
2212.0	684.9364624023438
2213.0	674.9574584960938
2214.0	661.637939453125
2215.0	657.1495361328125
2216.0	661.7616577148438
2217.0	644.8723754882812
2218.0	608.7907104492188
2219.0	616.7297973632812
2220.0	671.2970581054688
2221.0	688.9637451171875
2222.0	654.3424072265625
2223.0	629.6438598632812
2224.0	634.038818359375
2225.0	647.92236328125
2226.0	655.2952880859375
2227.0	645.7620239257812
2228.0	629.6148681640625
2229.0	623.7352905273438
2230.0	622.1788940429688
2231.0	616.6400756835938
2232.0	627.1800537109375
2233.0	666.509033203125
2234.0	697.5899047851562
2235.0	692.57763671875
2236.0	669.09033203125
2237.0	647.27294921875
2238.0	639.910400390625
2239.0	641.2974853515625
2240.0	625.361083984375
2241.0	595.5789794921875
2242.0	581.043701171875
2243.0	586.2796630859375
2244.0	600.349365234375
2245.0	618.60791015625
2246.0	634.0099487304688
2247.0	613.1625366210938
2248.0	546.190185546875
2249.0	525.48681640625
2250.0	586.7944946289062
2251.0	600.0398559570312
2252.0	531.765380859375
2253.0	518.341552734375
2254.0	571.8656616210938
2255.0	577.0127563476562
2256.0	549.3572998046875
2257.0	578.2269897460938
2258.0	617.0985107421875
2259.0	590.1356201171875
2260.0	567.057373046875
2261.0	611.777099609375
2262.0	657.130859375
2263.0	651.5872802734375
2264.0	612.5843505859375
2265.0	567.6005859375
2266.0	544.8727416992188
2267.0	537.71875
2268.0	520.221435546875
2269.0	513.0830688476562
2270.0	541.44384765625
2271.0	559.6411743164062
2272.0	540.1637573242188
2273.0	546.8333740234375
2274.0	593.2747802734375
2275.0	599.1614990234375
2276.0	557.9789428710938
2277.0	530.6494750976562
2278.0	499.8257751464844
2279.0	428.8277587890625
2280.0	412.776611328125
2281.0	514.2709350585938
2282.0	588.5888671875
2283.0	557.1299438476562
2284.0	503.5852966308594
2285.0	482.03326416015625
2286.0	501.4237365722656
2287.0	532.9619140625
2288.0	536.4764404296875
2289.0	507.8313293457031
2290.0	465.1810302734375
2291.0	454.3625183105469
2292.0	486.478515625
2293.0	521.8926391601562
2294.0	535.833251953125
2295.0	520.3888549804688
2296.0	487.54779052734375
2297.0	459.50537109375
2298.0	465.75823974609375
2299.0	503.55548095703125
2300.0	515.7638549804688
2301.0	495.7615966796875
2302.0	482.9068908691406
2303.0	482.7384338378906
2304.0	486.2579650878906
2305.0	492.9082946777344
2306.0	501.2762756347656
2307.0	505.3159484863281
2308.0	506.55267333984375
2309.0	512.2296142578125
2310.0	515.9483642578125
2311.0	505.64422607421875
2312.0	472.8673095703125
2313.0	437.014892578125
2314.0	457.0155029296875
2315.0	487.73565673828125
2316.0	425.9264831542969
2317.0	375.3786315917969
2318.0	441.4666748046875
2319.0	494.6174011230469
2320.0	468.1059265136719
2321.0	431.7496643066406
2322.0	417.44122314453125
2323.0	425.3536071777344
2324.0	449.5097961425781
2325.0	476.0710144042969
2326.0	480.876953125
2327.0	480.8755187988281
2328.0	515.7518310546875
2329.0	511.4042663574219
2330.0	413.4999084472656
2331.0	356.2888488769531
2332.0	384.3722229003906
2333.0	400.2877502441406
2334.0	390.3560485839844
2335.0	388.02398681640625
2336.0	408.8899230957031
2337.0	442.1880798339844
2338.0	447.2273254394531
2339.0	429.1712951660156
2340.0	418.58392333984375
2341.0	414.14227294921875
2342.0	415.6720275878906
2343.0	437.1580505371094
2344.0	447.59747314453125
2345.0	403.76007080078125
2346.0	362.9823913574219
2347.0	369.3384094238281
2348.0	391.6525573730469
2349.0	410.56109619140625
2350.0	418.4856872558594
2351.0	394.5716857910156
2352.0	352.11798095703125
2353.0	362.5473327636719
2354.0	395.2496337890625
2355.0	379.7232971191406
2356.0	388.3306579589844
2357.0	436.8558044433594
2358.0	414.9895935058594
2359.0	379.0375061035156
2360.0	426.2777099609375
2361.0	443.6751708984375
2362.0	402.73193359375
2363.0	413.1752624511719
2364.0	431.3136901855469
2365.0	401.308837890625
2366.0	417.1200256347656
2367.0	443.1554870605469
2368.0	353.4268493652344
2369.0	286.99676513671875
2370.0	342.60418701171875
2371.0	401.9316711425781
2372.0	414.9465637207031
2373.0	395.19488525390625
2374.0	374.6146240234375
2375.0	363.8424987792969
2376.0	347.9561462402344
2377.0	329.83111572265625
2378.0	320.6993713378906
2379.0	330.90216064453125
2380.0	339.7729187011719
2381.0	324.28912353515625
2382.0	323.8775939941406
2383.0	349.3111572265625
2384.0	367.2410888671875
2385.0	360.18292236328125
2386.0	333.4508056640625
2387.0	319.4562683105469
2388.0	343.1933288574219
2389.0	397.94488525390625
2390.0	411.540771484375
2391.0	388.80828857421875
2392.0	389.0691833496094
2393.0	386.5404357910156
2394.0	367.1600341796875
2395.0	353.5769348144531
2396.0	335.5256042480469
2397.0	312.29901123046875
2398.0	318.06005859375
2399.0	352.4079895019531
2400.0	384.85888671875
2401.0	369.2536315917969
2402.0	346.2754211425781
2403.0	371.73028564453125
2404.0	364.1778564453125
2405.0	325.1039733886719
2406.0	322.7422180175781
2407.0	314.35552978515625
2408.0	302.4463195800781
2409.0	341.8175048828125
2410.0	371.3472900390625
2411.0	354.9247131347656
2412.0	334.39288330078125
2413.0	357.1293029785156
2414.0	397.541748046875
2415.0	355.4742431640625
2416.0	304.7015075683594
2417.0	305.85369873046875
2418.0	301.4526672363281
2419.0	293.7204895019531
2420.0	306.8346252441406
2421.0	346.12158203125
2422.0	371.9744873046875
2423.0	363.0190734863281
2424.0	354.77288818359375
2425.0	354.1405334472656
2426.0	350.62603759765625
2427.0	331.6152648925781
2428.0	301.3313293457031
2429.0	294.9687194824219
2430.0	360.0066223144531
2431.0	400.64874267578125
2432.0	373.0889892578125
2433.0	361.169921875
2434.0	353.31463623046875
2435.0	347.48211669921875
2436.0	372.2257995605469
2437.0	359.7771301269531
2438.0	314.8857421875
2439.0	310.673095703125
2440.0	309.8890380859375
2441.0	311.15789794921875
2442.0	329.81561279296875
2443.0	300.7958068847656
2444.0	288.2607727050781
2445.0	353.9693603515625
2446.0	378.070556640625
2447.0	366.5899658203125
2448.0	357.02484130859375
2449.0	331.3547058105469
2450.0	299.02294921875
2451.0	287.6349182128906
2452.0	313.4088134765625
2453.0	324.96405029296875
2454.0	299.0349426269531
2455.0	263.1923522949219
2456.0	277.33184814453125
2457.0	322.29083251953125
2458.0	339.8431701660156
2459.0	297.7521667480469
2460.0	264.0036926269531
2461.0	269.70062255859375
2462.0	289.239501953125
2463.0	316.19140625
2464.0	329.5890197753906
2465.0	315.2698669433594
2466.0	294.6169738769531
2467.0	319.75042724609375
2468.0	342.0763244628906
2469.0	290.3229064941406
2470.0	286.57586669921875
2471.0	296.5299377441406
2472.0	295.6451721191406
2473.0	360.78778076171875
2474.0	376.9856262207031
2475.0	347.2218322753906
2476.0	337.6196594238281
2477.0	306.6064147949219
2478.0	293.0216369628906
2479.0	311.99896240234375
2480.0	326.6400451660156
2481.0	318.064697265625
2482.0	321.5856628417969
2483.0	344.9087219238281
2484.0	346.140625
2485.0	319.6468200683594
2486.0	305.0643310546875
2487.0	325.8265380859375
2488.0	348.284912109375
2489.0	319.2037353515625
2490.0	310.5514221191406
2491.0	355.5041198730469
2492.0	362.52606201171875
2493.0	326.20111083984375
2494.0	335.57818603515625
2495.0	378.3387451171875
2496.0	341.8424987792969
2497.0	330.0572509765625
2498.0	300.394775390625
2499.0	256.624755859375
2500.0	294.7416687011719
