300.0	18651.61328125
301.0	18431.375
302.0	18224.556640625
303.0	18029.640625
304.0	17839.78515625
305.0	17647.900390625
306.0	17446.998046875
307.0	17236.6953125
308.0	17026.935546875
309.0	16828.564453125
310.0	16652.3984375
311.0	16502.8046875
312.0	16368.9140625
313.0	16237.6572265625
314.0	16095.966796875
315.0	15935.91796875
316.0	15767.830078125
317.0	15606.0595703125
318.0	15464.9716796875
319.0	15355.78125
320.0	15272.1611328125
321.0	15201.703125
322.0	15131.99609375
323.0	15051.912109375
324.0	14961.126953125
325.0	14864.7353515625
326.0	14767.8671875
327.0	14675.5302734375
328.0	14590.97265625
329.0	14516.16796875
330.0	14453.05859375
331.0	14403.3408203125
332.0	14362.8564453125
333.0	14321.427734375
334.0	14268.6083984375
335.0	14194.189453125
336.0	14099.9189453125
337.0	14004.8056640625
338.0	13929.208984375
339.0	13893.3759765625
340.0	13902.88671875
341.0	13934.03515625
342.0	13959.640625
343.0	13952.533203125
344.0	13897.3828125
345.0	13812.048828125
346.0	13720.15625
347.0	13645.3330078125
348.0	13604.6923828125
349.0	13589.279296875
350.0	13583.6259765625
351.0	13572.26171875
352.0	13542.7119140625
353.0	13499.169921875
354.0	13451.61328125
355.0	13410.0244140625
356.0	13383.1357421875
357.0	13369.84765625
358.0	13364.3984375
359.0	13360.994140625
360.0	13354.1767578125
361.0	13342.2626953125
362.0	13325.986328125
363.0	13306.1201171875
364.0	13283.607421875
365.0	13262.2548828125
366.0	13248.255859375
367.0	13247.873046875
368.0	13267.16015625
369.0	13306.5322265625
370.0	13360.3076171875
371.0	13422.50390625
372.0	13487.197265625
373.0	13551.333984375
374.0	13615.7822265625
375.0	13681.689453125
376.0	13750.1787109375
377.0	13819.974609375
378.0	13885.6318359375
379.0	13941.2861328125
380.0	13981.0869140625
381.0	14001.935546875
382.0	14006.875
383.0	13999.783203125
384.0	13984.53125
385.0	13962.6943359375
386.0	13929.404296875
387.0	13878.671875
388.0	13804.5078125
389.0	13705.3466796875
390.0	13595.3173828125
391.0	13492.0224609375
392.0	13413.0703125
393.0	13370.89453125
394.0	13354.6044921875
395.0	13346.73828125
396.0	13329.828125
397.0	13290.2431640625
398.0	13235.7001953125
399.0	13181.32421875
400.0	13142.2421875
401.0	13131.0185546875
402.0	13142.423828125
403.0	13163.693359375
404.0	13182.037109375
405.0	13186.4794921875
406.0	13181.86328125
407.0	13181.1728515625
408.0	13197.4619140625
409.0	13241.8232421875
410.0	13304.4052734375
411.0	13362.6591796875
412.0	13393.861328125
413.0	13377.3271484375
414.0	13319.55078125
415.0	13246.3583984375
416.0	13183.990234375
417.0	13157.3740234375
418.0	13170.2353515625
419.0	13209.0830078125
420.0	13259.9326171875
421.0	13309.1240234375
422.0	13349.5146484375
423.0	13379.9921875
424.0	13399.6669921875
425.0	13407.869140625
426.0	13409.45703125
427.0	13415.1083984375
428.0	13435.7802734375
429.0	13482.0458984375
430.0	13552.626953125
431.0	13632.38671875
432.0	13705.39453125
433.0	13756.0146484375
434.0	13779.8828125
435.0	13787.2802734375
436.0	13789.46875
437.0	13797.544921875
438.0	13814.66015625
439.0	13832.4853515625
440.0	13841.791015625
441.0	13833.4609375
442.0	13805.05859375
443.0	13764.5869140625
444.0	13720.966796875
445.0	13683.0576171875
446.0	13655.34375
447.0	13634.900390625
448.0	13618.08203125
449.0	13601.2958984375
450.0	13585.96484375
451.0	13582.751953125
452.0	13603.30859375
453.0	13659.1806640625
454.0	13749.21875
455.0	13847.6103515625
456.0	13925.712890625
457.0	13954.98828125
458.0	13923.2109375
459.0	13851.6162109375
460.0	13765.546875
461.0	13690.2783203125
462.0	13639.9228515625
463.0	13605.037109375
464.0	13573.1884765625
465.0	13531.9775390625
466.0	13475.2197265625
467.0	13410.2119140625
468.0	13346.0146484375
469.0	13291.67578125
470.0	13252.431640625
471.0	13225.0302734375
472.0	13205.0693359375
473.0	13188.1591796875
474.0	13172.6875
475.0	13163.4169921875
476.0	13166.0009765625
477.0	13186.0712890625
478.0	13223.66015625
479.0	13265.9560546875
480.0	13298.35546875
481.0	13306.2978515625
482.0	13285.19140625
483.0	13252.6787109375
484.0	13229.412109375
485.0	13235.978515625
486.0	13279.53515625
487.0	13337.2646484375
488.0	13382.3017578125
489.0	13387.8779296875
490.0	13344.2724609375
491.0	13277.736328125
492.0	13219.078125
493.0	13198.9921875
494.0	13230.6923828125
495.0	13291.51953125
496.0	13354.416015625
497.0	13392.4228515625
498.0	13391.1201171875
499.0	13360.4365234375
500.0	13313.0966796875
501.0	13261.8046875
502.0	13217.1357421875
503.0	13185.7412109375
504.0	13173.8505859375
505.0	13187.607421875
506.0	13225.55859375
507.0	13273.025390625
508.0	13314.005859375
509.0	13332.67578125
510.0	13325.26171875
511.0	13307.3349609375
512.0	13296.2138671875
513.0	13308.9755859375
514.0	13350.59765625
515.0	13408.5908203125
516.0	13469.103515625
517.0	13518.4365234375
518.0	13549.2705078125
519.0	13562.7880859375
520.0	13560.7626953125
521.0	13544.9267578125
522.0	13515.638671875
523.0	13471.609375
524.0	13411.451171875
525.0	13334.111328125
526.0	13246.953125
527.0	13166.220703125
528.0	13108.576171875
529.0	13089.7626953125
530.0	13106.2685546875
531.0	13136.296875
532.0	13157.3291015625
533.0	13148.177734375
534.0	13110.0927734375
535.0	13063.0166015625
536.0	13027.4609375
537.0	13022.3974609375
538.0	13046.2626953125
539.0	13082.888671875
540.0	13115.796875
541.0	13129.646484375
542.0	13121.2861328125
543.0	13094.9443359375
544.0	13054.955078125
545.0	13006.15625
546.0	12957.7744140625
547.0	12921.294921875
548.0	12908.22265625
549.0	12927.72265625
550.0	12972.25
551.0	13026.96875
552.0	13077.0146484375
553.0	13109.91015625
554.0	13126.90625
555.0	13134.15234375
556.0	13137.80078125
557.0	13142.89453125
558.0	13149.2890625
559.0	13155.3427734375
560.0	13159.4111328125
561.0	13160.1689453125
562.0	13157.466796875
563.0	13151.4248046875
564.0	13142.162109375
565.0	13130.759765625
566.0	13121.0771484375
567.0	13117.4716796875
568.0	13124.283203125
569.0	13141.1435546875
570.0	13156.8974609375
571.0	13158.876953125
572.0	13134.556640625
573.0	13083.7353515625
574.0	13028.2890625
575.0	12992.3798828125
576.0	12999.7177734375
577.0	13052.6884765625
578.0	13123.705078125
579.0	13182.9287109375
580.0	13201.48828125
581.0	13176.2626953125
582.0	13131.978515625
583.0	13094.7509765625
584.0	13089.4541015625
585.0	13119.166015625
586.0	13168.31640625
587.0	13220.73828125
588.0	13260.7626953125
589.0	13278.4716796875
590.0	13267.625
591.0	13222.044921875
592.0	13138.7109375
593.0	13040.369140625
594.0	12962.314453125
595.0	12939.931640625
596.0	12999.6376953125
597.0	13116.32421875
598.0	13246.494140625
599.0	13346.6298828125
600.0	13384.2919921875
601.0	13372.6904296875
602.0	13336.8017578125
603.0	13301.591796875
604.0	13284.9619140625
605.0	13284.42578125
606.0	13293.837890625
607.0	13307.0712890625
608.0	13320.26953125
609.0	13334.2421875
610.0	13350.37109375
611.0	13370.03125
612.0	13394.134765625
613.0	13422.912109375
614.0	13456.5390625
615.0	13495.0849609375
616.0	13535.94921875
617.0	13573.720703125
618.0	13602.8466796875
619.0	13618.443359375
620.0	13625.099609375
621.0	13634.5126953125
622.0	13658.5537109375
623.0	13707.1513671875
624.0	13772.7275390625
625.0	13838.4482421875
626.0	13887.3916015625
627.0	13906.2822265625
628.0	13902.8095703125
629.0	13892.1416015625
630.0	13889.45703125
631.0	13906.2138671875
632.0	13939.8798828125
633.0	13984.625
634.0	14034.6220703125
635.0	14085.65234375
636.0	14137.3984375
637.0	14190.1220703125
638.0	14244.0673828125
639.0	14298.2216796875
640.0	14349.556640625
641.0	14394.8623046875
642.0	14430.9951171875
643.0	14456.5576171875
644.0	14472.048828125
645.0	14478.060546875
646.0	14475.34375
647.0	14466.7998046875
648.0	14456.8564453125
649.0	14449.97265625
650.0	14450.0107421875
651.0	14456.267578125
652.0	14465.93359375
653.0	14476.1884765625
654.0	14485.9248046875
655.0	14501.984375
656.0	14533.5185546875
657.0	14589.66796875
658.0	14673.47265625
659.0	14770.8583984375
660.0	14864.7744140625
661.0	14938.2255859375
662.0	14978.93359375
663.0	14982.8251953125
664.0	14946.66015625
665.0	14867.8291015625
666.0	14761.578125
667.0	14662.9697265625
668.0	14608.09765625
669.0	14629.671875
670.0	14717.025390625
671.0	14829.4423828125
672.0	14925.60546875
673.0	14969.759765625
674.0	14964.703125
675.0	14929.5703125
676.0	14883.548828125
677.0	14843.1513671875
678.0	14814.484375
679.0	14801.1318359375
680.0	14806.6484375
681.0	14828.5615234375
682.0	14850.5556640625
683.0	14854.3828125
684.0	14822.5283203125
685.0	14767.8232421875
686.0	14743.564453125
687.0	14805.8623046875
688.0	15005.2236328125
689.0	15301.2734375
690.0	15579.9111328125
691.0	15724.91015625
692.0	15638.919921875
693.0	15373.43359375
694.0	15050.478515625
695.0	14792.505859375
696.0	14692.2119140625
697.0	14719.6435546875
698.0	14813.255859375
699.0	14911.5791015625
700.0	14972.6904296875
701.0	14999.5078125
702.0	15001.2119140625
703.0	14986.9521484375
704.0	14964.578125
705.0	14940.251953125
706.0	14920.021484375
707.0	14909.31640625
708.0	14904.9873046875
709.0	14897.6220703125
710.0	14877.6650390625
711.0	14838.3828125
712.0	14791.3955078125
713.0	14755.673828125
714.0	14750.2021484375
715.0	14784.658203125
716.0	14837.57421875
717.0	14880.990234375
718.0	14887.1416015625
719.0	14846.62109375
720.0	14782.8603515625
721.0	14722.69921875
722.0	14691.884765625
723.0	14692.1640625
724.0	14701.90234375
725.0	14698.4951171875
726.0	14662.2783203125
727.0	14600.03515625
728.0	14532.5498046875
729.0	14480.7333984375
730.0	14459.7890625
731.0	14460.6748046875
732.0	14467.9091796875
733.0	14466.056640625
734.0	14447.171875
735.0	14419.1044921875
736.0	14391.708984375
737.0	14374.4423828125
738.0	14365.5185546875
739.0	14350.6826171875
740.0	14315.02734375
741.0	14246.443359375
742.0	14160.6884765625
743.0	14089.5244140625
744.0	14064.8984375
745.0	14105.982421875
746.0	14174.2958984375
747.0	14215.1171875
748.0	14173.908203125
749.0	14027.2568359375
750.0	13817.427734375
751.0	13595.017578125
752.0	13409.91015625
753.0	13293.0849609375
754.0	13255.068359375
755.0	13305.373046875
756.0	13449.2529296875
757.0	13652.375
758.0	13858.8740234375
759.0	14012.6669921875
760.0	14072.3583984375
761.0	14055.306640625
762.0	13993.5556640625
763.0	13919.0712890625
764.0	13855.947265625
765.0	13813.8046875
766.0	13800.712890625
767.0	13823.912109375
768.0	13874.8095703125
769.0	13930.54296875
770.0	13967.7421875
771.0	13967.3232421875
772.0	13939.912109375
773.0	13908.728515625
774.0	13897.029296875
775.0	13917.22265625
776.0	13949.4853515625
777.0	13968.03125
778.0	13947.6513671875
779.0	13888.27734375
780.0	13824.267578125
781.0	13792.4736328125
782.0	13825.767578125
783.0	13911.3359375
784.0	14007.1572265625
785.0	14070.7294921875
786.0	14071.48046875
787.0	14032.6142578125
788.0	13992.498046875
789.0	13989.298828125
790.0	14037.7607421875
791.0	14107.1279296875
792.0	14161.412109375
793.0	14166.5830078125
794.0	14124.4765625
795.0	14068.4150390625
796.0	14032.7900390625
797.0	14046.3095703125
798.0	14101.8486328125
799.0	14178.3330078125
800.0	14254.677734375
801.0	14314.9189453125
802.0	14355.908203125
803.0	14376.462890625
804.0	14375.6171875
805.0	14358.2099609375
806.0	14335.3466796875
807.0	14318.44921875
808.0	14317.9970703125
809.0	14337.0537109375
810.0	14375.1630859375
811.0	14431.8505859375
812.0	14504.1728515625
813.0	14581.6376953125
814.0	14652.3154296875
815.0	14704.5107421875
816.0	14735.2353515625
817.0	14752.517578125
818.0	14765.0908203125
819.0	14780.9326171875
820.0	14801.20703125
821.0	14823.470703125
822.0	14845.248046875
823.0	14865.109375
824.0	14885.1142578125
825.0	14908.0478515625
826.0	14936.625
827.0	14970.50390625
828.0	15005.2734375
829.0	15036.2353515625
830.0	15059.4150390625
831.0	15077.55078125
832.0	15097.0361328125
833.0	15124.294921875
834.0	15163.3720703125
835.0	15210.5634765625
836.0	15260.6044921875
837.0	15308.296875
838.0	15351.0234375
839.0	15389.4287109375
840.0	15424.3720703125
841.0	15456.2939453125
842.0	15482.0419921875
843.0	15496.60546875
844.0	15494.9658203125
845.0	15475.546875
846.0	15446.9931640625
847.0	15419.8466796875
848.0	15404.4248046875
849.0	15404.564453125
850.0	15416.7109375
851.0	15436.9111328125
852.0	15461.4853515625
853.0	15488.724609375
854.0	15517.779296875
855.0	15547.80078125
856.0	15577.453125
857.0	15604.21875
858.0	15625.404296875
859.0	15638.5244140625
860.0	15645.30078125
861.0	15651.3408203125
862.0	15662.3974609375
863.0	15682.29296875
864.0	15704.390625
865.0	15718.5341796875
866.0	15714.6650390625
867.0	15692.4638671875
868.0	15669.5341796875
869.0	15665.3955078125
870.0	15697.4453125
871.0	15756.7666015625
872.0	15816.6953125
873.0	15850.23828125
874.0	15837.7197265625
875.0	15787.0400390625
876.0	15712.5859375
877.0	15628.705078125
878.0	15548.046875
879.0	15481.119140625
880.0	15438.2939453125
881.0	15427.6669921875
882.0	15439.9609375
883.0	15457.8984375
884.0	15464.1787109375
885.0	15448.01953125
886.0	15414.029296875
887.0	15369.0322265625
888.0	15319.6728515625
889.0	15269.51953125
890.0	15219.5751953125
891.0	15170.771484375
892.0	15123.279296875
893.0	15073.9833984375
894.0	15018.8603515625
895.0	14954.048828125
896.0	14882.9091796875
897.0	14818.9765625
898.0	14776.5478515625
899.0	14766.982421875
900.0	14777.7705078125
901.0	14784.7607421875
902.0	14763.779296875
903.0	14704.8349609375
904.0	14631.4189453125
905.0	14571.84765625
906.0	14552.4052734375
907.0	14567.744140625
908.0	14587.509765625
909.0	14580.6669921875
910.0	14526.3505859375
911.0	14444.3642578125
912.0	14364.6826171875
913.0	14316.587890625
914.0	14305.4267578125
915.0	14307.0478515625
916.0	14295.4765625
917.0	14249.783203125
918.0	14181.8564453125
919.0	14116.720703125
920.0	14079.267578125
921.0	14077.64453125
922.0	14089.2177734375
923.0	14088.0478515625
924.0	14051.4150390625
925.0	13989.8779296875
926.0	13933.623046875
927.0	13913.06640625
928.0	13942.62890625
929.0	13993.173828125
930.0	14028.2216796875
931.0	14013.2470703125
932.0	13948.158203125
933.0	13862.3095703125
934.0	13786.0
935.0	13743.2666015625
936.0	13733.0966796875
937.0	13748.212890625
938.0	13781.189453125
939.0	13820.265625
940.0	13848.7412109375
941.0	13849.6455078125
942.0	13810.8173828125
943.0	13746.9140625
944.0	13681.890625
945.0	13639.4150390625
946.0	13626.5
947.0	13624.7841796875
948.0	13613.783203125
949.0	13576.3564453125
950.0	13520.076171875
951.0	13463.59375
952.0	13425.517578125
953.0	13413.6640625
954.0	13415.458984375
955.0	13416.064453125
956.0	13402.41796875
957.0	13378.548828125
958.0	13358.0400390625
959.0	13354.5517578125
960.0	13373.5546875
961.0	13401.1826171875
962.0	13420.7841796875
963.0	13417.1845703125
964.0	13393.4814453125
965.0	13365.0947265625
966.0	13347.666015625
967.0	13351.2890625
968.0	13370.494140625
969.0	13397.1103515625
970.0	13423.1025390625
971.0	13442.5615234375
972.0	13451.2177734375
973.0	13444.8369140625
974.0	13421.7421875
975.0	13388.3056640625
976.0	13352.4736328125
977.0	13321.900390625
978.0	13298.91015625
979.0	13281.279296875
980.0	13266.6357421875
981.0	13252.546875
982.0	13236.3544921875
983.0	13215.3544921875
984.0	13187.0166015625
985.0	13152.2099609375
986.0	13114.853515625
987.0	13078.982421875
988.0	13050.5390625
989.0	13042.44921875
990.0	13069.2353515625
991.0	13144.4658203125
992.0	13262.625
993.0	13400.5458984375
994.0	13534.3984375
995.0	13645.1650390625
996.0	13731.4130859375
997.0	13795.7314453125
998.0	13841.2900390625
999.0	13882.48046875
1000.0	13943.7978515625
1001.0	14050.0986328125
1002.0	14217.0673828125
1003.0	14428.80859375
1004.0	14662.6337890625
1005.0	14896.8779296875
1006.0	15127.9560546875
1007.0	15367.7421875
1008.0	15628.6044921875
1009.0	15915.818359375
1010.0	16212.3115234375
1011.0	16496.615234375
1012.0	16747.265625
1013.0	16942.734375
1014.0	17061.46484375
1015.0	17081.900390625
1016.0	16998.525390625
1017.0	16850.755859375
1018.0	16685.81640625
1019.0	16547.55078125
1020.0	16436.35546875
1021.0	16322.5361328125
1022.0	16175.853515625
1023.0	15979.765625
1024.0	15750.083984375
1025.0	15507.28515625
1026.0	15271.365234375
1027.0	15057.5400390625
1028.0	14878.2802734375
1029.0	14745.939453125
1030.0	14662.8740234375
1031.0	14612.03125
1032.0	14574.12109375
1033.0	14531.8251953125
1034.0	14482.8349609375
1035.0	14431.751953125
1036.0	14383.181640625
1037.0	14339.2607421875
1038.0	14298.27734375
1039.0	14258.181640625
1040.0	14217.7900390625
1041.0	14180.8857421875
1042.0	14153.0302734375
1043.0	14139.3486328125
1044.0	14130.703125
1045.0	14100.830078125
1046.0	14022.455078125
1047.0	13880.107421875
1048.0	13706.9765625
1049.0	13548.7890625
1050.0	13449.1875
1051.0	13413.5986328125
1052.0	13413.9052734375
1053.0	13420.861328125
1054.0	13413.271484375
1055.0	13393.1728515625
1056.0	13366.767578125
1057.0	13339.9287109375
1058.0	13314.8974609375
1059.0	13291.6435546875
1060.0	13270.1171875
1061.0	13251.4716796875
1062.0	13239.205078125
1063.0	13237.0810546875
1064.0	13247.0205078125
1065.0	13258.5390625
1066.0	13256.046875
1067.0	13224.3525390625
1068.0	13164.525390625
1069.0	13098.748046875
1070.0	13050.62109375
1071.0	13037.8662109375
1072.0	13053.2578125
1073.0	13082.9501953125
1074.0	13113.2177734375
1075.0	13132.4423828125
1076.0	13130.755859375
1077.0	13098.3720703125
1078.0	13036.458984375
1079.0	12973.5400390625
1080.0	12942.341796875
1081.0	12971.474609375
1082.0	13053.734375
1083.0	13163.478515625
1084.0	13275.099609375
1085.0	13373.1845703125
1086.0	13457.4296875
1087.0	13528.7529296875
1088.0	13590.27734375
1089.0	13655.34765625
1090.0	13740.2861328125
1091.0	13860.2041015625
1092.0	14007.9970703125
1093.0	14157.068359375
1094.0	14280.19140625
1095.0	14360.5859375
1096.0	14407.5927734375
1097.0	14434.5615234375
1098.0	14453.0234375
1099.0	14459.70703125
1100.0	14444.126953125
1101.0	14396.0419921875
1102.0	14318.0732421875
1103.0	14230.4462890625
1104.0	14154.666015625
1105.0	14105.1474609375
1106.0	14067.958984375
1107.0	14022.0830078125
1108.0	13948.4521484375
1109.0	13854.984375
1110.0	13769.3037109375
1111.0	13719.3623046875
1112.0	13717.10546875
1113.0	13742.5263671875
1114.0	13771.81640625
1115.0	13784.9716796875
1116.0	13784.53125
1117.0	13781.3115234375
1118.0	13785.8046875
1119.0	13801.1025390625
1120.0	13823.095703125
1121.0	13847.3740234375
1122.0	13870.78515625
1123.0	13893.5068359375
1124.0	13916.25390625
1125.0	13938.6787109375
1126.0	13951.9892578125
1127.0	13943.3974609375
1128.0	13900.478515625
1129.0	13824.1796875
1130.0	13731.9345703125
1131.0	13642.189453125
1132.0	13569.0087890625
1133.0	13512.2373046875
1134.0	13468.837890625
1135.0	13435.4560546875
1136.0	13405.7265625
1137.0	13371.5869140625
1138.0	13325.1259765625
1139.0	13265.42578125
1140.0	13201.1640625
1141.0	13141.7080078125
1142.0	13094.755859375
1143.0	13061.916015625
1144.0	13043.3974609375
1145.0	13039.69921875
1146.0	13054.2666015625
1147.0	13092.287109375
1148.0	13158.6484375
1149.0	13242.337890625
1150.0	13309.3779296875
1151.0	13324.0009765625
1152.0	13267.146484375
1153.0	13180.83984375
1154.0	13121.0595703125
1155.0	13136.65234375
1156.0	13202.861328125
1157.0	13251.4931640625
1158.0	13215.1328125
1159.0	13084.849609375
1160.0	12931.818359375
1161.0	12832.9951171875
1162.0	12838.5234375
1163.0	12908.9287109375
1164.0	12986.033203125
1165.0	13016.8876953125
1166.0	12995.5927734375
1167.0	12941.1533203125
1168.0	12872.64453125
1169.0	12804.0888671875
1170.0	12743.44921875
1171.0	12698.318359375
1172.0	12672.9033203125
1173.0	12661.9111328125
1174.0	12658.3955078125
1175.0	12655.158203125
1176.0	12643.1875
1177.0	12612.6826171875
1178.0	12554.59765625
1179.0	12476.48828125
1180.0	12402.0947265625
1181.0	12355.744140625
1182.0	12346.4833984375
1183.0	12350.2060546875
1184.0	12338.458984375
1185.0	12289.5556640625
1186.0	12216.2236328125
1187.0	12142.1123046875
1188.0	12089.6015625
1189.0	12063.421875
1190.0	12055.4228515625
1191.0	12057.146484375
1192.0	12059.4287109375
1193.0	12052.041015625
1194.0	12024.662109375
1195.0	11973.4189453125
1196.0	11916.6416015625
1197.0	11877.435546875
1198.0	11875.0927734375
1199.0	11897.833984375
1200.0	11918.744140625
1201.0	11911.8115234375
1202.0	11875.2890625
1203.0	11832.3369140625
1204.0	11807.177734375
1205.0	11811.77734375
1206.0	11832.2392578125
1207.0	11851.384765625
1208.0	11855.587890625
1209.0	11847.7294921875
1210.0	11835.486328125
1211.0	11825.580078125
1212.0	11814.5458984375
1213.0	11792.7431640625
1214.0	11750.791015625
1215.0	11691.2080078125
1216.0	11631.1875
1217.0	11588.7919921875
1218.0	11573.01171875
1219.0	11570.794921875
1220.0	11565.8095703125
1221.0	11545.107421875
1222.0	11513.5166015625
1223.0	11481.6650390625
1224.0	11459.53125
1225.0	11449.267578125
1226.0	11447.890625
1227.0	11452.3896484375
1228.0	11462.169921875
1229.0	11479.6875
1230.0	11507.57421875
1231.0	11542.5009765625
1232.0	11566.6689453125
1233.0	11560.1220703125
1234.0	11510.7421875
1235.0	11445.083984375
1236.0	11401.619140625
1237.0	11414.7958984375
1238.0	11476.0078125
1239.0	11550.5498046875
1240.0	11603.994140625
1241.0	11619.9375
1242.0	11601.990234375
1243.0	11554.83203125
1244.0	11487.7890625
1245.0	11419.7236328125
1246.0	11370.666015625
1247.0	11353.220703125
1248.0	11350.279296875
1249.0	11337.302734375
1250.0	11293.2890625
1251.0	11225.068359375
1252.0	11152.666015625
1253.0	11095.3125
1254.0	11056.91015625
1255.0	11028.251953125
1256.0	10999.8154296875
1257.0	10967.943359375
1258.0	10937.919921875
1259.0	10915.775390625
1260.0	10903.9453125
1261.0	10895.0771484375
1262.0	10880.16796875
1263.0	10852.0234375
1264.0	10812.376953125
1265.0	10765.712890625
1266.0	10717.015625
1267.0	10676.03515625
1268.0	10655.1943359375
1269.0	10666.0673828125
1270.0	10701.84375
1271.0	10738.2626953125
1272.0	10750.59765625
1273.0	10728.55078125
1274.0	10685.0185546875
1275.0	10634.986328125
1276.0	10590.435546875
1277.0	10555.1806640625
1278.0	10531.6533203125
1279.0	10520.4150390625
1280.0	10513.0546875
1281.0	10498.4736328125
1282.0	10467.228515625
1283.0	10423.806640625
1284.0	10379.6669921875
1285.0	10345.7041015625
1286.0	10322.2783203125
1287.0	10300.982421875
1288.0	10273.349609375
1289.0	10239.4638671875
1290.0	10210.8134765625
1291.0	10199.62109375
1292.0	10208.4072265625
1293.0	10219.2236328125
1294.0	10211.525390625
1295.0	10172.3525390625
1296.0	10114.8828125
1297.0	10057.91015625
1298.0	10017.0625
1299.0	9989.7431640625
1300.0	9966.85546875
1301.0	9939.97265625
1302.0	9907.21875
1303.0	9870.37109375
1304.0	9831.361328125
1305.0	9794.0126953125
1306.0	9763.775390625
1307.0	9745.974609375
1308.0	9739.23046875
1309.0	9733.4541015625
1310.0	9718.017578125
1311.0	9688.375
1312.0	9651.7763671875
1313.0	9616.82421875
1314.0	9590.4306640625
1315.0	9574.4765625
1316.0	9569.912109375
1317.0	9575.9765625
1318.0	9583.955078125
1319.0	9582.8203125
1320.0	9563.1396484375
1321.0	9526.841796875
1322.0	9480.8125
1323.0	9432.0751953125
1324.0	9388.998046875
1325.0	9360.8095703125
1326.0	9356.1689453125
1327.0	9372.0361328125
1328.0	9394.55859375
1329.0	9409.7197265625
1330.0	9413.052734375
1331.0	9412.494140625
1332.0	9416.7587890625
1333.0	9429.3984375
1334.0	9444.47265625
1335.0	9455.0185546875
1336.0	9453.1640625
1337.0	9428.6923828125
1338.0	9371.017578125
1339.0	9278.4423828125
1340.0	9181.7900390625
1341.0	9119.306640625
1342.0	9119.2392578125
1343.0	9157.3759765625
1344.0	9192.3564453125
1345.0	9188.2509765625
1346.0	9149.2958984375
1347.0	9097.7265625
1348.0	9054.4521484375
1349.0	9025.2568359375
1350.0	9006.7578125
1351.0	8995.515625
1352.0	8989.2197265625
1353.0	8986.4765625
1354.0	8986.0244140625
1355.0	8989.28125
1356.0	9000.482421875
1357.0	9023.8349609375
1358.0	9056.3505859375
1359.0	9085.189453125
1360.0	9096.9150390625
1361.0	9087.9345703125
1362.0	9071.7998046875
1363.0	9063.7509765625
1364.0	9073.1982421875
1365.0	9096.5439453125
1366.0	9128.423828125
1367.0	9161.4169921875
1368.0	9182.1513671875
1369.0	9176.1923828125
1370.0	9137.7138671875
1371.0	9093.3349609375
1372.0	9077.310546875
1373.0	9112.75
1374.0	9169.3505859375
1375.0	9200.8330078125
1376.0	9170.73046875
1377.0	9100.8046875
1378.0	9034.19140625
1379.0	9007.9267578125
1380.0	9012.1787109375
1381.0	9015.5234375
1382.0	8989.99609375
1383.0	8942.1220703125
1384.0	8897.697265625
1385.0	8880.662109375
1386.0	8890.34375
1387.0	8909.908203125
1388.0	8922.6728515625
1389.0	8918.4833984375
1390.0	8892.2099609375
1391.0	8839.400390625
1392.0	8766.1318359375
1393.0	8687.96875
1394.0	8620.392578125
1395.0	8568.244140625
1396.0	8525.1533203125
1397.0	8484.1865234375
1398.0	8437.484375
1399.0	8376.0810546875
1400.0	8291.3173828125
1401.0	8190.94091796875
1402.0	8105.15966796875
1403.0	8065.373046875
1404.0	8078.173828125
1405.0	8112.3818359375
1406.0	8133.86376953125
1407.0	8125.63330078125
1408.0	8099.75732421875
1409.0	8071.07568359375
1410.0	8049.78564453125
1411.0	8037.3125
1412.0	8034.09326171875
1413.0	8038.5498046875
1414.0	8044.9677734375
1415.0	8047.1318359375
1416.0	8040.17724609375
1417.0	8022.2490234375
1418.0	7991.9130859375
1419.0	7951.693359375
1420.0	7913.71875
1421.0	7891.5302734375
1422.0	7890.75634765625
1423.0	7896.68408203125
1424.0	7891.38818359375
1425.0	7865.41455078125
1426.0	7832.369140625
1427.0	7809.73974609375
1428.0	7808.31298828125
1429.0	7820.0888671875
1430.0	7833.806640625
1431.0	7841.6181640625
1432.0	7845.830078125
1433.0	7850.6220703125
1434.0	7856.142578125
1435.0	7850.5634765625
1436.0	7819.84619140625
1437.0	7759.748046875
1438.0	7696.0029296875
1439.0	7660.0498046875
1440.0	7670.61181640625
1441.0	7707.49755859375
1442.0	7743.10107421875
1443.0	7757.58154296875
1444.0	7754.8544921875
1445.0	7743.36181640625
1446.0	7728.22265625
1447.0	7704.6826171875
1448.0	7666.16845703125
1449.0	7614.3447265625
1450.0	7574.64892578125
1451.0	7576.7578125
1452.0	7632.0361328125
1453.0	7700.51025390625
1454.0	7733.322265625
1455.0	7704.2802734375
1456.0	7647.1513671875
1457.0	7605.45556640625
1458.0	7604.08544921875
1459.0	7621.3935546875
1460.0	7628.63232421875
1461.0	7608.7607421875
1462.0	7571.59619140625
1463.0	7530.70361328125
1464.0	7498.39111328125
1465.0	7484.31494140625
1466.0	7497.69921875
1467.0	7535.92431640625
1468.0	7573.3759765625
1469.0	7582.02587890625
1470.0	7553.31494140625
1471.0	7512.57763671875
1472.0	7488.33935546875
1473.0	7495.43359375
1474.0	7526.6904296875
1475.0	7572.794921875
1476.0	7617.05908203125
1477.0	7632.42529296875
1478.0	7591.9990234375
1479.0	7503.3916015625
1480.0	7417.8671875
1481.0	7387.86328125
1482.0	7420.1552734375
1483.0	7470.8232421875
1484.0	7494.88916015625
1485.0	7480.5
1486.0	7447.24755859375
1487.0	7415.59228515625
1488.0	7399.9345703125
1489.0	7409.759765625
1490.0	7452.318359375
1491.0	7508.03515625
1492.0	7538.75341796875
1493.0	7511.01171875
1494.0	7443.669921875
1495.0	7386.45556640625
1496.0	7382.92138671875
1497.0	7423.0576171875
1498.0	7470.755859375
1499.0	7495.373046875
1500.0	7502.97119140625
1501.0	7514.3095703125
1502.0	7543.0498046875
1503.0	7566.5537109375
1504.0	7550.6669921875
1505.0	7476.482421875
1506.0	7386.11474609375
1507.0	7336.923828125
1508.0	7363.66845703125
1509.0	7429.88427734375
1510.0	7485.17431640625
1511.0	7499.96875
1512.0	7495.26416015625
1513.0	7499.43212890625
1514.0	7524.359375
1515.0	7550.7841796875
1516.0	7556.3544921875
1517.0	7538.5009765625
1518.0	7523.9931640625
1519.0	7540.96044921875
1520.0	7587.66796875
1521.0	7628.34912109375
1522.0	7627.39501953125
1523.0	7586.1240234375
1524.0	7538.25634765625
1525.0	7516.1494140625
1526.0	7522.82275390625
1527.0	7542.033203125
1528.0	7558.79248046875
1529.0	7571.51953125
1530.0	7585.35302734375
1531.0	7604.19970703125
1532.0	7624.6201171875
1533.0	7640.55029296875
1534.0	7646.99169921875
1535.0	7643.33203125
1536.0	7630.09228515625
1537.0	7609.2939453125
1538.0	7587.287109375
1539.0	7571.1865234375
1540.0	7566.7734375
1541.0	7577.087890625
1542.0	7604.55859375
1543.0	7637.97412109375
1544.0	7646.42333984375
1545.0	7599.51806640625
1546.0	7516.4599609375
1547.0	7467.357421875
1548.0	7517.55322265625
1549.0	7634.39404296875
1550.0	7713.6611328125
1551.0	7665.72119140625
1552.0	7537.48876953125
1553.0	7444.27001953125
1554.0	7475.28173828125
1555.0	7575.87060546875
1556.0	7642.97265625
1557.0	7606.99267578125
1558.0	7513.7314453125
1559.0	7433.67822265625
1560.0	7409.58740234375
1561.0	7422.3291015625
1562.0	7444.615234375
1563.0	7460.83935546875
1564.0	7472.71728515625
1565.0	7483.224609375
1566.0	7492.1044921875
1567.0	7495.865234375
1568.0	7491.25
1569.0	7479.44189453125
1570.0	7464.5419921875
1571.0	7450.880859375
1572.0	7443.98095703125
1573.0	7449.85595703125
1574.0	7469.16650390625
1575.0	7480.49072265625
1576.0	7456.76318359375
1577.0	7387.2412109375
1578.0	7301.95947265625
1579.0	7236.9384765625
1580.0	7212.50830078125
1581.0	7225.10498046875
1582.0	7268.7919921875
1583.0	7329.9765625
1584.0	7387.80078125
1585.0	7421.72998046875
1586.0	7417.54736328125
1587.0	7364.7626953125
1588.0	7259.275390625
1589.0	7133.4638671875
1590.0	7032.71484375
1591.0	6987.3544921875
1592.0	6978.7744140625
1593.0	6978.5380859375
1594.0	6967.5849609375
1595.0	6944.564453125
1596.0	6910.33935546875
1597.0	6872.5234375
1598.0	6846.2275390625
1599.0	6844.60888671875
1600.0	6852.87060546875
1601.0	6837.8642578125
1602.0	6773.5390625
1603.0	6679.2490234375
1604.0	6591.50439453125
1605.0	6535.529296875
1606.0	6499.81201171875
1607.0	6465.4638671875
1608.0	6419.5263671875
1609.0	6359.6455078125
1610.0	6284.767578125
1611.0	6198.5927734375
1612.0	6109.70068359375
1613.0	6026.70166015625
1614.0	5956.31103515625
1615.0	5904.154296875
1616.0	5871.900390625
1617.0	5841.74951171875
1618.0	5789.93212890625
1619.0	5705.8203125
1620.0	5612.568359375
1621.0	5538.27587890625
1622.0	5493.03271484375
1623.0	5462.2705078125
1624.0	5430.30078125
1625.0	5390.98095703125
1626.0	5345.3232421875
1627.0	5293.84765625
1628.0	5232.87744140625
1629.0	5157.1083984375
1630.0	5067.06396484375
1631.0	4981.11767578125
1632.0	4920.70947265625
1633.0	4886.58349609375
1634.0	4847.1201171875
1635.0	4770.7275390625
1636.0	4671.9892578125
1637.0	4602.95947265625
1638.0	4605.3505859375
1639.0	4644.1328125
1640.0	4652.67724609375
1641.0	4593.6337890625
1642.0	4522.23193359375
1643.0	4510.78955078125
1644.0	4568.33349609375
1645.0	4607.515625
1646.0	4539.80810546875
1647.0	4380.158203125
1648.0	4223.17236328125
1649.0	4149.49755859375
1650.0	4144.83740234375
1651.0	4160.0517578125
1652.0	4160.322265625
1653.0	4149.982421875
1654.0	4139.69287109375
1655.0	4130.10009765625
1656.0	4109.1806640625
1657.0	4065.82421875
1658.0	4008.03076171875
1659.0	3955.697509765625
1660.0	3924.4365234375
1661.0	3909.723876953125
1662.0	3901.365966796875
1663.0	3890.090087890625
1664.0	3868.460693359375
1665.0	3830.04833984375
1666.0	3784.22021484375
1667.0	3754.951171875
1668.0	3760.94287109375
1669.0	3780.5341796875
1670.0	3774.97509765625
1671.0	3723.312255859375
1672.0	3656.12646484375
1673.0	3612.44970703125
1674.0	3602.32373046875
1675.0	3599.111572265625
1676.0	3576.669189453125
1677.0	3537.24169921875
1678.0	3499.378662109375
1679.0	3478.103515625
1680.0	3474.425537109375
1681.0	3485.945068359375
1682.0	3503.491455078125
1683.0	3507.3046875
1684.0	3478.82568359375
1685.0	3426.71337890625
1686.0	3378.478271484375
1687.0	3356.67529296875
1688.0	3359.06689453125
1689.0	3376.201171875
1690.0	3397.270751953125
1691.0	3408.977783203125
1692.0	3398.86474609375
1693.0	3371.061767578125
1694.0	3342.470947265625
1695.0	3327.6845703125
1696.0	3327.87841796875
1697.0	3339.927490234375
1698.0	3355.61328125
1699.0	3356.82421875
1700.0	3326.36865234375
1701.0	3279.06396484375
1702.0	3255.029052734375
1703.0	3283.34814453125
1704.0	3333.44970703125
1705.0	3356.115478515625
1706.0	3330.56494140625
1707.0	3288.317138671875
1708.0	3264.54296875
1709.0	3266.1396484375
1710.0	3278.805419921875
1711.0	3290.88427734375
1712.0	3304.9765625
1713.0	3327.547119140625
1714.0	3354.044677734375
1715.0	3361.745361328125
1716.0	3328.73388671875
1717.0	3261.894287109375
1718.0	3186.523681640625
1719.0	3126.66015625
1720.0	3100.64111328125
1721.0	3124.865478515625
1722.0	3189.42236328125
1723.0	3249.314697265625
1724.0	3262.0546875
1725.0	3228.22509765625
1726.0	3170.586181640625
1727.0	3112.47900390625
1728.0	3078.3603515625
1729.0	3091.302001953125
1730.0	3138.063720703125
1731.0	3169.094970703125
1732.0	3146.011962890625
1733.0	3103.73486328125
1734.0	3102.934814453125
1735.0	3160.5478515625
1736.0	3210.807373046875
1737.0	3185.5517578125
1738.0	3103.737548828125
1739.0	3044.65966796875
1740.0	3062.178955078125
1741.0	3112.7646484375
1742.0	3132.0048828125
1743.0	3102.930419921875
1744.0	3067.038330078125
1745.0	3063.14599609375
1746.0	3086.490234375
1747.0	3113.866455078125
1748.0	3126.28369140625
1749.0	3113.78369140625
1750.0	3069.458984375
1751.0	3012.7880859375
1752.0	2982.5166015625
1753.0	3001.59912109375
1754.0	3033.65771484375
1755.0	3030.03857421875
1756.0	2981.796630859375
1757.0	2926.4375
1758.0	2898.8125
1759.0	2900.38037109375
1760.0	2919.59423828125
1761.0	2943.42041015625
1762.0	2956.14501953125
1763.0	2943.46435546875
1764.0	2909.23046875
1765.0	2868.29931640625
1766.0	2834.97900390625
1767.0	2821.55029296875
1768.0	2838.96826171875
1769.0	2879.73583984375
1770.0	2919.736083984375
1771.0	2938.608642578125
1772.0	2935.045166015625
1773.0	2913.037109375
1774.0	2879.84619140625
1775.0	2846.873291015625
1776.0	2825.100341796875
1777.0	2821.193603515625
1778.0	2839.947021484375
1779.0	2869.8505859375
1780.0	2871.01318359375
1781.0	2808.7861328125
1782.0	2721.337890625
1783.0	2685.185546875
1784.0	2731.949462890625
1785.0	2789.4033203125
1786.0	2778.0732421875
1787.0	2711.640625
1788.0	2668.28076171875
1789.0	2695.186279296875
1790.0	2743.6416015625
1791.0	2750.49169921875
1792.0	2710.610595703125
1793.0	2668.4755859375
1794.0	2658.56494140625
1795.0	2672.965087890625
1796.0	2694.255859375
1797.0	2709.357666015625
1798.0	2709.64208984375
1799.0	2690.751953125
1800.0	2666.13134765625
1801.0	2653.510498046875
1802.0	2652.466796875
1803.0	2641.342529296875
1804.0	2604.38671875
1805.0	2562.043212890625
1806.0	2545.640625
1807.0	2563.197021484375
1808.0	2592.445556640625
1809.0	2612.96875
1810.0	2625.9453125
1811.0	2639.766845703125
1812.0	2650.916259765625
1813.0	2639.558837890625
1814.0	2591.2236328125
1815.0	2530.2314453125
1816.0	2494.638671875
1817.0	2498.58642578125
1818.0	2522.5615234375
1819.0	2546.28369140625
1820.0	2559.915283203125
1821.0	2557.63525390625
1822.0	2541.57470703125
1823.0	2524.74853515625
1824.0	2519.41845703125
1825.0	2528.994873046875
1826.0	2553.430419921875
1827.0	2581.049560546875
1828.0	2585.07666015625
1829.0	2546.33935546875
1830.0	2490.840087890625
1831.0	2458.34912109375
1832.0	2455.96533203125
1833.0	2451.55908203125
1834.0	2421.112060546875
1835.0	2389.11376953125
1836.0	2392.9814453125
1837.0	2440.86083984375
1838.0	2510.052001953125
1839.0	2574.01220703125
1840.0	2596.986572265625
1841.0	2544.0654296875
1842.0	2439.432373046875
1843.0	2360.490234375
1844.0	2358.740478515625
1845.0	2398.05615234375
1846.0	2427.5791015625
1847.0	2430.900390625
1848.0	2416.761474609375
1849.0	2393.080810546875
1850.0	2364.38623046875
1851.0	2335.55859375
1852.0	2319.75830078125
1853.0	2334.593505859375
1854.0	2379.984130859375
1855.0	2423.234375
1856.0	2433.102783203125
1857.0	2412.7265625
1858.0	2379.7392578125
1859.0	2348.6806640625
1860.0	2329.781494140625
1861.0	2328.94482421875
1862.0	2333.398681640625
1863.0	2325.652587890625
1864.0	2303.658935546875
1865.0	2280.41552734375
1866.0	2267.81494140625
1867.0	2272.297607421875
1868.0	2297.59375
1869.0	2327.9052734375
1870.0	2334.758056640625
1871.0	2311.17333984375
1872.0	2294.755126953125
1873.0	2319.236083984375
1874.0	2351.484130859375
1875.0	2330.76611328125
1876.0	2255.823974609375
1877.0	2202.81103515625
1878.0	2228.9462890625
1879.0	2292.07958984375
1880.0	2327.888671875
1881.0	2327.626708984375
1882.0	2327.583984375
1883.0	2346.369873046875
1884.0	2356.50341796875
1885.0	2329.310791015625
1886.0	2282.27392578125
1887.0	2254.8515625
1888.0	2264.168701171875
1889.0	2296.55859375
1890.0	2335.52587890625
1891.0	2362.005126953125
1892.0	2357.734619140625
1893.0	2327.584716796875
1894.0	2294.665771484375
1895.0	2274.6494140625
1896.0	2265.982177734375
1897.0	2264.999755859375
1898.0	2269.04150390625
1899.0	2275.927734375
1900.0	2285.2021484375
1901.0	2298.419921875
1902.0	2312.635498046875
1903.0	2309.9189453125
1904.0	2273.329833984375
1905.0	2227.47265625
1906.0	2220.830322265625
1907.0	2263.176025390625
1908.0	2303.244140625
1909.0	2298.17041015625
1910.0	2266.966552734375
1911.0	2244.5205078125
1912.0	2242.30419921875
1913.0	2253.7734375
1914.0	2273.1767578125
1915.0	2297.205078125
1916.0	2322.928466796875
1917.0	2347.974365234375
1918.0	2370.056396484375
1919.0	2384.85888671875
1920.0	2386.2470703125
1921.0	2370.11328125
1922.0	2337.0205078125
1923.0	2289.872314453125
1924.0	2242.35498046875
1925.0	2211.855712890625
1926.0	2205.37744140625
1927.0	2220.037841796875
1928.0	2246.4111328125
1929.0	2260.54541015625
1930.0	2242.305419921875
1931.0	2208.84228515625
1932.0	2191.208251953125
1933.0	2207.796875
1934.0	2264.84765625
1935.0	2345.123046875
1936.0	2380.0595703125
1937.0	2313.6279296875
1938.0	2205.32421875
1939.0	2152.52490234375
1940.0	2172.613525390625
1941.0	2214.6328125
1942.0	2238.371337890625
1943.0	2229.468994140625
1944.0	2185.34033203125
1945.0	2146.373046875
1946.0	2161.40576171875
1947.0	2215.53662109375
1948.0	2249.025634765625
1949.0	2234.267578125
1950.0	2196.836181640625
1951.0	2163.25830078125
1952.0	2145.99658203125
1953.0	2152.63037109375
1954.0	2175.190673828125
1955.0	2197.33349609375
1956.0	2205.070068359375
1957.0	2187.297607421875
1958.0	2145.382568359375
1959.0	2112.330078125
1960.0	2117.560302734375
1961.0	2139.49755859375
1962.0	2140.1513671875
1963.0	2119.018310546875
1964.0	2105.784912109375
1965.0	2113.00244140625
1966.0	2123.505859375
1967.0	2122.83154296875
1968.0	2116.548583984375
1969.0	2114.48974609375
1970.0	2123.858154296875
1971.0	2150.25634765625
1972.0	2192.8154296875
1973.0	2244.125
1974.0	2285.07080078125
1975.0	2273.092529296875
1976.0	2185.894775390625
1977.0	2099.48291015625
1978.0	2102.388671875
1979.0	2152.412353515625
1980.0	2138.28466796875
1981.0	2054.212158203125
1982.0	2008.9710693359375
1983.0	2055.57080078125
1984.0	2117.251953125
1985.0	2125.131103515625
1986.0	2113.697021484375
1987.0	2136.9873046875
1988.0	2175.5439453125
1989.0	2172.007568359375
1990.0	2116.2578125
1991.0	2045.803466796875
1992.0	1999.3026123046875
1993.0	2013.66845703125
1994.0	2102.4296875
1995.0	2194.33154296875
1996.0	2211.37939453125
1997.0	2165.945068359375
1998.0	2108.4423828125
1999.0	2067.7998046875
2000.0	2055.064208984375
2001.0	2065.859375
2002.0	2074.870361328125
2003.0	2068.875732421875
2004.0	2069.791015625
2005.0	2093.7099609375
2006.0	2102.151611328125
2007.0	2049.80615234375
2008.0	1979.779052734375
2009.0	1978.6519775390625
2010.0	2040.96533203125
2011.0	2076.6083984375
2012.0	2051.751953125
2013.0	2028.1070556640625
2014.0	2047.637451171875
2015.0	2075.037109375
2016.0	2071.94384765625
2017.0	2049.236328125
2018.0	2029.6505126953125
2019.0	2006.1309814453125
2020.0	1958.2352294921875
2021.0	1907.3067626953125
2022.0	1909.4837646484375
2023.0	1972.98193359375
2024.0	2037.131591796875
2025.0	2061.208984375
2026.0	2060.5595703125
2027.0	2052.488525390625
2028.0	2033.100830078125
2029.0	1995.7989501953125
2030.0	1948.422119140625
2031.0	1904.7325439453125
2032.0	1881.896240234375
2033.0	1897.4541015625
2034.0	1932.5667724609375
2035.0	1934.7374267578125
2036.0	1898.310546875
2037.0	1888.90283203125
2038.0	1934.5731201171875
2039.0	1966.666015625
2040.0	1934.4022216796875
2041.0	1896.86767578125
2042.0	1920.0941162109375
2043.0	1973.034423828125
2044.0	1997.67431640625
2045.0	1994.0269775390625
2046.0	1989.11474609375
2047.0	1967.011962890625
2048.0	1881.4366455078125
2049.0	1766.294677734375
2050.0	1743.829345703125
2051.0	1840.5419921875
2052.0	1926.196044921875
2053.0	1917.9888916015625
2054.0	1869.4573974609375
2055.0	1836.86572265625
2056.0	1825.45556640625
2057.0	1831.1756591796875
2058.0	1854.9521484375
2059.0	1897.609375
2060.0	1948.9443359375
2061.0	1993.038818359375
2062.0	2003.5552978515625
2063.0	1952.795654296875
2064.0	1884.804443359375
2065.0	1896.1549072265625
2066.0	1978.2708740234375
2067.0	2012.3035888671875
2068.0	1968.116455078125
2069.0	1943.7745361328125
2070.0	1980.8665771484375
2071.0	2000.1650390625
2072.0	1958.0574951171875
2073.0	1928.9718017578125
2074.0	1964.7625732421875
2075.0	1990.7923583984375
2076.0	1939.5543212890625
2077.0	1875.3529052734375
2078.0	1878.33837890625
2079.0	1930.674072265625
2080.0	1984.7193603515625
2081.0	2015.583984375
2082.0	2011.4296875
2083.0	1989.5780029296875
2084.0	1981.42333984375
2085.0	1997.4833984375
2086.0	2033.7235107421875
2087.0	2073.96484375
2088.0	2093.728271484375
2089.0	2098.009033203125
2090.0	2119.448974609375
2091.0	2152.438232421875
2092.0	2147.561279296875
2093.0	2103.642822265625
2094.0	2088.17138671875
2095.0	2123.0654296875
2096.0	2149.388916015625
2097.0	2140.083251953125
2098.0	2140.02294921875
2099.0	2175.37255859375
2100.0	2216.51171875
2101.0	2238.1171875
2102.0	2242.498046875
2103.0	2238.692626953125
2104.0	2243.062744140625
2105.0	2261.84765625
2106.0	2265.388916015625
2107.0	2235.373779296875
2108.0	2218.768798828125
2109.0	2254.85302734375
2110.0	2296.8955078125
2111.0	2289.47802734375
2112.0	2228.9140625
2113.0	2136.207763671875
2114.0	2083.304443359375
2115.0	2127.364990234375
2116.0	2179.489013671875
2117.0	2138.78271484375
2118.0	2077.611328125
2119.0	2096.80078125
2120.0	2144.725341796875
2121.0	2138.64892578125
2122.0	2108.6025390625
2123.0	2109.56689453125
2124.0	2115.155517578125
2125.0	2082.496826171875
2126.0	2043.1895751953125
2127.0	2043.3507080078125
2128.0	2053.052978515625
2129.0	2024.217041015625
2130.0	1966.693359375
2131.0	1911.109130859375
2132.0	1885.220458984375
2133.0	1907.0672607421875
2134.0	1946.27099609375
2135.0	1962.18603515625
2136.0	1949.4041748046875
2137.0	1915.2362060546875
2138.0	1871.3291015625
2139.0	1829.9029541015625
2140.0	1799.3408203125
2141.0	1783.9735107421875
2142.0	1775.424560546875
2143.0	1765.4520263671875
2144.0	1760.7000732421875
2145.0	1764.175048828125
2146.0	1751.5675048828125
2147.0	1709.9483642578125
2148.0	1685.2718505859375
2149.0	1710.295166015625
2150.0	1742.0947265625
2151.0	1743.7010498046875
2152.0	1730.908447265625
2153.0	1720.6849365234375
2154.0	1712.8436279296875
2155.0	1700.3541259765625
2156.0	1667.45556640625
2157.0	1610.430419921875
2158.0	1548.2855224609375
2159.0	1497.712890625
2160.0	1468.23095703125
2161.0	1455.856201171875
2162.0	1440.7559814453125
2163.0	1416.46240234375
2164.0	1392.172119140625
2165.0	1379.24365234375
2166.0	1388.1827392578125
2167.0	1399.3424072265625
2168.0	1376.533203125
2169.0	1348.1824951171875
2170.0	1370.21728515625
2171.0	1401.3626708984375
2172.0	1371.9317626953125
2173.0	1333.1448974609375
2174.0	1354.0921630859375
2175.0	1363.710693359375
2176.0	1290.5772705078125
2177.0	1215.2896728515625
2178.0	1213.383544921875
2179.0	1248.920654296875
2180.0	1277.1795654296875
2181.0	1276.10498046875
2182.0	1245.2823486328125
2183.0	1213.9869384765625
2184.0	1196.643310546875
2185.0	1186.0628662109375
2186.0	1174.8001708984375
2187.0	1158.2979736328125
2188.0	1156.2828369140625
2189.0	1196.5440673828125
2190.0	1233.6590576171875
2191.0	1202.1337890625
2192.0	1132.6666259765625
2193.0	1082.263916015625
2194.0	1075.47119140625
2195.0	1109.565185546875
2196.0	1129.9766845703125
2197.0	1108.4925537109375
2198.0	1082.8177490234375
2199.0	1076.959228515625
2200.0	1086.4217529296875
2201.0	1097.12158203125
2202.0	1090.282958984375
2203.0	1074.0482177734375
2204.0	1071.1444091796875
2205.0	1084.5390625
2206.0	1106.428466796875
2207.0	1119.783203125
2208.0	1108.8255615234375
2209.0	1069.1240234375
2210.0	1024.2283935546875
2211.0	1042.5108642578125
2212.0	1100.0518798828125
2213.0	1067.592529296875
2214.0	990.359375
2215.0	1028.584228515625
2216.0	1099.802734375
2217.0	1048.16796875
2218.0	989.5436401367188
2219.0	1050.0474853515625
2220.0	1129.5797119140625
2221.0	1138.3963623046875
2222.0	1083.494384765625
2223.0	999.9404907226562
2224.0	940.7073974609375
2225.0	936.7560424804688
2226.0	990.9578247070312
2227.0	1024.4052734375
2228.0	969.4542236328125
2229.0	926.7640991210938
2230.0	969.1275634765625
2231.0	1023.3719482421875
2232.0	1023.2759399414062
2233.0	943.21875
2234.0	863.1377563476562
2235.0	906.7449951171875
2236.0	979.4827880859375
2237.0	952.385009765625
2238.0	910.506591796875
2239.0	926.1829223632812
2240.0	952.55859375
2241.0	952.662109375
2242.0	919.9288940429688
2243.0	894.8624877929688
2244.0	924.0986328125
2245.0	937.6746215820312
2246.0	889.7559204101562
2247.0	896.872314453125
2248.0	970.9478149414062
2249.0	952.52880859375
2250.0	872.1785888671875
2251.0	883.0410766601562
2252.0	918.796875
2253.0	876.8212890625
2254.0	820.9692993164062
2255.0	805.0194702148438
2256.0	815.3904418945312
2257.0	829.6451416015625
2258.0	826.9405517578125
2259.0	813.4625244140625
2260.0	805.616943359375
2261.0	816.739990234375
2262.0	846.9702758789062
2263.0	877.9647827148438
2264.0	893.74951171875
2265.0	883.4501953125
2266.0	848.8597412109375
2267.0	803.8104858398438
2268.0	780.8047485351562
2269.0	790.8228149414062
2270.0	815.7238159179688
2271.0	839.80810546875
2272.0	851.9596557617188
2273.0	850.0795288085938
2274.0	835.7149658203125
2275.0	813.0623779296875
2276.0	790.9952392578125
2277.0	781.46875
2278.0	792.8145751953125
2279.0	821.2869873046875
2280.0	836.755126953125
2281.0	813.2957763671875
2282.0	741.9817504882812
2283.0	679.8140258789062
2284.0	688.36767578125
2285.0	738.0331420898438
2286.0	785.9664306640625
2287.0	798.4432373046875
2288.0	761.4219360351562
2289.0	698.11669921875
2290.0	726.981201171875
2291.0	836.9998168945312
2292.0	809.385498046875
2293.0	696.0845336914062
2294.0	681.892822265625
2295.0	717.626220703125
2296.0	748.1070556640625
2297.0	796.8425903320312
2298.0	804.1492919921875
2299.0	707.2559204101562
2300.0	653.0272216796875
2301.0	697.3284301757812
2302.0	701.3095703125
2303.0	683.0775146484375
2304.0	719.6953125
2305.0	740.8121948242188
2306.0	718.8220825195312
2307.0	714.0157470703125
2308.0	711.126220703125
2309.0	687.700927734375
2310.0	709.5008544921875
2311.0	761.8971557617188
2312.0	754.5930786132812
2313.0	732.2066040039062
2314.0	736.5714111328125
2315.0	705.2766723632812
2316.0	658.896240234375
2317.0	663.4791870117188
2318.0	678.0888061523438
2319.0	676.192138671875
2320.0	683.5482788085938
2321.0	678.4478759765625
2322.0	643.20263671875
2323.0	631.6809692382812
2324.0	652.199951171875
2325.0	667.703125
2326.0	661.70947265625
2327.0	649.0488891601562
2328.0	671.1452026367188
2329.0	684.71337890625
2330.0	642.2710571289062
2331.0	592.7381591796875
2332.0	600.6666259765625
2333.0	688.7403564453125
2334.0	712.7684326171875
2335.0	645.0503540039062
2336.0	622.4312744140625
2337.0	587.275146484375
2338.0	513.9883422851562
2339.0	560.8243408203125
2340.0	622.98046875
2341.0	557.401611328125
2342.0	549.7073974609375
2343.0	605.90283203125
2344.0	591.6282958984375
2345.0	558.4171142578125
2346.0	569.1079711914062
2347.0	627.5576782226562
2348.0	625.8427734375
2349.0	550.828125
2350.0	542.4457397460938
2351.0	550.97705078125
2352.0	535.8494873046875
2353.0	599.7498779296875
2354.0	696.0640869140625
2355.0	724.9374389648438
2356.0	663.238525390625
2357.0	599.2490234375
2358.0	603.732666015625
2359.0	568.1990356445312
2360.0	536.6085815429688
2361.0	592.7381591796875
2362.0	601.168701171875
2363.0	564.8180541992188
2364.0	578.8995971679688
2365.0	619.532958984375
2366.0	633.2835083007812
2367.0	589.9312744140625
2368.0	543.5529174804688
2369.0	515.5460815429688
2370.0	499.61273193359375
2371.0	516.5377807617188
2372.0	514.5140380859375
2373.0	454.5110168457031
2374.0	481.1087341308594
2375.0	554.4970092773438
2376.0	560.230224609375
2377.0	580.358154296875
2378.0	615.5010986328125
2379.0	612.3912963867188
2380.0	566.395263671875
2381.0	536.4825439453125
2382.0	551.11865234375
2383.0	539.263427734375
2384.0	546.1304931640625
2385.0	588.46923828125
2386.0	574.97509765625
2387.0	541.3657836914062
2388.0	527.5009765625
2389.0	525.320068359375
2390.0	549.8148193359375
2391.0	570.3480224609375
2392.0	542.3658447265625
2393.0	517.754150390625
2394.0	527.4420166015625
2395.0	553.212646484375
2396.0	536.0880126953125
2397.0	467.3773498535156
2398.0	409.0908508300781
2399.0	452.9366455078125
2400.0	536.9974365234375
2401.0	554.88916015625
2402.0	490.0134582519531
2403.0	544.7384033203125
2404.0	595.7388916015625
2405.0	511.9424133300781
2406.0	488.2140808105469
2407.0	516.3229370117188
2408.0	526.3289184570312
2409.0	499.5636291503906
2410.0	489.3633117675781
2411.0	480.8189697265625
2412.0	469.8429260253906
2413.0	518.87060546875
2414.0	513.37548828125
2415.0	461.3984069824219
2416.0	465.9668884277344
2417.0	452.3121337890625
2418.0	438.2624816894531
2419.0	471.00103759765625
2420.0	529.3720703125
2421.0	501.56268310546875
2422.0	454.1802062988281
2423.0	476.45904541015625
2424.0	498.4997253417969
2425.0	505.5463562011719
2426.0	465.0951843261719
2427.0	399.6483459472656
2428.0	439.0550537109375
2429.0	432.44873046875
2430.0	420.324951171875
2431.0	530.1686401367188
2432.0	571.7213745117188
2433.0	488.5845947265625
2434.0	431.9069519042969
2435.0	500.8309020996094
2436.0	479.7080993652344
2437.0	443.8061828613281
2438.0	463.26220703125
2439.0	472.6108093261719
2440.0	399.3283996582031
2441.0	434.922607421875
2442.0	567.6336059570312
2443.0	623.6552734375
2444.0	549.2824096679688
2445.0	480.9101867675781
2446.0	436.8443908691406
2447.0	420.9036865234375
2448.0	465.2549133300781
2449.0	462.1492614746094
2450.0	454.1944885253906
2451.0	453.0538024902344
2452.0	434.66668701171875
2453.0	447.33087158203125
2454.0	474.6726379394531
2455.0	487.03863525390625
2456.0	479.0851745605469
2457.0	465.6258544921875
2458.0	453.18414306640625
2459.0	447.67889404296875
2460.0	474.67279052734375
2461.0	496.5265197753906
2462.0	445.34027099609375
2463.0	408.4560546875
2464.0	450.3872375488281
2465.0	515.5955810546875
2466.0	536.4082641601562
2467.0	505.8764343261719
2468.0	436.211669921875
2469.0	454.3098449707031
2470.0	445.4457702636719
2471.0	423.1778259277344
2472.0	498.0069274902344
2473.0	499.2922668457031
2474.0	454.74664306640625
2475.0	426.19287109375
2476.0	424.14129638671875
2477.0	408.908447265625
2478.0	396.4636535644531
2479.0	468.1873474121094
2480.0	407.182373046875
2481.0	468.30889892578125
2482.0	548.0761108398438
2483.0	479.54052734375
2484.0	468.46966552734375
2485.0	504.0372009277344
2486.0	454.5982666015625
2487.0	433.8038635253906
2488.0	436.0869445800781
2489.0	402.823974609375
2490.0	355.8612060546875
2491.0	361.6090393066406
2492.0	470.8486328125
2493.0	482.30584716796875
2494.0	444.2428283691406
2495.0	395.92236328125
2496.0	393.6505432128906
2497.0	440.3830871582031
2498.0	411.80755615234375
2499.0	334.6186828613281
2500.0	423.4674987792969
