300.0	17125.19921875
301.0	16932.181640625
302.0	16694.4296875
303.0	16416.68359375
304.0	16121.134765625
305.0	15830.806640625
306.0	15568.5126953125
307.0	15344.2275390625
308.0	15147.849609375
309.0	14967.529296875
310.0	14791.421875
311.0	14610.1201171875
312.0	14419.9580078125
313.0	14218.0947265625
314.0	14001.6943359375
315.0	13772.529296875
316.0	13548.73828125
317.0	13352.0830078125
318.0	13204.3310546875
319.0	13120.814453125
320.0	13080.9990234375
321.0	13051.9248046875
322.0	13000.6171875
323.0	12898.734375
324.0	12756.904296875
325.0	12605.27734375
326.0	12474.1513671875
327.0	12391.833984375
328.0	12359.119140625
329.0	12356.703125
330.0	12364.8291015625
331.0	12364.103515625
332.0	12343.9873046875
333.0	12303.0263671875
334.0	12240.18359375
335.0	12154.541015625
336.0	12051.1611328125
337.0	11943.748046875
338.0	11846.677734375
339.0	11774.2685546875
340.0	11733.0625
341.0	11714.08203125
342.0	11706.501953125
343.0	11699.501953125
344.0	11685.595703125
345.0	11666.6220703125
346.0	11646.046875
347.0	11627.3330078125
348.0	11612.4384765625
349.0	11597.2822265625
350.0	11576.2783203125
351.0	11543.8388671875
352.0	11496.291015625
353.0	11440.642578125
354.0	11387.603515625
355.0	11347.8857421875
356.0	11330.7734375
357.0	11334.2783203125
358.0	11351.0712890625
359.0	11373.7900390625
360.0	11395.017578125
361.0	11406.6650390625
362.0	11400.2255859375
363.0	11367.177734375
364.0	11300.2666015625
365.0	11213.5078125
366.0	11138.650390625
367.0	11107.97265625
368.0	11152.4091796875
369.0	11266.9169921875
370.0	11407.5517578125
371.0	11528.4326171875
372.0	11584.4794921875
373.0	11565.9326171875
374.0	11511.3896484375
375.0	11462.9443359375
376.0	11462.359375
377.0	11523.560546875
378.0	11611.99609375
379.0	11688.2509765625
380.0	11713.0087890625
381.0	11667.2763671875
382.0	11577.400390625
383.0	11475.8662109375
384.0	11395.1396484375
385.0	11354.9326171875
386.0	11339.1875
387.0	11325.630859375
388.0	11291.9892578125
389.0	11223.509765625
390.0	11132.1376953125
391.0	11035.7333984375
392.0	10952.1572265625
393.0	10895.2392578125
394.0	10860.6103515625
395.0	10838.77734375
396.0	10820.2451171875
397.0	10797.1201171875
398.0	10770.447265625
399.0	10744.3662109375
400.0	10723.01953125
401.0	10710.2119140625
402.0	10707.3994140625
403.0	10715.0439453125
404.0	10733.6015625
405.0	10762.9375
406.0	10797.7490234375
407.0	10830.076171875
408.0	10851.931640625
409.0	10856.1083984375
410.0	10843.669921875
411.0	10820.6962890625
412.0	10793.3359375
413.0	10767.72265625
414.0	10749.744140625
415.0	10745.115234375
416.0	10759.546875
417.0	10797.91796875
418.0	10851.595703125
419.0	10900.986328125
420.0	10926.1806640625
421.0	10908.603515625
422.0	10856.4853515625
423.0	10802.841796875
424.0	10781.6201171875
425.0	10825.412109375
426.0	10932.529296875
427.0	11065.1591796875
428.0	11183.76953125
429.0	11249.8017578125
430.0	11254.8896484375
431.0	11225.98828125
432.0	11192.0595703125
433.0	11181.56640625
434.0	11203.853515625
435.0	11243.42578125
436.0	11283.1201171875
437.0	11305.9775390625
438.0	11304.8154296875
439.0	11286.580078125
440.0	11259.314453125
441.0	11230.984375
442.0	11204.619140625
443.0	11175.53125
444.0	11138.36328125
445.0	11087.8310546875
446.0	11024.5849609375
447.0	10959.3310546875
448.0	10903.751953125
449.0	10869.4755859375
450.0	10862.87109375
451.0	10880.6396484375
452.0	10918.4423828125
453.0	10971.921875
454.0	11034.1826171875
455.0	11093.41015625
456.0	11137.224609375
457.0	11153.2890625
458.0	11136.037109375
459.0	11093.7890625
460.0	11036.5712890625
461.0	10974.400390625
462.0	10915.6162109375
463.0	10865.0244140625
464.0	10826.982421875
465.0	10805.822265625
466.0	10801.2705078125
467.0	10803.0625
468.0	10799.6259765625
469.0	10779.4228515625
470.0	10738.8173828125
471.0	10691.806640625
472.0	10654.771484375
473.0	10644.052734375
474.0	10666.296875
475.0	10705.9052734375
476.0	10744.1689453125
477.0	10762.423828125
478.0	10752.08984375
479.0	10727.728515625
480.0	10707.134765625
481.0	10708.056640625
482.0	10737.5048828125
483.0	10778.55859375
484.0	10811.0517578125
485.0	10814.8779296875
486.0	10781.875
487.0	10730.53515625
488.0	10682.9541015625
489.0	10661.158203125
490.0	10674.9970703125
491.0	10708.6494140625
492.0	10743.033203125
493.0	10759.13671875
494.0	10748.529296875
495.0	10724.482421875
496.0	10702.93359375
497.0	10699.74609375
498.0	10721.5205078125
499.0	10756.8818359375
500.0	10792.384765625
501.0	10814.67578125
502.0	10819.3818359375
503.0	10818.6484375
504.0	10826.3916015625
505.0	10856.3994140625
506.0	10911.615234375
507.0	10976.091796875
508.0	11031.9912109375
509.0	11061.669921875
510.0	11060.5078125
511.0	11044.802734375
512.0	11032.7412109375
513.0	11042.228515625
514.0	11077.13671875
515.0	11121.0712890625
516.0	11156.060546875
517.0	11164.44921875
518.0	11141.6513671875
519.0	11100.51171875
520.0	11055.087890625
521.0	11019.13671875
522.0	10996.599609375
523.0	10979.63671875
524.0	10959.705078125
525.0	10928.5
526.0	10883.5927734375
527.0	10828.75
528.0	10768.03515625
529.0	10705.58203125
530.0	10647.033203125
531.0	10599.4609375
532.0	10569.9951171875
533.0	10565.111328125
534.0	10580.2744140625
535.0	10601.7724609375
536.0	10615.6181640625
537.0	10608.9443359375
538.0	10583.861328125
539.0	10553.12890625
540.0	10529.732421875
541.0	10525.400390625
542.0	10538.380859375
543.0	10558.75390625
544.0	10576.4873046875
545.0	10582.7744140625
546.0	10579.47265625
547.0	10573.931640625
548.0	10573.5458984375
549.0	10584.3818359375
550.0	10602.9658203125
551.0	10621.6728515625
552.0	10632.859375
553.0	10630.158203125
554.0	10614.5439453125
555.0	10589.609375
556.0	10558.951171875
557.0	10526.724609375
558.0	10499.6845703125
559.0	10485.3427734375
560.0	10491.208984375
561.0	10520.818359375
562.0	10563.173828125
563.0	10603.9580078125
564.0	10628.859375
565.0	10630.728515625
566.0	10623.08203125
567.0	10623.142578125
568.0	10648.087890625
569.0	10704.2177734375
570.0	10772.87109375
571.0	10831.8974609375
572.0	10859.3046875
573.0	10847.4755859375
574.0	10814.509765625
575.0	10781.1748046875
576.0	10767.931640625
577.0	10780.7646484375
578.0	10805.3095703125
579.0	10825.671875
580.0	10826.44140625
581.0	10805.0703125
582.0	10772.92578125
583.0	10742.0654296875
584.0	10724.0087890625
585.0	10720.80859375
586.0	10726.4150390625
587.0	10734.51953125
588.0	10739.150390625
589.0	10738.208984375
590.0	10732.0693359375
591.0	10721.1455078125
592.0	10706.1171875
593.0	10689.8154296875
594.0	10676.1181640625
595.0	10668.91015625
596.0	10671.9228515625
597.0	10687.994140625
598.0	10719.646484375
599.0	10769.40234375
600.0	10837.1298828125
601.0	10911.779296875
602.0	10979.484375
603.0	11026.384765625
604.0	11045.16015625
605.0	11047.3642578125
606.0	11047.9375
607.0	11061.7607421875
608.0	11095.251953125
609.0	11137.4560546875
610.0	11175.287109375
611.0	11195.8427734375
612.0	11196.111328125
613.0	11187.7431640625
614.0	11183.5771484375
615.0	11196.05859375
616.0	11227.6884765625
617.0	11270.49609375
618.0	11316.01171875
619.0	11355.9814453125
620.0	11385.33984375
621.0	11401.40625
622.0	11401.55859375
623.0	11384.134765625
624.0	11356.150390625
625.0	11329.2138671875
626.0	11314.9697265625
627.0	11322.529296875
628.0	11346.408203125
629.0	11375.9208984375
630.0	11400.37109375
631.0	11412.876953125
632.0	11420.919921875
633.0	11435.365234375
634.0	11467.0556640625
635.0	11520.2275390625
636.0	11583.087890625
637.0	11641.451171875
638.0	11681.2568359375
639.0	11696.4423828125
640.0	11693.794921875
641.0	11681.2646484375
642.0	11666.7138671875
643.0	11655.7705078125
644.0	11651.6396484375
645.0	11657.40625
646.0	11675.87109375
647.0	11706.009765625
648.0	11744.083984375
649.0	11786.2978515625
650.0	11828.86328125
651.0	11868.0908203125
652.0	11900.330078125
653.0	11921.931640625
654.0	11930.1728515625
655.0	11926.634765625
656.0	11914.146484375
657.0	11895.5380859375
658.0	11873.8017578125
659.0	11852.3935546875
660.0	11834.845703125
661.0	11824.662109375
662.0	11822.994140625
663.0	11826.8876953125
664.0	11832.98046875
665.0	11837.96484375
666.0	11840.1708984375
667.0	11839.7373046875
668.0	11836.8984375
669.0	11832.05859375
670.0	11827.77734375
671.0	11828.1083984375
672.0	11837.13671875
673.0	11857.494140625
674.0	11881.75
675.0	11898.2109375
676.0	11895.16796875
677.0	11866.04296875
678.0	11824.173828125
679.0	11787.7314453125
680.0	11774.830078125
681.0	11790.1630859375
682.0	11807.625
683.0	11796.80859375
684.0	11728.365234375
685.0	11616.76953125
686.0	11534.9404296875
687.0	11559.8564453125
688.0	11761.4091796875
689.0	12094.5576171875
690.0	12421.017578125
691.0	12599.814453125
692.0	12511.96484375
693.0	12211.8701171875
694.0	11836.0966796875
695.0	11521.7060546875
696.0	11373.4814453125
697.0	11363.17578125
698.0	11428.2666015625
699.0	11506.3154296875
700.0	11554.00390625
701.0	11571.9072265625
702.0	11566.7294921875
703.0	11545.263671875
704.0	11517.7373046875
705.0	11498.8408203125
706.0	11503.5625
707.0	11545.431640625
708.0	11617.8076171875
709.0	11699.318359375
710.0	11768.2548828125
711.0	11806.3583984375
712.0	11817.8076171875
713.0	11815.7685546875
714.0	11813.423828125
715.0	11819.771484375
716.0	11829.8037109375
717.0	11835.587890625
718.0	11829.2265625
719.0	11806.2626953125
720.0	11768.390625
721.0	11717.939453125
722.0	11657.576171875
723.0	11597.326171875
724.0	11554.3876953125
725.0	11546.25390625
726.0	11587.1259765625
727.0	11661.541015625
728.0	11738.3388671875
729.0	11786.21875
730.0	11782.1796875
731.0	11738.4853515625
732.0	11676.7568359375
733.0	11618.5791015625
734.0	11578.57421875
735.0	11556.689453125
736.0	11551.0068359375
737.0	11559.392578125
738.0	11573.6435546875
739.0	11578.8203125
740.0	11559.6357421875
741.0	11504.232421875
742.0	11434.994140625
743.0	11393.966796875
744.0	11423.42578125
745.0	11543.6953125
746.0	11676.07421875
747.0	11713.9619140625
748.0	11551.23046875
749.0	11161.20703125
750.0	10684.89453125
751.0	10284.5595703125
752.0	10117.728515625
753.0	10215.7880859375
754.0	10473.7109375
755.0	10779.6611328125
756.0	11030.12109375
757.0	11198.9560546875
758.0	11302.1240234375
759.0	11356.0
760.0	11376.9736328125
761.0	11381.4794921875
762.0	11385.9609375
763.0	11406.7626953125
764.0	11450.0478515625
765.0	11503.26953125
766.0	11551.8701171875
767.0	11581.9287109375
768.0	11591.7568359375
769.0	11590.6865234375
770.0	11588.443359375
771.0	11593.365234375
772.0	11604.1328125
773.0	11615.3427734375
774.0	11621.580078125
775.0	11619.427734375
776.0	11611.4208984375
777.0	11601.1943359375
778.0	11592.388671875
779.0	11588.9052734375
780.0	11595.00390625
781.0	11614.970703125
782.0	11652.55078125
783.0	11705.3173828125
784.0	11766.8876953125
785.0	11830.8193359375
786.0	11889.4736328125
787.0	11929.826171875
788.0	11937.3359375
789.0	11897.599609375
790.0	11813.03515625
791.0	11718.7255859375
792.0	11653.5087890625
793.0	11654.1015625
794.0	11718.265625
795.0	11809.5712890625
796.0	11890.427734375
797.0	11928.9521484375
798.0	11929.2666015625
799.0	11909.5009765625
800.0	11887.8076171875
801.0	11878.5986328125
802.0	11886.94921875
803.0	11916.498046875
804.0	11970.5556640625
805.0	12043.6484375
806.0	12120.8076171875
807.0	12186.58984375
808.0	12227.7373046875
809.0	12248.228515625
810.0	12260.2099609375
811.0	12275.8779296875
812.0	12305.013671875
813.0	12350.0126953125
814.0	12411.8662109375
815.0	12491.3212890625
816.0	12580.3359375
817.0	12659.73828125
818.0	12709.6435546875
819.0	12713.3291015625
820.0	12682.568359375
821.0	12644.2080078125
822.0	12625.2314453125
823.0	12643.6533203125
824.0	12687.4892578125
825.0	12738.4951171875
826.0	12778.701171875
827.0	12801.564453125
828.0	12815.7744140625
829.0	12831.0810546875
830.0	12855.5302734375
831.0	12881.322265625
832.0	12892.0361328125
833.0	12871.16796875
834.0	12813.5322265625
835.0	12750.6689453125
836.0	12721.5576171875
837.0	12764.1171875
838.0	12877.3076171875
839.0	13010.7890625
840.0	13111.05859375
841.0	13131.251953125
842.0	13082.2939453125
843.0	13004.8662109375
844.0	12939.888671875
845.0	12915.76171875
846.0	12923.6875
847.0	12947.9951171875
848.0	12973.2880859375
849.0	12992.390625
850.0	13007.49609375
851.0	13021.30078125
852.0	13036.05859375
853.0	13050.810546875
854.0	13063.201171875
855.0	13070.869140625
856.0	13071.802734375
857.0	13064.82421875
858.0	13048.8837890625
859.0	13023.3701171875
860.0	12996.39453125
861.0	12984.1376953125
862.0	13003.0888671875
863.0	13064.2802734375
864.0	13149.2841796875
865.0	13229.751953125
866.0	13277.4638671875
867.0	13277.9638671875
868.0	13242.09375
869.0	13183.4150390625
870.0	13115.4892578125
871.0	13051.8994140625
872.0	13006.2431640625
873.0	12992.1142578125
874.0	13016.333984375
875.0	13060.173828125
876.0	13098.900390625
877.0	13108.2763671875
878.0	13082.4130859375
879.0	13038.6435546875
880.0	12995.7880859375
881.0	12970.9677734375
882.0	12968.28515625
883.0	12985.845703125
884.0	13021.7021484375
885.0	13067.8623046875
886.0	13102.083984375
887.0	13100.0634765625
888.0	13039.267578125
889.0	12927.0634765625
890.0	12795.73046875
891.0	12678.298828125
892.0	12600.869140625
893.0	12559.193359375
894.0	12540.71484375
895.0	12532.9482421875
896.0	12526.5859375
897.0	12516.779296875
898.0	12499.017578125
899.0	12469.236328125
900.0	12427.0146484375
901.0	12373.7021484375
902.0	12310.669921875
903.0	12241.3076171875
904.0	12173.759765625
905.0	12116.86328125
906.0	12078.873046875
907.0	12059.0234375
908.0	12049.427734375
909.0	12042.0
910.0	12030.09765625
911.0	12012.8359375
912.0	11990.7744140625
913.0	11964.5009765625
914.0	11935.5810546875
915.0	11906.7939453125
916.0	11880.9931640625
917.0	11860.5908203125
918.0	11845.12890625
919.0	11833.0029296875
920.0	11822.5927734375
921.0	11811.1064453125
922.0	11793.6005859375
923.0	11764.900390625
924.0	11720.841796875
925.0	11667.7265625
926.0	11618.02734375
927.0	11584.28515625
928.0	11573.369140625
929.0	11576.7021484375
930.0	11583.09765625
931.0	11581.720703125
932.0	11567.888671875
933.0	11542.177734375
934.0	11505.3330078125
935.0	11461.2373046875
936.0	11426.306640625
937.0	11420.0927734375
938.0	11461.130859375
939.0	11537.9521484375
940.0	11604.908203125
941.0	11614.48828125
942.0	11531.162109375
943.0	11386.1904296875
944.0	11233.982421875
945.0	11128.4033203125
946.0	11091.1455078125
947.0	11094.9052734375
948.0	11108.2724609375
949.0	11103.646484375
950.0	11081.6376953125
951.0	11055.501953125
952.0	11038.509765625
953.0	11039.177734375
954.0	11057.0400390625
955.0	11090.6376953125
956.0	11137.3935546875
957.0	11184.001953125
958.0	11211.16015625
959.0	11199.55078125
960.0	11142.9853515625
961.0	11066.2822265625
962.0	10998.7275390625
963.0	10967.3720703125
964.0	10971.5888671875
965.0	10992.087890625
966.0	11009.23828125
967.0	11010.44140625
968.0	11002.8056640625
969.0	10996.8701171875
970.0	11002.2470703125
971.0	11014.6728515625
972.0	11019.208984375
973.0	11000.6416015625
974.0	10950.5556640625
975.0	10881.9580078125
976.0	10812.0625
977.0	10757.5234375
978.0	10725.087890625
979.0	10713.0400390625
980.0	10719.390625
981.0	10741.21875
982.0	10772.4091796875
983.0	10806.1572265625
984.0	10835.927734375
985.0	10860.375
986.0	10882.826171875
987.0	10906.7744140625
988.0	10935.369140625
989.0	10970.494140625
990.0	11013.74609375
991.0	11066.498046875
992.0	11125.6953125
993.0	11184.185546875
994.0	11234.662109375
995.0	11273.73828125
996.0	11312.3515625
997.0	11364.71484375
998.0	11444.587890625
999.0	11557.09375
1000.0	11699.5673828125
1001.0	11869.0693359375
1002.0	12063.93359375
1003.0	12286.8828125
1004.0	12541.5888671875
1005.0	12830.9921875
1006.0	13145.205078125
1007.0	13463.369140625
1008.0	13764.279296875
1009.0	14033.126953125
1010.0	14275.2724609375
1011.0	14500.0419921875
1012.0	14715.7890625
1013.0	14915.8212890625
1014.0	15081.5517578125
1015.0	15194.0732421875
1016.0	15240.1826171875
1017.0	15222.6533203125
1018.0	15147.0361328125
1019.0	15018.9599609375
1020.0	14844.970703125
1021.0	14632.26171875
1022.0	14388.041015625
1023.0	14120.037109375
1024.0	13837.2255859375
1025.0	13548.7529296875
1026.0	13263.794921875
1027.0	12991.740234375
1028.0	12742.111328125
1029.0	12524.4091796875
1030.0	12345.857421875
1031.0	12209.255859375
1032.0	12116.892578125
1033.0	12069.64453125
1034.0	12057.595703125
1035.0	12065.859375
1036.0	12079.5673828125
1037.0	12086.76171875
1038.0	12080.0390625
1039.0	12052.3896484375
1040.0	12000.0126953125
1041.0	11937.537109375
1042.0	11886.1728515625
1043.0	11866.3037109375
1044.0	11871.0302734375
1045.0	11860.7119140625
1046.0	11793.763671875
1047.0	11644.837890625
1048.0	11455.505859375
1049.0	11284.5751953125
1050.0	11187.9208984375
1051.0	11167.513671875
1052.0	11178.017578125
1053.0	11172.5107421875
1054.0	11121.0263671875
1055.0	11042.548828125
1056.0	10964.8359375
1057.0	10913.595703125
1058.0	10891.7900390625
1059.0	10888.228515625
1060.0	10891.5361328125
1061.0	10894.447265625
1062.0	10897.6669921875
1063.0	10902.8154296875
1064.0	10910.90625
1065.0	10918.849609375
1066.0	10921.8720703125
1067.0	10915.287109375
1068.0	10898.171875
1069.0	10874.4853515625
1070.0	10848.513671875
1071.0	10823.5859375
1072.0	10798.962890625
1073.0	10772.8251953125
1074.0	10743.697265625
1075.0	10715.876953125
1076.0	10698.4697265625
1077.0	10700.7177734375
1078.0	10726.4150390625
1079.0	10765.7568359375
1080.0	10806.84765625
1081.0	10839.39453125
1082.0	10867.0302734375
1083.0	10900.5615234375
1084.0	10950.7509765625
1085.0	11022.8427734375
1086.0	11113.90234375
1087.0	11220.333984375
1088.0	11337.23046875
1089.0	11453.599609375
1090.0	11556.68359375
1091.0	11634.6015625
1092.0	11691.626953125
1093.0	11746.203125
1094.0	11817.2275390625
1095.0	11911.537109375
1096.0	12005.853515625
1097.0	12072.271484375
1098.0	12086.9453125
1099.0	12059.0966796875
1100.0	12014.060546875
1101.0	11976.93359375
1102.0	11957.578125
1103.0	11944.9921875
1104.0	11926.6669921875
1105.0	11892.64453125
1106.0	11843.1650390625
1107.0	11781.021484375
1108.0	11709.45703125
1109.0	11637.98046875
1110.0	11580.67578125
1111.0	11551.666015625
1112.0	11556.1767578125
1113.0	11581.6689453125
1114.0	11613.494140625
1115.0	11639.1337890625
1116.0	11658.673828125
1117.0	11676.837890625
1118.0	11698.22265625
1119.0	11724.6435546875
1120.0	11755.1953125
1121.0	11788.8603515625
1122.0	11822.921875
1123.0	11850.1748046875
1124.0	11862.6826171875
1125.0	11853.87109375
1126.0	11827.93359375
1127.0	11794.1650390625
1128.0	11761.75
1129.0	11735.0390625
1130.0	11712.423828125
1131.0	11691.9267578125
1132.0	11669.0810546875
1133.0	11631.341796875
1134.0	11564.521484375
1135.0	11457.2109375
1136.0	11324.7001953125
1137.0	11197.205078125
1138.0	11104.662109375
1139.0	11057.69140625
1140.0	11040.447265625
1141.0	11035.1796875
1142.0	11029.296875
1143.0	11029.07421875
1144.0	11045.103515625
1145.0	11086.7509765625
1146.0	11150.76171875
1147.0	11226.4345703125
1148.0	11302.9423828125
1149.0	11367.9912109375
1150.0	11407.169921875
1151.0	11405.900390625
1152.0	11357.181640625
1153.0	11281.7021484375
1154.0	11206.48046875
1155.0	11156.1240234375
1156.0	11130.38671875
1157.0	11114.3544921875
1158.0	11093.1640625
1159.0	11062.3037109375
1160.0	11031.4453125
1161.0	11011.28515625
1162.0	11005.966796875
1163.0	10997.734375
1164.0	10964.259765625
1165.0	10886.578125
1166.0	10775.953125
1167.0	10659.65234375
1168.0	10564.6357421875
1169.0	10503.0595703125
1170.0	10469.3095703125
1171.0	10456.7177734375
1172.0	10457.708984375
1173.0	10462.16015625
1174.0	10459.5107421875
1175.0	10440.361328125
1176.0	10403.6611328125
1177.0	10351.9931640625
1178.0	10288.2353515625
1179.0	10221.3828125
1180.0	10166.392578125
1181.0	10138.3984375
1182.0	10139.6640625
1183.0	10144.525390625
1184.0	10123.6572265625
1185.0	10056.0126953125
1186.0	9962.6611328125
1187.0	9878.0380859375
1188.0	9834.3662109375
1189.0	9833.193359375
1190.0	9853.6689453125
1191.0	9874.615234375
1192.0	9885.4228515625
1193.0	9891.576171875
1194.0	9899.9072265625
1195.0	9913.4775390625
1196.0	9922.345703125
1197.0	9913.7763671875
1198.0	9877.5966796875
1199.0	9824.5166015625
1200.0	9775.4208984375
1201.0	9750.458984375
1202.0	9750.365234375
1203.0	9755.955078125
1204.0	9747.205078125
1205.0	9715.873046875
1206.0	9678.5849609375
1207.0	9655.123046875
1208.0	9659.0166015625
1209.0	9674.7587890625
1210.0	9678.404296875
1211.0	9649.1484375
1212.0	9599.755859375
1213.0	9563.34375
1214.0	9572.28515625
1215.0	9623.38671875
1216.0	9669.6181640625
1217.0	9661.3349609375
1218.0	9576.05078125
1219.0	9457.2255859375
1220.0	9358.12890625
1221.0	9322.8251953125
1222.0	9347.078125
1223.0	9410.8671875
1224.0	9493.6748046875
1225.0	9569.1904296875
1226.0	9607.291015625
1227.0	9578.7216796875
1228.0	9488.2666015625
1229.0	9383.779296875
1230.0	9315.8125
1231.0	9312.4716796875
1232.0	9347.37890625
1233.0	9386.044921875
1234.0	9400.0498046875
1235.0	9390.935546875
1236.0	9369.4765625
1237.0	9346.30078125
1238.0	9330.4921875
1239.0	9330.1884765625
1240.0	9352.97265625
1241.0	9391.2119140625
1242.0	9420.37890625
1243.0	9415.1650390625
1244.0	9365.2412109375
1245.0	9291.0146484375
1246.0	9216.6669921875
1247.0	9161.31640625
1248.0	9123.83984375
1249.0	9098.0517578125
1250.0	9078.2939453125
1251.0	9063.0595703125
1252.0	9052.80859375
1253.0	9047.7880859375
1254.0	9044.216796875
1255.0	9034.8798828125
1256.0	9012.548828125
1257.0	8975.5693359375
1258.0	8930.779296875
1259.0	8885.724609375
1260.0	8845.404296875
1261.0	8807.88671875
1262.0	8770.0703125
1263.0	8728.9892578125
1264.0	8682.373046875
1265.0	8628.158203125
1266.0	8565.935546875
1267.0	8511.2177734375
1268.0	8488.4140625
1269.0	8520.4609375
1270.0	8597.3310546875
1271.0	8677.7119140625
1272.0	8719.419921875
1273.0	8704.3642578125
1274.0	8653.1689453125
1275.0	8589.9462890625
1276.0	8535.1611328125
1277.0	8499.35546875
1278.0	8491.3974609375
1279.0	8515.576171875
1280.0	8554.2451171875
1281.0	8583.189453125
1282.0	8580.755859375
1283.0	8546.806640625
1284.0	8491.98828125
1285.0	8427.0361328125
1286.0	8362.8857421875
1287.0	8310.6279296875
1288.0	8281.1328125
1289.0	8275.7578125
1290.0	8283.1796875
1291.0	8291.2060546875
1292.0	8290.0419921875
1293.0	8274.955078125
1294.0	8241.8515625
1295.0	8191.10400390625
1296.0	8138.43603515625
1297.0	8102.87939453125
1298.0	8097.9189453125
1299.0	8105.14697265625
1300.0	8094.78125
1301.0	8041.45361328125
1302.0	7962.4736328125
1303.0	7899.00537109375
1304.0	7890.021484375
1305.0	7931.37060546875
1306.0	7982.0283203125
1307.0	8000.53564453125
1308.0	7974.4794921875
1309.0	7929.18310546875
1310.0	7892.37060546875
1311.0	7877.41796875
1312.0	7869.8291015625
1313.0	7851.9111328125
1314.0	7813.3837890625
1315.0	7765.99267578125
1316.0	7725.55712890625
1317.0	7704.9052734375
1318.0	7702.97265625
1319.0	7714.6611328125
1320.0	7733.69482421875
1321.0	7745.38720703125
1322.0	7731.38720703125
1323.0	7675.91259765625
1324.0	7592.88427734375
1325.0	7515.208984375
1326.0	7474.7451171875
1327.0	7476.08544921875
1328.0	7498.615234375
1329.0	7521.06884765625
1330.0	7533.734375
1331.0	7541.91162109375
1332.0	7551.81884765625
1333.0	7561.4912109375
1334.0	7553.9150390625
1335.0	7510.49560546875
1336.0	7428.35986328125
1337.0	7345.04443359375
1338.0	7304.4912109375
1339.0	7333.6669921875
1340.0	7397.47509765625
1341.0	7446.64404296875
1342.0	7441.5791015625
1343.0	7393.46240234375
1344.0	7330.06494140625
1345.0	7277.15087890625
1346.0	7245.55419921875
1347.0	7239.419921875
1348.0	7261.30126953125
1349.0	7297.041015625
1350.0	7322.353515625
1351.0	7314.41845703125
1352.0	7276.43603515625
1353.0	7232.72265625
1354.0	7207.515625
1355.0	7207.669921875
1356.0	7221.72119140625
1357.0	7237.3984375
1358.0	7245.4189453125
1359.0	7240.58642578125
1360.0	7218.10595703125
1361.0	7182.07861328125
1362.0	7152.09423828125
1363.0	7149.22900390625
1364.0	7180.279296875
1365.0	7220.1796875
1366.0	7239.56494140625
1367.0	7220.56298828125
1368.0	7178.48095703125
1369.0	7134.57373046875
1370.0	7107.61865234375
1371.0	7107.05419921875
1372.0	7140.11865234375
1373.0	7207.97802734375
1374.0	7282.6884765625
1375.0	7327.595703125
1376.0	7314.18505859375
1377.0	7262.20068359375
1378.0	7209.111328125
1379.0	7187.63427734375
1380.0	7194.01220703125
1381.0	7207.6796875
1382.0	7209.84326171875
1383.0	7199.6533203125
1384.0	7186.28515625
1385.0	7177.720703125
1386.0	7166.39306640625
1387.0	7134.5234375
1388.0	7066.07861328125
1389.0	6973.794921875
1390.0	6892.56005859375
1391.0	6855.78369140625
1392.0	6857.619140625
1393.0	6856.857421875
1394.0	6812.64111328125
1395.0	6725.0634765625
1396.0	6637.35595703125
1397.0	6593.70458984375
1398.0	6602.1435546875
1399.0	6627.30517578125
1400.0	6631.80615234375
1401.0	6602.40625
1402.0	6558.9384765625
1403.0	6523.37841796875
1404.0	6503.8681640625
1405.0	6487.4814453125
1406.0	6459.66845703125
1407.0	6417.33642578125
1408.0	6376.802734375
1409.0	6356.15869140625
1410.0	6361.68505859375
1411.0	6377.34814453125
1412.0	6384.68115234375
1413.0	6372.416015625
1414.0	6344.05029296875
1415.0	6304.9091796875
1416.0	6262.96044921875
1417.0	6232.0693359375
1418.0	6226.86376953125
1419.0	6250.06005859375
1420.0	6275.46044921875
1421.0	6272.59765625
1422.0	6227.2373046875
1423.0	6166.865234375
1424.0	6125.55810546875
1425.0	6122.6376953125
1426.0	6137.248046875
1427.0	6141.775390625
1428.0	6120.4541015625
1429.0	6090.7333984375
1430.0	6075.83349609375
1431.0	6090.37158203125
1432.0	6123.4052734375
1433.0	6159.26953125
1434.0	6186.6865234375
1435.0	6207.4208984375
1436.0	6225.64306640625
1437.0	6240.9990234375
1438.0	6239.27880859375
1439.0	6203.638671875
1440.0	6130.02880859375
1441.0	6053.5478515625
1442.0	6016.74658203125
1443.0	6042.8916015625
1444.0	6096.23779296875
1445.0	6129.80712890625
1446.0	6117.2587890625
1447.0	6093.576171875
1448.0	6105.05908203125
1449.0	6173.791015625
1450.0	6251.96923828125
1451.0	6279.29345703125
1452.0	6223.9794921875
1453.0	6134.17431640625
1454.0	6071.8818359375
1455.0	6075.62353515625
1456.0	6121.7939453125
1457.0	6176.6494140625
1458.0	6212.337890625
1459.0	6215.72900390625
1460.0	6176.01611328125
1461.0	6097.6474609375
1462.0	6020.08154296875
1463.0	5987.5126953125
1464.0	6018.32080078125
1465.0	6076.40673828125
1466.0	6118.9248046875
1467.0	6122.68603515625
1468.0	6102.677734375
1469.0	6078.22998046875
1470.0	6065.1103515625
1471.0	6072.8828125
1472.0	6110.283203125
1473.0	6172.44580078125
1474.0	6232.6533203125
1475.0	6262.62744140625
1476.0	6253.3076171875
1477.0	6222.658203125
1478.0	6190.39794921875
1479.0	6166.26171875
1480.0	6147.3486328125
1481.0	6130.05419921875
1482.0	6113.7666015625
1483.0	6101.1982421875
1484.0	6095.208984375
1485.0	6098.15185546875
1486.0	6111.89453125
1487.0	6137.5146484375
1488.0	6163.54833984375
1489.0	6168.35595703125
1490.0	6132.4990234375
1491.0	6068.55810546875
1492.0	6011.28662109375
1493.0	5992.28759765625
1494.0	6006.03759765625
1495.0	6025.10791015625
1496.0	6025.9677734375
1497.0	6019.130859375
1498.0	6031.701171875
1499.0	6083.77099609375
1500.0	6149.0517578125
1501.0	6182.6875
1502.0	6151.513671875
1503.0	6082.10693359375
1504.0	6020.0
1505.0	6000.40234375
1506.0	6017.201171875
1507.0	6053.9521484375
1508.0	6095.5087890625
1509.0	6130.80712890625
1510.0	6149.59814453125
1511.0	6145.701171875
1512.0	6122.80615234375
1513.0	6086.10986328125
1514.0	6044.94921875
1515.0	6016.4853515625
1516.0	6018.48583984375
1517.0	6054.69970703125
1518.0	6108.091796875
1519.0	6160.0166015625
1520.0	6193.97900390625
1521.0	6195.93408203125
1522.0	6153.64892578125
1523.0	6085.76611328125
1524.0	6038.0224609375
1525.0	6052.43408203125
1526.0	6115.78369140625
1527.0	6178.58056640625
1528.0	6196.044921875
1529.0	6168.39990234375
1530.0	6118.41064453125
1531.0	6068.759765625
1532.0	6040.68408203125
1533.0	6054.9072265625
1534.0	6121.279296875
1535.0	6204.84326171875
1536.0	6259.11669921875
1537.0	6255.92431640625
1538.0	6219.92724609375
1539.0	6185.1806640625
1540.0	6173.5380859375
1541.0	6181.8115234375
1542.0	6203.548828125
1543.0	6222.82958984375
1544.0	6210.0625
1545.0	6137.01123046875
1546.0	6033.845703125
1547.0	5990.68603515625
1548.0	6090.80322265625
1549.0	6284.89404296875
1550.0	6426.8388671875
1551.0	6390.54931640625
1552.0	6237.1396484375
1553.0	6121.49658203125
1554.0	6164.22412109375
1555.0	6296.73828125
1556.0	6386.791015625
1557.0	6345.169921875
1558.0	6231.02001953125
1559.0	6135.20751953125
1560.0	6107.9501953125
1561.0	6108.755859375
1562.0	6085.6591796875
1563.0	6029.3974609375
1564.0	5994.025390625
1565.0	6035.71728515625
1566.0	6141.51953125
1567.0	6229.35009765625
1568.0	6222.2529296875
1569.0	6140.08837890625
1570.0	6066.296875
1571.0	6071.36572265625
1572.0	6131.271484375
1573.0	6183.0693359375
1574.0	6177.9970703125
1575.0	6126.263671875
1576.0	6053.26220703125
1577.0	5981.51513671875
1578.0	5926.37451171875
1579.0	5901.8427734375
1580.0	5907.732421875
1581.0	5922.2412109375
1582.0	5922.712890625
1583.0	5906.57568359375
1584.0	5890.3212890625
1585.0	5889.1962890625
1586.0	5897.8125
1587.0	5898.60546875
1588.0	5877.7783203125
1589.0	5844.10400390625
1590.0	5814.40283203125
1591.0	5800.67236328125
1592.0	5799.21728515625
1593.0	5803.1240234375
1594.0	5801.31689453125
1595.0	5774.85400390625
1596.0	5704.87939453125
1597.0	5599.3955078125
1598.0	5496.22119140625
1599.0	5431.81689453125
1600.0	5407.94921875
1601.0	5403.60302734375
1602.0	5399.49267578125
1603.0	5389.353515625
1604.0	5371.83984375
1605.0	5343.16015625
1606.0	5291.5439453125
1607.0	5203.794921875
1608.0	5083.96484375
1609.0	4966.966796875
1610.0	4889.6884765625
1611.0	4859.390625
1612.0	4852.921875
1613.0	4847.01953125
1614.0	4831.1201171875
1615.0	4801.9521484375
1616.0	4758.0869140625
1617.0	4706.76123046875
1618.0	4657.86572265625
1619.0	4615.68603515625
1620.0	4570.0927734375
1621.0	4508.9150390625
1622.0	4430.61376953125
1623.0	4348.2109375
1624.0	4275.33642578125
1625.0	4219.24072265625
1626.0	4182.3896484375
1627.0	4164.60693359375
1628.0	4149.7685546875
1629.0	4115.552734375
1630.0	4052.52197265625
1631.0	3990.7060546875
1632.0	3967.0986328125
1633.0	3984.2880859375
1634.0	3991.05224609375
1635.0	3935.283447265625
1636.0	3826.523193359375
1637.0	3724.333251953125
1638.0	3680.974609375
1639.0	3689.939453125
1640.0	3720.516357421875
1641.0	3745.81689453125
1642.0	3751.236328125
1643.0	3724.81298828125
1644.0	3667.68701171875
1645.0	3600.952392578125
1646.0	3546.11474609375
1647.0	3505.78515625
1648.0	3468.0283203125
1649.0	3423.76806640625
1650.0	3383.1064453125
1651.0	3363.173583984375
1652.0	3371.604248046875
1653.0	3390.144775390625
1654.0	3396.525634765625
1655.0	3381.24267578125
1656.0	3350.943359375
1657.0	3312.8349609375
1658.0	3268.832275390625
1659.0	3217.557861328125
1660.0	3161.04736328125
1661.0	3116.95849609375
1662.0	3107.211181640625
1663.0	3134.66015625
1664.0	3164.103759765625
1665.0	3157.630615234375
1666.0	3113.66796875
1667.0	3064.24267578125
1668.0	3037.6123046875
1669.0	3027.125732421875
1670.0	3011.350341796875
1671.0	2977.316162109375
1672.0	2936.633544921875
1673.0	2905.134521484375
1674.0	2891.818359375
1675.0	2897.0439453125
1676.0	2919.1552734375
1677.0	2941.96044921875
1678.0	2940.919189453125
1679.0	2901.3115234375
1680.0	2845.78564453125
1681.0	2805.546875
1682.0	2797.031982421875
1683.0	2813.578857421875
1684.0	2845.885498046875
1685.0	2876.590576171875
1686.0	2882.750732421875
1687.0	2849.526611328125
1688.0	2800.2763671875
1689.0	2769.2587890625
1690.0	2771.61083984375
1691.0	2787.31201171875
1692.0	2793.705810546875
1693.0	2785.20166015625
1694.0	2769.348876953125
1695.0	2753.859619140625
1696.0	2745.56298828125
1697.0	2750.94091796875
1698.0	2768.42431640625
1699.0	2780.80859375
1700.0	2770.279052734375
1701.0	2737.48779296875
1702.0	2697.68359375
1703.0	2665.443359375
1704.0	2649.893798828125
1705.0	2658.314208984375
1706.0	2686.022705078125
1707.0	2706.345703125
1708.0	2692.55078125
1709.0	2651.02734375
1710.0	2612.999267578125
1711.0	2603.65380859375
1712.0	2618.23095703125
1713.0	2643.523681640625
1714.0	2666.00146484375
1715.0	2671.5966796875
1716.0	2648.15283203125
1717.0	2606.01318359375
1718.0	2569.908935546875
1719.0	2559.133056640625
1720.0	2572.244873046875
1721.0	2602.890869140625
1722.0	2637.46533203125
1723.0	2652.6904296875
1724.0	2628.30908203125
1725.0	2576.205810546875
1726.0	2524.80859375
1727.0	2496.179443359375
1728.0	2494.157470703125
1729.0	2518.928955078125
1730.0	2559.5634765625
1731.0	2594.017578125
1732.0	2604.4970703125
1733.0	2600.437744140625
1734.0	2600.86669921875
1735.0	2611.337646484375
1736.0	2611.924072265625
1737.0	2582.387939453125
1738.0	2534.806396484375
1739.0	2503.636474609375
1740.0	2511.957275390625
1741.0	2539.60888671875
1742.0	2557.084228515625
1743.0	2553.28369140625
1744.0	2539.790283203125
1745.0	2528.93701171875
1746.0	2528.5537109375
1747.0	2544.50634765625
1748.0	2573.37353515625
1749.0	2592.14794921875
1750.0	2577.6044921875
1751.0	2537.88525390625
1752.0	2504.03759765625
1753.0	2498.482177734375
1754.0	2510.19189453125
1755.0	2520.7451171875
1756.0	2519.36328125
1757.0	2504.2099609375
1758.0	2475.8857421875
1759.0	2447.161865234375
1760.0	2435.430419921875
1761.0	2446.66455078125
1762.0	2465.82275390625
1763.0	2476.627685546875
1764.0	2473.73291015625
1765.0	2458.417724609375
1766.0	2433.616455078125
1767.0	2406.766845703125
1768.0	2385.7138671875
1769.0	2370.587646484375
1770.0	2354.56884765625
1771.0	2333.636962890625
1772.0	2317.1064453125
1773.0	2317.572509765625
1774.0	2334.185546875
1775.0	2349.08447265625
1776.0	2346.80859375
1777.0	2333.9345703125
1778.0	2325.528564453125
1779.0	2329.725830078125
1780.0	2342.55615234375
1781.0	2358.43701171875
1782.0	2368.19287109375
1783.0	2360.776123046875
1784.0	2332.01416015625
1785.0	2293.552001953125
1786.0	2258.918212890625
1787.0	2237.440673828125
1788.0	2235.5341796875
1789.0	2253.841552734375
1790.0	2276.02783203125
1791.0	2283.5732421875
1792.0	2274.78759765625
1793.0	2262.366455078125
1794.0	2254.86865234375
1795.0	2244.037841796875
1796.0	2218.3916015625
1797.0	2181.275634765625
1798.0	2151.2568359375
1799.0	2143.641845703125
1800.0	2156.43212890625
1801.0	2182.818603515625
1802.0	2213.61083984375
1803.0	2236.833251953125
1804.0	2242.88037109375
1805.0	2235.01220703125
1806.0	2220.500244140625
1807.0	2203.85693359375
1808.0	2186.00732421875
1809.0	2168.98095703125
1810.0	2162.29931640625
1811.0	2177.76806640625
1812.0	2213.4560546875
1813.0	2248.619873046875
1814.0	2262.79541015625
1815.0	2245.2431640625
1816.0	2189.2861328125
1817.0	2111.2939453125
1818.0	2060.031005859375
1819.0	2074.08203125
1820.0	2117.23046875
1821.0	2126.8916015625
1822.0	2088.72119140625
1823.0	2054.49072265625
1824.0	2069.771484375
1825.0	2117.0009765625
1826.0	2156.54736328125
1827.0	2166.3251953125
1828.0	2147.077392578125
1829.0	2104.8779296875
1830.0	2065.76513671875
1831.0	2061.205810546875
1832.0	2086.7734375
1833.0	2094.947021484375
1834.0	2051.17919921875
1835.0	1993.0888671875
1836.0	1977.335693359375
1837.0	2012.0660400390625
1838.0	2054.310791015625
1839.0	2069.311767578125
1840.0	2063.643310546875
1841.0	2053.293701171875
1842.0	2042.486328125
1843.0	2024.8477783203125
1844.0	1998.1552734375
1845.0	1974.4608154296875
1846.0	1967.7469482421875
1847.0	1979.896728515625
1848.0	2003.946533203125
1849.0	2029.3045654296875
1850.0	2037.0606689453125
1851.0	2010.782958984375
1852.0	1969.8486328125
1853.0	1953.415283203125
1854.0	1977.6412353515625
1855.0	2015.9954833984375
1856.0	2039.3255615234375
1857.0	2032.102294921875
1858.0	1985.2169189453125
1859.0	1918.00146484375
1860.0	1888.70654296875
1861.0	1937.2896728515625
1862.0	2005.5899658203125
1863.0	2010.3641357421875
1864.0	1943.220947265625
1865.0	1868.6866455078125
1866.0	1838.337890625
1867.0	1853.4052734375
1868.0	1903.5628662109375
1869.0	1958.66943359375
1870.0	1975.7611083984375
1871.0	1939.9267578125
1872.0	1894.29541015625
1873.0	1882.345703125
1874.0	1899.0694580078125
1875.0	1918.67919921875
1876.0	1928.802978515625
1877.0	1934.60888671875
1878.0	1941.5048828125
1879.0	1951.056884765625
1880.0	1963.46728515625
1881.0	1972.86962890625
1882.0	1968.499755859375
1883.0	1947.2919921875
1884.0	1925.220703125
1885.0	1919.3330078125
1886.0	1932.3321533203125
1887.0	1959.780029296875
1888.0	1990.4805908203125
1889.0	2004.048095703125
1890.0	1987.392822265625
1891.0	1961.2391357421875
1892.0	1953.447265625
1893.0	1963.227783203125
1894.0	1967.200927734375
1895.0	1951.63427734375
1896.0	1925.0675048828125
1897.0	1898.2109375
1898.0	1876.586181640625
1899.0	1863.4007568359375
1900.0	1858.2586669921875
1901.0	1856.5594482421875
1902.0	1857.6263427734375
1903.0	1874.2940673828125
1904.0	1919.163818359375
1905.0	1974.156982421875
1906.0	2003.4710693359375
1907.0	1994.3106689453125
1908.0	1970.22998046875
1909.0	1951.748291015625
1910.0	1931.41796875
1911.0	1895.570068359375
1912.0	1855.402099609375
1913.0	1841.0789794921875
1914.0	1861.866943359375
1915.0	1885.48681640625
1916.0	1882.7509765625
1917.0	1868.33203125
1918.0	1870.525146484375
1919.0	1887.4224853515625
1920.0	1889.97900390625
1921.0	1865.68212890625
1922.0	1841.0819091796875
1923.0	1842.030517578125
1924.0	1856.6229248046875
1925.0	1859.3441162109375
1926.0	1847.2781982421875
1927.0	1838.952392578125
1928.0	1843.64111328125
1929.0	1846.776611328125
1930.0	1834.732177734375
1931.0	1821.505126953125
1932.0	1830.42578125
1933.0	1855.196044921875
1934.0	1861.473388671875
1935.0	1834.5281982421875
1936.0	1805.8795166015625
1937.0	1806.8153076171875
1938.0	1830.14013671875
1939.0	1855.26123046875
1940.0	1874.5238037109375
1941.0	1891.29833984375
1942.0	1902.08935546875
1943.0	1888.9842529296875
1944.0	1842.3411865234375
1945.0	1801.8056640625
1946.0	1817.01806640625
1947.0	1868.52197265625
1948.0	1888.4339599609375
1949.0	1855.373779296875
1950.0	1824.3565673828125
1951.0	1834.5499267578125
1952.0	1841.9742431640625
1953.0	1792.58837890625
1954.0	1715.5369873046875
1955.0	1683.4947509765625
1956.0	1716.4024658203125
1957.0	1771.9996337890625
1958.0	1811.9901123046875
1959.0	1817.34716796875
1960.0	1779.21142578125
1961.0	1730.9100341796875
1962.0	1718.3487548828125
1963.0	1740.2001953125
1964.0	1757.1761474609375
1965.0	1756.38671875
1966.0	1770.31689453125
1967.0	1818.5091552734375
1968.0	1857.6788330078125
1969.0	1839.85302734375
1970.0	1798.41943359375
1971.0	1804.19091796875
1972.0	1851.7169189453125
1973.0	1859.3359375
1974.0	1795.0872802734375
1975.0	1735.8477783203125
1976.0	1746.9417724609375
1977.0	1787.868896484375
1978.0	1796.5633544921875
1979.0	1773.8416748046875
1980.0	1754.780517578125
1981.0	1751.2767333984375
1982.0	1749.7845458984375
1983.0	1742.654296875
1984.0	1737.356201171875
1985.0	1739.4454345703125
1986.0	1738.1956787109375
1987.0	1721.9364013671875
1988.0	1710.444091796875
1989.0	1738.525390625
1990.0	1793.4630126953125
1991.0	1815.179443359375
1992.0	1778.264892578125
1993.0	1726.734130859375
1994.0	1699.546142578125
1995.0	1688.9788818359375
1996.0	1678.623291015625
1997.0	1666.2176513671875
1998.0	1656.0283203125
1999.0	1658.2188720703125
2000.0	1687.2186279296875
2001.0	1734.228759765625
2002.0	1757.646728515625
2003.0	1735.510009765625
2004.0	1702.6859130859375
2005.0	1692.3564453125
2006.0	1686.4833984375
2007.0	1656.6234130859375
2008.0	1620.11865234375
2009.0	1616.8629150390625
2010.0	1639.82421875
2011.0	1639.0135498046875
2012.0	1606.6429443359375
2013.0	1605.3009033203125
2014.0	1667.8961181640625
2015.0	1729.2044677734375
2016.0	1724.5126953125
2017.0	1673.3204345703125
2018.0	1618.7667236328125
2019.0	1583.2801513671875
2020.0	1577.5469970703125
2021.0	1598.4578857421875
2022.0	1631.2481689453125
2023.0	1663.2265625
2024.0	1685.169189453125
2025.0	1692.742919921875
2026.0	1691.949951171875
2027.0	1687.0150146484375
2028.0	1670.2000732421875
2029.0	1636.0242919921875
2030.0	1611.02685546875
2031.0	1628.981689453125
2032.0	1665.8494873046875
2033.0	1664.14453125
2034.0	1619.4835205078125
2035.0	1577.99365234375
2036.0	1566.225341796875
2037.0	1578.7156982421875
2038.0	1606.7225341796875
2039.0	1639.9666748046875
2040.0	1667.11376953125
2041.0	1673.8209228515625
2042.0	1651.42578125
2043.0	1626.659423828125
2044.0	1633.2147216796875
2045.0	1658.643798828125
2046.0	1668.587890625
2047.0	1656.2176513671875
2048.0	1635.6241455078125
2049.0	1609.5963134765625
2050.0	1568.02490234375
2051.0	1516.1119384765625
2052.0	1483.9979248046875
2053.0	1488.60595703125
2054.0	1512.5087890625
2055.0	1539.0693359375
2056.0	1569.300537109375
2057.0	1605.7486572265625
2058.0	1641.1822509765625
2059.0	1664.517578125
2060.0	1658.246337890625
2061.0	1607.4246826171875
2062.0	1549.8095703125
2063.0	1548.983642578125
2064.0	1599.7078857421875
2065.0	1643.21337890625
2066.0	1647.9227294921875
2067.0	1612.745849609375
2068.0	1549.85205078125
2069.0	1487.567626953125
2070.0	1452.3526611328125
2071.0	1465.02001953125
2072.0	1525.302978515625
2073.0	1583.2025146484375
2074.0	1601.3134765625
2075.0	1605.2371826171875
2076.0	1618.96826171875
2077.0	1608.8602294921875
2078.0	1544.33837890625
2079.0	1491.7919921875
2080.0	1531.4615478515625
2081.0	1609.1356201171875
2082.0	1624.4967041015625
2083.0	1593.2486572265625
2084.0	1587.730712890625
2085.0	1602.29248046875
2086.0	1584.156982421875
2087.0	1552.9180908203125
2088.0	1583.957275390625
2089.0	1674.249267578125
2090.0	1744.0821533203125
2091.0	1750.8438720703125
2092.0	1698.5992431640625
2093.0	1625.1427001953125
2094.0	1610.0350341796875
2095.0	1669.1806640625
2096.0	1711.8297119140625
2097.0	1692.134521484375
2098.0	1664.4384765625
2099.0	1668.5501708984375
2100.0	1690.8868408203125
2101.0	1717.9317626953125
2102.0	1752.76904296875
2103.0	1789.428955078125
2104.0	1789.6495361328125
2105.0	1733.11767578125
2106.0	1673.7618408203125
2107.0	1664.09423828125
2108.0	1699.861083984375
2109.0	1756.35791015625
2110.0	1778.3428955078125
2111.0	1726.442626953125
2112.0	1660.156005859375
2113.0	1647.1796875
2114.0	1671.302001953125
2115.0	1697.12890625
2116.0	1714.86474609375
2117.0	1721.8028564453125
2118.0	1711.037841796875
2119.0	1676.29443359375
2120.0	1622.1312255859375
2121.0	1562.510009765625
2122.0	1543.4991455078125
2123.0	1603.428955078125
2124.0	1672.1103515625
2125.0	1662.220947265625
2126.0	1614.424072265625
2127.0	1602.17138671875
2128.0	1614.720458984375
2129.0	1615.8548583984375
2130.0	1601.6851806640625
2131.0	1580.650146484375
2132.0	1563.760498046875
2133.0	1558.8702392578125
2134.0	1551.1387939453125
2135.0	1524.4603271484375
2136.0	1498.440185546875
2137.0	1499.4415283203125
2138.0	1527.0260009765625
2139.0	1565.241943359375
2140.0	1564.577880859375
2141.0	1492.5833740234375
2142.0	1435.4287109375
2143.0	1474.345458984375
2144.0	1536.4605712890625
2145.0	1538.33349609375
2146.0	1503.0267333984375
2147.0	1467.4046630859375
2148.0	1433.135498046875
2149.0	1394.73779296875
2150.0	1347.33056640625
2151.0	1297.3084716796875
2152.0	1280.510009765625
2153.0	1310.6993408203125
2154.0	1340.0169677734375
2155.0	1329.982421875
2156.0	1278.3878173828125
2157.0	1214.3890380859375
2158.0	1212.792236328125
2159.0	1271.5435791015625
2160.0	1270.742919921875
2161.0	1194.2318115234375
2162.0	1165.4239501953125
2163.0	1207.72607421875
2164.0	1229.713623046875
2165.0	1197.583740234375
2166.0	1135.5218505859375
2167.0	1080.9281005859375
2168.0	1075.2998046875
2169.0	1114.5992431640625
2170.0	1165.778076171875
2171.0	1184.9190673828125
2172.0	1136.61279296875
2173.0	1071.298828125
2174.0	1054.9947509765625
2175.0	1068.406982421875
2176.0	1075.5201416015625
2177.0	1072.565185546875
2178.0	1062.811279296875
2179.0	1048.5810546875
2180.0	1028.224365234375
2181.0	992.3491821289062
2182.0	950.5999755859375
2183.0	943.5549926757812
2184.0	970.4686889648438
2185.0	978.7125244140625
2186.0	965.331787109375
2187.0	973.3878173828125
2188.0	1008.9820556640625
2189.0	1049.6727294921875
2190.0	1058.50439453125
2191.0	1005.3934326171875
2192.0	939.9999389648438
2193.0	921.6104736328125
2194.0	934.1550903320312
2195.0	949.3217163085938
2196.0	956.8726196289062
2197.0	957.787109375
2198.0	967.8866577148438
2199.0	979.2801513671875
2200.0	953.1903686523438
2201.0	909.4356689453125
2202.0	916.1975708007812
2203.0	951.8858642578125
2204.0	948.4135131835938
2205.0	924.5718383789062
2206.0	926.886474609375
2207.0	954.5001831054688
2208.0	984.9437866210938
2209.0	972.5344848632812
2210.0	916.036376953125
2211.0	901.1192626953125
2212.0	936.9025268554688
2213.0	934.9426879882812
2214.0	892.705322265625
2215.0	872.9954833984375
2216.0	876.3695068359375
2217.0	877.3255004882812
2218.0	885.7845458984375
2219.0	912.9085693359375
2220.0	939.9204711914062
2221.0	945.9541015625
2222.0	917.7612915039062
2223.0	878.3446044921875
2224.0	883.04638671875
2225.0	897.5584716796875
2226.0	845.6021118164062
2227.0	794.4720458984375
2228.0	827.5130004882812
2229.0	864.356201171875
2230.0	841.6796875
2231.0	815.7095336914062
2232.0	810.2431030273438
2233.0	791.2637329101562
2234.0	766.0940551757812
2235.0	770.5450439453125
2236.0	809.5963745117188
2237.0	867.505615234375
2238.0	901.8675537109375
2239.0	892.1181030273438
2240.0	871.2615356445312
2241.0	857.2459106445312
2242.0	844.5148315429688
2243.0	827.8414306640625
2244.0	804.8108520507812
2245.0	782.675537109375
2246.0	769.49072265625
2247.0	767.0400390625
2248.0	774.0861206054688
2249.0	786.0911254882812
2250.0	791.0363159179688
2251.0	776.4437255859375
2252.0	763.114013671875
2253.0	775.1494750976562
2254.0	804.764892578125
2255.0	826.667724609375
2256.0	801.5173950195312
2257.0	746.4283447265625
2258.0	719.0933227539062
2259.0	735.1641235351562
2260.0	780.3145751953125
2261.0	803.590576171875
2262.0	772.5162353515625
2263.0	695.4927368164062
2264.0	627.4295654296875
2265.0	638.03662109375
2266.0	695.6319580078125
2267.0	740.826416015625
2268.0	738.0276489257812
2269.0	697.9075927734375
2270.0	677.3004150390625
2271.0	685.178466796875
2272.0	701.5938110351562
2273.0	707.7715454101562
2274.0	708.0474243164062
2275.0	742.1864624023438
2276.0	764.0831909179688
2277.0	684.9412231445312
2278.0	611.2201538085938
2279.0	647.0202026367188
2280.0	705.817138671875
2281.0	723.4148559570312
2282.0	695.8135375976562
2283.0	643.521484375
2284.0	605.626220703125
2285.0	644.3177490234375
2286.0	725.103515625
2287.0	696.1121826171875
2288.0	623.408203125
2289.0	648.7965087890625
2290.0	695.4314575195312
2291.0	696.6511840820312
2292.0	679.0314331054688
2293.0	657.56005859375
2294.0	636.4631958007812
2295.0	628.0838623046875
2296.0	632.3228759765625
2297.0	628.71484375
2298.0	624.0309448242188
2299.0	637.46875
2300.0	663.9393920898438
2301.0	678.6074829101562
2302.0	644.16015625
2303.0	604.6658935546875
2304.0	617.2399291992188
2305.0	617.8191528320312
2306.0	593.3982543945312
2307.0	617.154296875
2308.0	644.7941284179688
2309.0	621.465576171875
2310.0	628.5657958984375
2311.0	671.7842407226562
2312.0	668.693603515625
2313.0	617.8068237304688
2314.0	564.0849609375
2315.0	572.8238525390625
2316.0	598.106201171875
2317.0	557.3270263671875
2318.0	565.2045288085938
2319.0	641.2965087890625
2320.0	627.8005981445312
2321.0	558.8062133789062
2322.0	530.153564453125
2323.0	535.018798828125
2324.0	566.2911987304688
2325.0	615.94873046875
2326.0	609.73779296875
2327.0	546.33984375
2328.0	540.529052734375
2329.0	537.7061157226562
2330.0	483.2439880371094
2331.0	526.9752197265625
2332.0	612.6666870117188
2333.0	571.9822387695312
2334.0	552.1649169921875
2335.0	600.1758422851562
2336.0	571.4783935546875
2337.0	520.1575317382812
2338.0	527.9031982421875
2339.0	568.2657470703125
2340.0	578.9173583984375
2341.0	537.0546875
2342.0	552.8150024414062
2343.0	599.5729370117188
2344.0	573.0388793945312
2345.0	557.7979125976562
2346.0	573.6495361328125
2347.0	541.7313842773438
2348.0	486.37567138671875
2349.0	451.5381164550781
2350.0	456.72998046875
2351.0	498.23016357421875
2352.0	541.3834228515625
2353.0	523.2297973632812
2354.0	466.29779052734375
2355.0	440.7066650390625
2356.0	503.6450500488281
2357.0	534.9535522460938
2358.0	444.0085144042969
2359.0	450.6183166503906
2360.0	540.421142578125
2361.0	566.1040649414062
2362.0	549.5340576171875
2363.0	531.7840576171875
2364.0	528.2225341796875
2365.0	503.4544677734375
2366.0	461.21142578125
2367.0	438.7796630859375
2368.0	457.93682861328125
2369.0	482.4472961425781
2370.0	462.6875305175781
2371.0	436.6881408691406
2372.0	433.04302978515625
2373.0	453.9631042480469
2374.0	482.35162353515625
2375.0	499.04461669921875
2376.0	489.9582214355469
2377.0	454.631591796875
2378.0	425.94732666015625
2379.0	439.3929138183594
2380.0	485.6335754394531
2381.0	497.63031005859375
2382.0	469.35870361328125
2383.0	526.923828125
2384.0	541.49462890625
2385.0	462.1675109863281
2386.0	491.0141296386719
2387.0	546.2970581054688
2388.0	520.7208862304688
2389.0	436.1622009277344
2390.0	422.7381896972656
2391.0	466.16241455078125
2392.0	459.85040283203125
2393.0	472.517578125
2394.0	484.33465576171875
2395.0	459.3685302734375
2396.0	475.8906555175781
2397.0	485.8443298339844
2398.0	461.80145263671875
2399.0	474.93988037109375
2400.0	496.1993408203125
2401.0	486.9301452636719
2402.0	443.5763854980469
2403.0	408.743896484375
2404.0	473.40362548828125
2405.0	589.8070678710938
2406.0	511.6571350097656
2407.0	451.3672790527344
2408.0	499.07794189453125
2409.0	494.133056640625
2410.0	460.00616455078125
2411.0	443.7360534667969
2412.0	452.7499694824219
2413.0	448.6731872558594
2414.0	424.94281005859375
2415.0	409.3715515136719
2416.0	422.18707275390625
2417.0	422.54302978515625
2418.0	448.3177795410156
2419.0	494.8483581542969
2420.0	478.5756530761719
2421.0	427.5421447753906
2422.0	411.9498291015625
2423.0	437.06060791015625
2424.0	422.3816833496094
2425.0	447.1305847167969
2426.0	475.758056640625
2427.0	439.7182922363281
2428.0	428.33526611328125
2429.0	412.7281188964844
2430.0	399.7937927246094
2431.0	413.3051452636719
2432.0	396.5592041015625
2433.0	462.51226806640625
2434.0	544.2468872070312
2435.0	516.187744140625
2436.0	530.6904296875
2437.0	493.0979919433594
2438.0	460.4814147949219
2439.0	514.76513671875
2440.0	461.3486328125
2441.0	405.266845703125
2442.0	405.7632141113281
2443.0	439.0552978515625
2444.0	495.049560546875
2445.0	493.2900085449219
2446.0	430.3031311035156
2447.0	388.4801025390625
2448.0	413.29296875
2449.0	387.0016174316406
2450.0	383.8292236328125
2451.0	410.34527587890625
2452.0	430.0
2453.0	493.2772521972656
2454.0	413.9220886230469
2455.0	360.36181640625
2456.0	414.54638671875
2457.0	415.37646484375
2458.0	430.0338134765625
2459.0	447.53546142578125
2460.0	408.7479248046875
2461.0	354.7667236328125
2462.0	398.510009765625
2463.0	478.6708679199219
2464.0	457.7403564453125
2465.0	404.9019470214844
2466.0	393.5816650390625
2467.0	380.21478271484375
2468.0	409.56500244140625
2469.0	420.5487976074219
2470.0	413.6845703125
2471.0	379.87115478515625
2472.0	342.35516357421875
2473.0	413.274658203125
2474.0	432.4740295410156
2475.0	354.115234375
2476.0	347.46624755859375
2477.0	436.8062438964844
2478.0	436.2201843261719
2479.0	382.6716003417969
2480.0	391.8584899902344
2481.0	389.76885986328125
2482.0	355.65570068359375
2483.0	385.6656188964844
2484.0	462.6629333496094
2485.0	418.6319274902344
2486.0	374.5743103027344
2487.0	380.8492431640625
2488.0	381.2603759765625
2489.0	382.8154296875
2490.0	409.8333435058594
2491.0	408.7277526855469
2492.0	390.0234375
2493.0	386.6790466308594
2494.0	369.1683654785156
2495.0	348.7167053222656
2496.0	365.09637451171875
2497.0	398.4764709472656
2498.0	386.5560302734375
2499.0	323.2679443359375
2500.0	250.12063598632812
