188.706	1072.89
191.305	1108.67
193.902	1098.89
196.499	996.889
199.096	868
201.69	726.222
204.284	621.333
206.877	538
209.47	469.333
212.062	427.556
214.652	385.111
217.242	360.444
219.83	340.222
222.419	315.111
225.005	297.778
227.592	281.556
230.177	256.444
232.762	250.222
235.345	233.778
237.928	226.889
240.509	215.556
243.09	206.889
245.671	200.444
248.249	195.111
250.829	190.667
253.405	186.889
255.983	189.556
258.558	186.222
261.132	186.444
263.707	183.111
266.28	191.556
268.852	195.111
271.424	206.889
273.994	237.556
276.564	271.778
279.133	334.222
281.701	364.667
284.268	368.444
286.835	309.111
289.4	260.444
291.964	215.333
294.527	194
297.091	176.444
299.653	168.889
302.214	159.556
304.774	152
307.334	144.222
309.892	139.333
312.45	142.222
315.006	133.556
317.562	132.444
320.118	129.556
322.672	127.333
325.225	123.111
327.778	123.333
330.329	128.444
332.88	120
335.43	122.444
337.978	121.778
340.528	124.444
343.075	118.889
345.622	123.556
348.167	123.556
350.712	120.444
353.256	118.667
355.799	124.667
358.341	124.444
360.883	122.444
363.423	126.667
365.963	129.333
368.502	133.556
371.04	138.444
373.577	140.889
376.114	150.444
378.649	164.444
381.184	161.556
383.718	163.778
386.251	168.667
388.783	171.556
391.314	168.222
393.844	181.111
396.373	192
398.902	204.444
401.43	238
403.957	271.333
406.484	347.778
409.009	440.222
411.534	619.556
414.057	913.333
416.58	1000
419.102	778.667
421.624	484.667
424.144	303.333
426.663	225.556
429.181	185.111
431.7	151.111
434.217	143.556
436.732	135.556
439.248	121.556
441.763	119.778
444.277	111.778
446.788	114
449.301	112.444
451.812	111.778
454.322	111.556
456.831	114
459.341	109.333
461.847	116
464.355	117.111
466.861	118.444
469.366	113.778
471.871	115.556
474.374	109.111
476.877	105.333
479.378	100
481.88	99.1111
484.381	98.6667
486.879	98.8889
489.379	95.3333
491.876	91.1111
494.373	94
496.869	94.4445
499.365	89.5556
501.858	86.8889
504.353	90.2222
506.845	90.2222
509.338	91.7778
511.828	92
514.319	89.3333
516.808	88.2222
519.296	86.8889
521.785	88.8889
524.272	84.6667
526.759	87.5556
529.244	89.1111
531.728	84.8889
534.212	89.7778
536.695	89.5556
539.178	87.3333
541.659	90
544.139	86.2222
546.619	87.5556
549.098	91.3333
551.575	86
554.052	85.3333
556.529	87.1111
559.005	86.2222
561.479	89.1111
563.953	88.8889
566.427	88.2222
568.899	88.4444
571.37	92.6667
573.84	94
576.311	91.5556
578.78	93.5556
581.248	97.5555
583.715	99.1111
586.181	97.5556
588.647	106.222
591.113	110.222
593.577	115.556
596.04	126.444
598.503	144.222
600.964	178.667
603.425	228.444
605.885	257.111
608.344	266.222
610.803	260
613.26	280.667
615.718	380.889
618.174	499.333
620.63	419.333
623.084	268.444
625.538	194.444
627.99	164.667
630.443	150.889
632.894	144.889
635.344	139.556
637.792	142.889
640.241	148.889
642.689	153.778
645.137	176
647.583	213.556
650.029	292.889
652.474	411.111
654.918	493.556
657.361	403.333
659.804	275.556
662.246	195.556
664.685	163.556
667.125	142.222
669.565	130.889
672.003	123.556
674.441	125.556
676.877	125.111
679.313	132.444
681.749	136
684.183	138.667
686.617	138.667
689.049	152.889
691.481	170.222
693.913	237.333
696.342	380
698.772	716.889
701.201	937.333
703.63	705.111
706.056	406.444
708.483	262.889
710.909	196
713.333	154.222
715.758	142.222
718.18	128.444
720.603	119.111
723.025	115.333
725.445	115.556
727.866	120.444
730.284	120
732.703	128.222
735.122	133.111
737.538	141.556
739.955	140.889
742.369	144.444
744.784	152
747.197	141.111
749.611	132.667
752.023	129.556
754.435	117.556
756.845	118.444
759.255	112.444
761.664	110.667
764.071	97.7778
766.48	102.222
768.886	99.5556
771.292	97.1111
773.697	96.4444
776.102	96
778.505	93.1111
780.907	96
783.31	94
785.711	95.5556
788.111	93.7778
790.511	95.5556
792.91	96.2222
795.308	101.556
797.706	96.6667
800.102	100
802.497	102.889
804.892	101.556
807.287	109.333
809.68	107.778
812.072	112.222
814.464	115.111
816.855	110.444
819.246	102.444
821.635	99.3333
824.024	104.222
826.412	104.444
828.799	107.111
831.186	106.222
833.572	114.889
835.956	116
838.34	124.444
840.723	120.889
843.106	118.222
845.487	115.111
847.868	116
850.248	114.667
852.628	114
855.006	103.333
857.384	111.556
859.761	112.444
862.138	114.222
864.513	117.556
866.888	123.333
869.262	125.333
871.636	130.889
874.008	138.444
876.38	145.556
878.751	153.778
881.121	169.778
883.491	180.667
885.86	188.444
888.228	187.333
890.595	188.889
892.962	196.667
895.327	210
897.691	220.889
900.055	231.778
902.419	234
904.782	251.556
907.144	268.889
909.505	270
911.864	286
914.224	295.111
916.583	318.889
918.941	331.111
921.298	315.333
923.654	314
926.01	288
928.366	272.444
930.719	268.444
933.073	260.667
935.426	247.778
937.777	258.222
940.129	244.889
942.479	244.889
944.828	226.889
947.178	223.778
949.526	215.333
951.873	214.667
954.22	206.444
956.565	207.556
958.911	213.778
961.254	214.444
963.598	214.444
965.942	219.333
968.283	219.556
970.625	221.778
972.965	244.222
975.305	264.889
977.644	334.222
979.983	439.556
982.32	500.444
984.657	538.222
986.993	749.111
989.327	1856.44
991.663	4325.33
993.996	4999.11
996.33	3818.44
998.662	3595.78
1000.99	5534
1003.32	5504.67
1005.65	2890.67
1007.98	1041.11
1010.31	483.556
1012.64	363.111
1014.97	347.111
1017.29	380.444
1019.62	427.111
1021.94	632
1024.27	1205.11
1026.59	1991.56
1028.91	2742.44
1031.24	4497.78
1033.56	4421.33
1035.88	2358
1038.2	911.333
1040.51	410.667
1042.83	282
1045.15	232.889
1047.47	222.222
1049.78	199.111
1052.1	197.111
1054.41	193.111
1056.73	192
1059.04	187.333
1061.35	181.778
1063.66	194.889
1065.97	232.889
1068.28	279.556
1070.59	305.333
1072.9	291.778
1075.21	262.222
1077.52	238.222
1079.82	225.333
1082.13	237.778
1084.43	270.889
1086.74	333.333
1089.04	462
1091.34	645.333
1093.65	838.222
1095.95	821.111
1098.25	647.111
1100.55	457.111
1102.85	339.778
1105.14	294
1107.44	267.111
1109.74	272.667
1112.03	285.333
1114.33	335.778
1116.62	426.444
1118.92	536
1121.21	564.889
1123.5	476
1125.79	341.111
1128.09	252.667
1130.38	195.556
1132.67	181.778
1134.95	172.889
1137.24	168.667
1139.53	179.556
1141.82	187.556
1144.1	229.333
1146.39	273.111
1148.67	298.222
1150.95	321.778
1153.24	327.778
1155.52	374.667
1157.8	414.444
1160.08	410.889
1162.36	344.667
1164.64	272.889
1166.92	228.889
1169.2	198.222
1171.47	189.333
1173.75	188.222
1176.03	197.111
1178.3	220.889
1180.58	258
1182.85	298.444
1185.12	287.111
1187.39	235.556
1189.66	191.556
1191.94	170.222
1194.21	157.333
1196.48	153.556
1198.74	159.556
1201.01	156.222
1203.28	169.778
1205.54	189.778
1207.81	219.556
1210.07	248
1212.34	303.111
1214.6	410.667
1216.86	527.556
1219.13	576
1221.39	492.667
1223.65	392
1225.91	326.667
1228.17	294
1230.43	270.667
1232.68	229.556
1234.94	200.889
1237.2	167.778
1239.45	152.444
1241.71	139.556
1243.96	131.778
1246.22	125.556
1248.47	129.111
1250.72	121.333
1252.97	120.889
1255.22	124.667
1257.47	125.778
1259.72	119.556
1261.97	126.667
1264.22	129.778
1266.46	129.556
1268.71	133.556
1270.95	146.444
1273.2	151.556
1275.44	146.889
1277.69	132.889
1279.93	128
1282.17	116.444
1284.41	111.333
1286.65	114.222
1288.89	112.667
1291.13	114.889
1293.37	110.889
1295.61	109.556
1297.85	108.444
1300.08	109.778
1302.32	108.222
1304.55	108.444
1306.79	107.333
1309.02	113.333
1311.26	109.778
1313.49	109.556
1315.72	109.778
1317.95	113.556
1320.18	111.556
1322.41	116
1324.64	121.333
1326.86	131.778
1329.09	140.889
1331.32	151.556
1333.55	143.333
1335.77	132.889
1337.99	117.778
1340.22	114.222
1342.44	114.222
1344.66	109.333
1346.89	112
1349.11	114.667
1351.33	117.333
1353.55	126.444
1355.77	119.556
1357.98	126.222
1360.2	124.889
1362.42	113.111
1364.63	115.333
1366.85	114.222
1369.06	118.444
1371.28	116.889
1373.49	118.889
1375.7	122
1377.92	128.444
1380.13	123.111
1382.34	130.889
1384.55	124
1386.76	116.667
1388.97	117.778
1391.17	116.444
1393.38	106.667
1395.59	113.333
1397.79	114.889
1400	114.222
1402.2	113.556
1404.41	114.444
1406.61	117.111
1408.81	114
1411.01	114.889
1413.21	113.111
1415.41	115.556
1417.61	110
1419.81	112
1422.01	110.444
1424.21	113.111
1426.4	107.778
1428.6	113.778
1430.8	114.222
1432.99	111.556
1435.18	118.444
1437.38	124.889
1439.57	139.778
1441.76	152.667
1443.95	163.111
1446.14	153.556
1448.33	134.667
1450.52	120.222
1452.71	120.889
1454.9	119.333
1457.09	115.556
1459.27	114.444
1461.46	110.667
1463.64	114.222
1465.83	115.333
1468.01	114.444
1470.2	121.111
1472.38	122.667
1474.56	126.667
1476.74	141.778
1478.92	152.667
1481.1	200.889
1483.28	237.111
1485.46	206.889
1487.64	163.556
1489.81	137.778
1491.99	132.444
1494.16	130.889
1496.34	126.444
1498.51	125.556
1500.69	123.556
1502.86	117.111
1505.03	120.667
1507.21	112.889
1509.38	117.333
1511.55	117.778
1513.72	114
1515.89	113.556
1518.05	119.556
1520.22	119.556
1522.39	123.111
1524.55	120.222
1526.72	118
1528.88	126.889
1531.05	130.222
1533.21	130.889
1535.37	137.111
1537.54	133.111
1539.7	145.333
1541.86	147.556
1544.02	154.667
1546.18	166.222
1548.34	169.778
1550.5	176.889
1552.65	186
1554.81	194
1556.97	201.556
1559.12	215.111
1561.28	237.111
1563.43	259.111
1565.58	302.889
1567.74	364.667
1569.89	442.444
1572.04	565.556
1574.19	740.222
1576.34	819.556
1578.49	832.667
1580.64	936.889
1582.79	1182.67
1584.94	1368.67
1587.08	1314.89
1589.23	1052.67
1591.37	801.333
1593.52	625.778
1595.66	512.222
1597.81	469.778
1599.95	429.333
1602.09	375.778
1604.23	320.667
1606.37	274.889
1608.51	249.556
1610.65	227.333
1612.79	220.889
1614.93	191.778
1617.07	181.556
1619.21	176
1621.34	166.667
1623.48	156.889
1625.61	149.111
1627.75	145.778
1629.88	141.333
1632.01	137.111
1634.15	136
1636.28	139.556
1638.41	136.667
1640.54	131.556
1642.67	133.556
1644.8	132
1646.93	133.556
1649.05	131.111
1651.18	123.556
1653.31	119.556
1655.43	127.556
1657.56	119.556
1659.68	124
1661.81	118.889
1663.93	117.778
1666.05	122.889
1668.17	115.111
1670.3	121.778
1672.42	121.333
1674.54	121.111
1676.66	118.444
1678.77	121.111
1680.89	121.778
1683.01	122
1685.13	115.778
1687.24	114
1689.36	117.111
1691.47	117.556
1693.59	116.667
1695.7	107.778
1697.81	118.222
1699.92	114.222
1702.04	114
1704.15	111.778
1706.26	116.222
1708.37	109.556
1710.47	111.778
1712.58	111.556
1714.69	116.889
1716.8	110.444
1718.9	115.778
1721.01	111.778
1723.11	113.556
1725.22	112.889
1727.32	114.667
1729.42	113.333
1731.53	113.333
1733.63	112.222
1735.73	112
1737.83	108
1739.93	106.222
1742.03	107.111
1744.13	110.444
1746.23	110
1748.32	110.444
1750.42	106.667
1752.52	108.444
1754.61	111.111
1756.71	113.556
1758.8	108.889
1760.89	111.111
1762.99	117.333
1765.08	112.889
1767.17	114.222
1769.26	114.889
1771.35	115.556
1773.44	114.889
1775.53	119.111
1777.62	116.444
1779.71	117.556
1781.79	116.222
1783.88	120.222
1785.96	118.889
1788.05	124.222
1790.13	122.222
1792.22	121.556
1794.3	119.556
1796.38	117.111
1798.47	122.222
1800.55	117.333
1802.63	118
1804.71	115.778
1806.79	117.333
1808.87	118.444
1810.95	119.333
1813.02	115.333
1815.1	122.667
1817.18	118.222
1819.25	119.778
1821.33	122.667
1823.4	121.333
1825.47	120.667
1827.55	118.444
1829.62	115.556
1831.69	115.556
1833.76	118
1835.83	113.111
1837.9	113.556
1839.97	116
1842.04	118.222
1844.11	118.889
1846.18	108.444
1848.24	110.444
1850.31	112.222
1852.38	114.444
1854.44	116.889
1856.51	115.333
1858.57	114.667
1860.63	117.778
1862.69	113.111
1864.76	113.778
1866.82	116.222
1868.88	119.111
1870.94	116.667
1873	113.111
1875.06	118.222
1877.11	117.778
1879.17	122.444
1881.23	124
1883.28	119.111
1885.34	121.778
1887.4	119.111
1889.45	117.333
1891.5	114.222
1893.56	114.222
1895.61	119.111
1897.66	116.889
1899.71	115.778
1901.76	115.111
1903.81	118.889
1905.86	120.444
1907.91	119.333
1909.96	120.667
1912.01	122.667
1914.05	127.556
1916.1	125.556
1918.15	122.889
1920.19	124.444
1922.23	118.444
1924.28	123.111
1926.32	119.778
1928.36	124.444
1930.41	124.667
1932.45	126.444
1934.49	124
1936.53	120
1938.57	122.889
1940.61	121.333
1942.64	128.222
1944.68	123.556
1946.72	117.333
1948.76	123.111
1950.79	120.889
1952.83	122.889
1954.86	120.222
1956.89	125.556
1958.93	124.667
1960.96	122.444
1962.99	127.556
1965.03	122.889
1967.06	119.111
1969.09	122.667
1971.12	119.556
1973.14	122.222
1975.17	122.889
1977.2	122.222
1979.23	121.333
1981.25	117.778
1983.28	122.889
1985.31	121.556
1987.33	122
1989.36	123.556
1991.38	122.667
1993.4	121.333
1995.42	121.778
1997.45	122.444
1999.47	117.333
2001.49	125.111
2003.51	120.889
2005.53	122
2007.55	124.444
2009.56	125.111
2011.58	119.556
2013.6	123.111
2015.61	122.889
2017.63	122.889
2019.65	119.111
2021.66	126.222
2023.67	124.667
2025.69	126.222
2027.7	125.111
2029.71	122.444
2031.72	124.222
2033.73	124.667
2035.74	119.333
2037.75	122.222
2039.76	117.111
2041.77	122.889
2043.78	119.778
2045.79	122.222
2047.79	115.778
2049.8	119.556
2051.8	124.889
2053.81	125.556
2055.81	118
2057.82	123.556
2059.82	120.889
2061.82	119.778
2063.82	118.667
2065.83	116.667
2067.83	119.556
2069.83	119.556
2071.83	122.667
2073.82	124.222
2075.82	118.222
2077.82	119.556
2079.82	122
2081.81	124.667
2083.81	122.222
2085.8	120.222
2087.8	125.778
2089.79	121.556
2091.79	123.556
2093.78	123.333
2095.77	125.778
2097.76	124.222
2099.76	122.889
2101.75	118.667
2103.74	120
2105.72	122.667
2107.71	124.444
2109.7	122
2111.69	122.889
2113.68	121.111
2115.66	126
2117.65	123.556
2119.63	121.556
2121.62	127.556
2123.6	125.778
2125.59	127.333
2127.57	127.556
2129.55	125.333
2131.53	122.667
2133.51	122.667
2135.49	126.444
2137.47	123.556
2139.45	123.778
2141.43	124
2143.41	125.333
2145.39	126
2147.36	126.889
2149.34	123.556
2151.32	122.444
2153.29	126.444
2155.27	124.222
2157.24	122.222
2159.21	127.778
2161.19	122.667
2163.16	128
2165.13	124
2167.1	124.444
2169.07	127.556
2171.04	124.889
2173.01	128.667
2174.98	133.111
2176.95	131.111
2178.92	132.222
2180.88	136.889
2182.85	134.667
2184.81	133.556
2186.78	130.889
2188.74	132.222
2190.71	129.111
2192.67	135.778
2194.63	132.444
2196.6	132.889
2198.56	130.222
2200.52	134.667
2202.48	136.222
2204.44	139.111
2206.4	135.778
2208.36	130.889
2210.32	131.111
2212.28	135.556
2214.23	134
2216.19	130.889
2218.14	134.222
2220.1	133.333
2222.05	137.333
2224.01	140.222
2225.96	134.667
2227.91	133.333
2229.87	138.444
2231.82	138
2233.77	130.222
2235.72	133.333
2237.67	138
2239.62	140.667
2241.57	136.667
2243.52	139.556
2245.47	134.444
2247.41	141.556
2249.36	135.556
2251.31	135.778
2253.25	136
2255.2	141.333
2257.14	139.556
2259.09	137.556
2261.03	142.889
2262.97	141.111
2264.91	141.556
2266.85	142.889
2268.8	139.111
2270.74	143.556
2272.68	142.889
2274.61	147.556
2276.55	151.778
2278.49	150
2280.43	146
2282.37	153.111
2284.3	154
2286.24	148
2288.17	155.333
2290.11	151.111
2292.04	150.889
2293.98	153.556
2295.91	154.667
2297.84	151.333
2299.77	159.333
2301.7	149.111
2303.64	146.222
2305.56	152
2307.49	154.667
2309.42	152.889
2311.35	153.778
2313.28	154.667
2315.21	152.667
2317.13	157.556
2319.06	156
2320.99	156
2322.91	160.222
2324.84	154.889
2326.76	156.667
2328.68	162
2330.6	157.333
2332.53	159.111
2334.45	158.444
2336.37	162.889
2338.29	162.667
2340.21	164
2342.13	161.111
2344.05	159.111
2345.97	164
2347.89	159.778
2349.8	164.444
2351.72	166.889
2353.63	161.778
2355.55	164.667
2357.47	171.556
2359.38	169.111
2361.29	171.333
2363.21	176.889
2365.12	174.889
2367.03	177.111
2368.94	190.222
2370.85	180.667
2372.76	182.667
2374.67	188.444
2376.58	196.444
2378.49	198.889
2380.4	200
2382.31	190.222
2384.21	181.556
2386.12	180.889
2388.03	177.333
2389.93	184.667
2391.84	179.111
2393.74	186.222
2395.64	180.222
2397.55	184.444
2399.45	186.667
2401.35	186.444
2403.25	189.778
2405.15	186.222
2407.05	184.222
2408.95	195.556
2410.85	192.889
2412.75	196.667
2414.65	196.667
2416.55	191.556
2418.45	200.889
2420.34	203.556
2422.24	202.889
2424.13	208.889
2426.03	207.556
2427.92	214
2429.82	211.556
2431.71	214.889
2433.6	207.111
2435.49	216.222
2437.39	212.444
2439.28	215.778
2441.17	216.889
2443.06	220.444
2444.95	225.111
2446.83	218
2448.72	231.111
2450.61	235.111
2452.5	240
2454.39	250.889
