204.377	636
206.045	642
207.713	622
209.38	656
211.048	650
212.715	656
214.381	662
216.047	656
217.712	692
219.377	706
221.042	682
222.706	660
224.369	666
226.032	652
227.695	678
229.357	636
231.019	682
232.68	672
234.341	620
236.001	674
237.661	652
239.321	614
240.98	566
242.639	520
244.297	478
245.955	438
247.612	396
249.268	360
250.924	340
252.58	318
254.236	264
255.891	272
257.546	256
259.2	246
260.854	248
262.507	234
264.16	198
265.812	214
267.463	218
269.115	198
270.766	190
272.417	196
274.067	186
275.717	186
277.365	184
279.014	186
280.663	184
282.311	190
283.958	190
285.605	190
287.252	204
288.898	196
290.543	198
292.188	218
293.833	222
295.477	228
297.121	234
298.765	226
300.407	220
302.05	196
303.693	190
305.334	190
306.975	176
308.615	160
310.256	170
311.896	166
313.535	168
315.175	186
316.813	172
318.451	170
320.089	178
321.726	182
323.362	174
324.999	184
326.635	178
328.271	168
329.905	170
331.54	160
333.174	176
334.807	158
336.441	164
338.074	164
339.707	162
341.338	168
342.969	158
344.601	158
346.231	156
347.861	152
349.491	156
351.12	146
352.749	144
354.378	144
356.006	148
357.633	126
359.261	130
360.887	134
362.513	130
364.139	128
365.764	124
367.39	138
369.014	132
370.638	138
372.261	118
373.884	122
375.508	134
377.13	120
378.752	142
380.373	132
381.994	132
383.615	132
385.235	126
386.854	140
388.473	144
390.092	132
391.711	140
393.328	150
394.947	140
396.564	144
398.181	136
399.797	154
401.412	166
403.027	170
404.642	178
406.257	172
407.871	184
409.484	184
411.098	164
412.711	170
414.323	148
415.935	138
417.547	138
419.158	132
420.768	136
422.378	124
423.988	120
425.597	124
427.206	122
428.814	118
430.422	112
432.03	106
433.637	104
435.243	100
436.85	96
438.456	98
440.062	96
441.666	86
443.271	90
444.876	92
446.479	86
448.082	82
449.685	88
451.287	88
452.89	68
454.492	86
456.092	74
457.693	74
459.293	76
460.893	74
462.492	76
464.092	70
465.691	78
467.288	88
468.887	94
470.483	104
472.081	90
473.677	126
475.273	108
476.869	116
478.463	112
480.059	118
481.653	118
483.247	120
484.84	104
486.433	106
488.026	102
489.618	100
491.21	106
492.801	96
494.392	100
495.983	100
497.573	90
499.162	82
500.752	82
502.341	88
503.929	82
505.517	84
507.105	88
508.692	92
510.279	94
511.865	112
513.45	116
515.037	128
516.621	110
518.206	104
519.79	104
521.374	92
522.957	100
524.54	108
526.123	114
527.705	110
529.287	130
530.868	140
532.448	158
534.029	172
535.609	180
537.188	192
538.768	196
540.346	218
541.925	214
543.502	210
545.08	204
546.657	182
548.234	150
549.81	144
551.386	132
552.961	120
554.536	144
556.11	138
557.684	160
559.258	164
560.832	188
562.405	246
563.977	298
565.55	392
567.12	488
568.692	594
570.263	680
571.833	644
573.403	610
574.973	470
576.542	350
578.111	274
579.679	210
581.247	190
582.815	172
584.382	150
585.948	168
587.514	152
589.081	146
590.645	136
592.211	130
593.775	134
595.339	124
596.904	122
598.466	116
600.03	100
601.592	104
603.154	96
604.715	100
606.277	98
607.838	98
609.398	100
610.958	102
612.518	104
614.077	126
615.636	148
617.194	218
618.753	372
620.31	484
621.867	452
623.424	300
624.98	190
626.537	142
628.092	128
629.647	106
631.202	108
632.756	96
634.31	82
635.864	88
637.417	86
638.969	78
640.521	80
642.074	78
643.625	70
645.176	70
646.726	68
648.276	68
649.827	60
651.376	60
652.925	60
654.473	64
656.021	56
657.569	58
659.117	52
660.664	60
662.21	56
663.757	54
665.302	64
666.847	54
668.392	50
669.937	50
671.481	46
673.025	54
674.568	54
676.111	54
677.653	50
679.195	50
680.737	50
682.279	48
683.82	54
685.36	54
686.9	42
688.44	48
689.979	50
691.517	54
693.056	48
694.594	52
696.132	56
697.669	62
699.206	62
700.742	64
702.278	66
703.814	68
705.35	64
706.884	54
708.419	64
709.953	64
711.487	68
713.019	70
714.552	64
716.085	64
717.617	74
719.148	78
720.68	86
722.21	90
723.741	112
725.271	106
726.8	100
728.33	92
729.858	96
731.387	100
732.915	94
734.443	100
735.97	118
737.497	118
739.023	130
740.549	136
742.075	138
743.6	146
745.125	134
746.65	132
748.173	140
749.697	154
751.22	152
752.743	152
754.266	168
755.788	162
757.309	164
758.831	162
760.351	168
761.871	160
763.392	146
764.912	152
766.431	142
767.95	138
769.468	138
770.986	136
772.504	116
774.022	138
775.538	126
777.055	148
778.571	140
780.086	136
781.602	166
783.117	164
784.632	176
786.146	184
787.659	178
789.173	206
790.685	212
792.198	206
793.71	220
795.222	210
796.733	202
798.244	206
799.755	200
801.265	162
802.775	148
804.284	138
805.793	134
807.302	120
808.81	104
810.318	108
811.826	112
813.333	106
814.84	98
816.346	94
817.851	86
819.357	98
820.862	84
822.367	82
823.871	92
825.376	102
826.878	102
828.382	116
829.885	166
831.387	204
832.889	242
834.391	238
835.892	178
837.392	156
838.893	132
840.393	132
841.893	112
843.392	116
844.891	108
846.389	98
847.888	94
849.386	92
850.882	90
852.38	92
853.876	86
855.372	98
856.868	98
858.363	92
859.858	86
861.353	90
862.847	84
864.341	82
865.834	82
867.328	84
868.82	80
870.313	82
871.805	86
873.296	80
874.787	88
876.278	86
877.769	86
879.258	82
880.748	70
882.237	82
883.726	80
885.214	78
886.702	74
888.19	68
889.677	76
891.164	76
892.651	82
894.137	76
895.623	84
897.108	70
898.593	94
900.077	88
901.562	82
903.046	96
904.529	96
906.012	92
907.495	84
908.977	96
910.459	82
911.941	86
913.422	76
914.903	78
916.383	80
917.863	76
919.343	72
920.822	68
922.301	68
923.779	66
925.257	70
926.735	72
928.213	60
929.69	66
931.166	64
932.643	64
934.119	66
935.594	68
937.069	70
938.543	70
940.018	72
941.492	74
942.966	78
944.439	74
945.911	78
947.384	90
948.856	94
950.328	84
951.799	118
953.27	120
954.741	144
956.21	140
957.68	160
959.15	160
960.619	160
962.088	168
963.556	154
965.023	144
966.491	136
967.958	126
969.425	130
970.891	124
972.357	120
973.824	102
975.288	112
976.754	108
978.218	106
979.682	122
981.146	138
982.609	134
984.072	150
985.534	150
986.997	192
988.459	246
989.92	304
991.382	336
992.842	358
994.302	384
995.763	502
997.222	790
998.681	1312
1000.14	1944
1001.6	2164
1003.06	1784
1004.52	1218
1005.97	650
1007.43	402
1008.89	270
1010.34	182
1011.8	156
1013.25	134
1014.71	116
1016.16	116
1017.62	110
1019.07	130
1020.53	138
1021.98	190
1023.43	210
1024.89	254
1026.34	346
1027.79	422
1029.24	526
1030.69	570
1032.14	566
1033.59	506
1035.04	444
1036.49	336
1037.94	274
1039.39	208
1040.84	178
1042.29	152
1043.73	142
1045.18	122
1046.63	108
1048.08	120
1049.52	106
1050.97	96
1052.41	98
1053.86	102
1055.3	102
1056.75	96
1058.19	104
1059.64	90
1061.08	106
1062.52	106
1063.96	108
1065.41	98
1066.85	116
1068.29	110
1069.73	120
1071.17	106
1072.61	114
1074.05	112
1075.49	110
1076.93	106
1078.37	102
1079.81	106
1081.25	98
1082.68	106
1084.12	106
1085.56	100
1087	110
1088.43	108
1089.87	106
1091.3	108
1092.74	108
1094.17	106
1095.61	106
1097.04	106
1098.48	110
1099.91	94
1101.34	100
1102.78	104
1104.21	100
1105.64	106
1107.07	100
1108.5	128
1109.93	144
1111.36	154
1112.8	168
1114.22	160
1115.65	122
1117.08	110
1118.51	102
1119.94	88
1121.37	72
1122.8	70
1124.22	76
1125.65	64
1127.08	66
1128.5	62
1129.93	64
1131.35	66
1132.78	68
1134.2	68
1135.63	74
1137.05	76
1138.48	68
1139.9	86
1141.32	68
1142.75	84
1144.17	88
1145.59	88
1147.01	96
1148.43	106
1149.85	134
1151.27	174
1152.69	220
1154.11	250
1155.53	264
1156.95	230
1158.37	188
1159.79	184
1161.21	142
1162.62	124
1164.04	126
1165.46	118
1166.87	124
1168.29	120
1169.71	126
1171.12	126
1172.54	144
1173.95	144
1175.37	176
1176.78	222
1178.19	270
1179.61	318
1181.02	324
1182.43	346
1183.84	330
1185.26	316
1186.67	318
1188.08	304
1189.49	292
1190.9	286
1192.31	298
1193.72	316
1195.13	344
1196.54	334
1197.95	310
1199.36	314
1200.76	324
1202.17	276
1203.58	274
1204.99	254
1206.39	226
1207.8	212
1209.2	198
1210.61	176
1212.01	164
1213.42	152
1214.82	124
1216.23	130
1217.63	116
1219.03	124
1220.44	120
1221.84	114
1223.24	116
1224.64	114
1226.05	116
1227.45	118
1228.85	114
1230.25	116
1231.65	112
1233.05	106
1234.45	104
1235.85	90
1237.25	88
1238.64	96
1240.04	88
1241.44	88
1242.84	98
1244.23	94
1245.63	88
1247.03	92
1248.42	82
1249.82	94
1251.21	80
1252.61	90
1254	80
1255.4	72
1256.79	92
1258.19	94
1259.58	86
1260.97	90
1262.36	88
1263.76	86
1265.15	94
1266.54	88
1267.93	80
1269.32	88
1270.71	88
1272.1	88
1273.49	92
1274.88	90
1276.27	76
1277.66	92
1279.05	96
1280.43	98
1281.82	102
1283.21	102
1284.6	102
1285.98	100
1287.37	100
1288.75	114
1290.14	106
1291.53	116
1292.91	134
1294.29	124
1295.68	148
1297.06	150
1298.45	178
1299.83	194
1301.21	242
1302.59	270
1303.98	292
1305.36	290
1306.74	286
1308.12	240
1309.5	196
1310.88	176
1312.26	168
1313.64	154
1315.02	152
1316.4	150
1317.78	160
1319.16	148
1320.53	152
1321.91	144
1323.29	142
1324.67	158
1326.04	150
1327.42	130
1328.79	154
1330.17	146
1331.54	150
1332.92	142
1334.29	132
1335.67	134
1337.04	124
1338.42	122
1339.79	118
1341.16	116
1342.53	112
1343.91	106
1345.28	106
1346.65	100
1348.02	106
1349.39	110
1350.76	102
1352.13	108
1353.5	104
1354.87	102
1356.24	98
1357.61	106
1358.98	102
1360.34	92
1361.71	90
1363.08	102
1364.45	108
1365.81	94
1367.18	104
1368.54	106
1369.91	112
1371.28	122
1372.64	114
1374.01	134
1375.37	152
1376.73	176
1378.1	182
1379.46	194
1380.82	194
1382.19	196
1383.55	154
1384.91	124
1386.27	112
1387.63	92
1388.99	90
1390.35	76
1391.71	76
1393.07	66
1394.43	66
1395.79	70
1397.15	70
1398.51	70
1399.87	70
1401.23	66
1402.58	72
1403.94	82
1405.3	72
1406.65	68
1408.01	66
1409.37	68
1410.72	68
1412.08	70
1413.43	76
1414.79	70
1416.14	66
1417.49	78
1418.85	78
1420.2	78
1421.55	74
1422.91	92
1424.26	88
1425.61	86
1426.96	90
1428.31	88
1429.66	92
1431.01	98
1432.36	100
1433.71	100
1435.06	110
1436.41	120
1437.76	120
1439.11	124
1440.46	124
1441.81	152
1443.15	140
1444.5	164
1445.85	154
1447.19	150
1448.54	172
1449.89	164
1451.23	162
1452.58	164
1453.92	142
1455.27	136
1456.61	132
1457.95	120
1459.3	106
1460.64	96
1461.98	92
1463.33	88
1464.67	86
1466.01	84
1467.35	86
1468.69	74
1470.03	76
1471.37	74
1472.71	76
1474.05	78
1475.39	72
1476.73	76
1478.07	72
1479.41	70
1480.75	70
1482.09	74
1483.42	68
1484.76	70
1486.1	62
1487.43	70
1488.77	68
1490.11	58
1491.44	68
1492.78	72
1494.11	74
1495.45	72
1496.78	64
1498.12	62
1499.45	68
1500.78	56
1502.11	70
1503.45	58
1504.78	60
1506.11	60
1507.44	64
1508.77	60
1510.11	56
1511.44	60
1512.77	60
1514.1	50
1515.43	64
1516.76	62
1518.08	62
1519.41	60
1520.74	56
1522.07	56
1523.4	64
1524.72	64
1526.05	58
1527.38	60
1528.7	56
1530.03	60
1531.36	60
1532.68	68
1534.01	58
1535.33	58
1536.66	66
1537.98	56
1539.3	62
1540.63	62
1541.95	60
1543.27	66
1544.6	60
1545.92	60
1547.24	62
1548.56	64
1549.88	58
1551.2	64
1552.52	64
1553.84	64
1555.17	62
1556.48	68
1557.8	66
1559.12	72
1560.44	66
1561.76	66
1563.08	68
1564.4	68
1565.71	70
1567.03	68
1568.35	78
1569.66	78
1570.98	82
1572.29	86
1573.61	94
1574.93	100
1576.24	108
1577.55	130
1578.87	146
1580.18	174
1581.5	210
1582.81	236
1584.12	234
1585.43	182
1586.75	176
1588.06	156
1589.37	172
1590.68	170
1591.99	176
1593.3	202
1594.61	224
1595.92	264
1597.23	318
1598.54	398
1599.85	436
1601.16	498
1602.47	472
1603.78	470
1605.08	408
1606.39	354
1607.7	282
1609	230
1610.31	200
1611.62	190
1612.92	160
1614.23	150
1615.53	134
1616.84	118
1618.14	112
1619.45	110
1620.75	96
1622.06	88
1623.36	90
1624.66	78
1625.96	72
1627.27	72
1628.57	70
1629.87	70
1631.17	72
1632.47	62
1633.77	68
1635.07	70
1636.37	68
1637.67	60
1638.97	66
1640.27	62
1641.57	54
1642.87	60
1644.17	60
1645.47	68
1646.76	64
1648.06	62
1649.36	60
1650.66	66
1651.95	62
1653.25	56
1654.54	56
1655.84	54
1657.13	54
1658.43	54
1659.72	54
1661.02	56
1662.31	50
1663.6	42
1664.9	48
1666.19	42
1667.48	44
1668.78	50
1670.07	44
1671.36	46
1672.65	58
1673.94	46
1675.23	50
1676.52	50
1677.81	46
1679.1	52
1680.39	52
1681.68	50
1682.97	54
1684.26	56
1685.55	48
1686.83	48
1688.12	54
1689.41	52
1690.7	50
1691.98	52
1693.27	42
1694.55	46
1695.84	46
1697.13	48
1698.41	50
1699.69	50
1700.98	44
1702.26	48
