204.377	626
206.045	590
207.713	624
209.38	618
211.048	610
212.715	650
214.381	650
216.047	650
217.712	670
219.377	642
221.042	676
222.706	646
224.369	648
226.032	654
227.695	644
229.357	658
231.019	662
232.68	676
234.341	664
236.001	628
237.661	614
239.321	570
240.98	548
242.639	520
244.297	484
245.955	434
247.612	388
249.268	370
250.924	320
252.58	300
254.236	288
255.891	248
257.546	256
259.2	238
260.854	224
262.507	208
264.16	212
265.812	202
267.463	214
269.115	184
270.766	190
272.417	190
274.067	184
275.717	168
277.365	180
279.014	170
280.663	182
282.311	184
283.958	192
285.605	190
287.252	192
288.898	198
290.543	204
292.188	206
293.833	218
295.477	226
297.121	208
298.765	220
300.407	228
302.05	188
303.693	182
305.334	174
306.975	164
308.615	158
310.256	162
311.896	166
313.535	172
315.175	172
316.813	170
318.451	162
320.089	170
321.726	166
323.362	170
324.999	174
326.635	178
328.271	166
329.905	164
331.54	166
333.174	170
334.807	172
336.441	168
338.074	160
339.707	158
341.338	150
342.969	154
344.601	154
346.231	152
347.861	152
349.491	140
351.12	144
352.749	136
354.378	142
356.006	138
357.633	140
359.261	128
360.887	132
362.513	124
364.139	140
365.764	140
367.39	134
369.014	110
370.638	130
372.261	128
373.884	128
375.508	126
377.13	140
378.752	134
380.373	126
381.994	126
383.615	126
385.235	130
386.854	132
388.473	138
390.092	144
391.711	146
393.328	126
394.947	132
396.564	142
398.181	146
399.797	152
401.412	146
403.027	160
404.642	170
406.257	164
407.871	170
409.484	158
411.098	150
412.711	150
414.323	156
415.935	148
417.547	140
419.158	134
420.768	130
422.378	124
423.988	126
425.597	122
427.206	118
428.814	110
430.422	116
432.03	108
433.637	104
435.243	102
436.85	100
438.456	96
440.062	94
441.666	100
443.271	96
444.876	88
446.479	94
448.082	90
449.685	88
451.287	76
452.89	74
454.492	76
456.092	82
457.693	74
459.293	72
460.893	74
462.492	74
464.092	80
465.691	76
467.288	86
468.887	90
470.483	94
472.081	106
473.677	108
475.273	120
476.869	118
478.463	126
480.059	118
481.653	120
483.247	124
484.84	116
486.433	112
488.026	102
489.618	98
491.21	102
492.801	92
494.392	98
495.983	82
497.573	88
499.162	80
500.752	90
502.341	80
503.929	76
505.517	86
507.105	90
508.692	80
510.279	92
511.865	120
513.45	126
515.037	114
516.621	114
518.206	98
519.79	110
521.374	88
522.957	100
524.54	98
526.123	116
527.705	128
529.287	126
530.868	144
532.448	150
534.029	154
535.609	172
537.188	198
538.768	188
540.346	214
541.925	210
543.502	196
545.08	198
546.657	174
548.234	146
549.81	148
551.386	120
552.961	136
554.536	122
556.11	152
557.684	148
559.258	164
560.832	202
562.405	226
563.977	278
565.55	368
567.12	500
568.692	570
570.263	672
571.833	706
573.403	602
574.973	464
576.542	354
578.111	278
579.679	212
581.247	184
582.815	156
584.382	164
585.948	162
587.514	156
589.081	156
590.645	150
592.211	136
593.775	134
595.339	128
596.904	116
598.466	120
600.03	108
601.592	106
603.154	100
604.715	94
606.277	100
607.838	90
609.398	94
610.958	102
612.518	102
614.077	120
615.636	142
617.194	222
618.753	312
620.31	466
621.867	428
623.424	280
624.98	190
626.537	142
628.092	124
629.647	114
631.202	108
632.756	106
634.31	96
635.864	90
637.417	88
638.969	74
640.521	76
642.074	80
643.625	76
645.176	76
646.726	70
648.276	68
649.827	62
651.376	68
652.925	66
654.473	60
656.021	60
657.569	58
659.117	58
660.664	60
662.21	52
663.757	56
665.302	54
666.847	56
668.392	52
669.937	54
671.481	52
673.025	54
674.568	54
676.111	56
677.653	48
679.195	52
680.737	56
682.279	52
683.82	54
685.36	56
686.9	56
688.44	50
689.979	54
691.517	58
693.056	56
694.594	52
696.132	58
697.669	64
699.206	64
700.742	70
702.278	68
703.814	68
705.35	66
706.884	66
708.419	58
709.953	66
711.487	70
713.019	70
714.552	72
716.085	66
717.617	76
719.148	82
720.68	80
722.21	94
723.741	106
725.271	98
726.8	96
728.33	102
729.858	80
731.387	98
732.915	96
734.443	100
735.97	100
737.497	120
739.023	124
740.549	130
742.075	146
743.6	136
745.125	144
746.65	134
748.173	146
749.697	150
751.22	154
752.743	160
754.266	166
755.788	160
757.309	172
758.831	162
760.351	148
761.871	146
763.392	142
764.912	158
766.431	132
767.95	128
769.468	144
770.986	138
772.504	134
774.022	140
775.538	136
777.055	130
778.571	138
780.086	144
781.602	156
783.117	162
784.632	178
786.146	202
787.659	192
789.173	202
790.685	218
792.198	204
793.71	218
795.222	226
796.733	200
798.244	196
799.755	176
801.265	164
802.775	140
804.284	136
805.793	132
807.302	120
808.81	118
810.318	110
811.826	116
813.333	104
814.84	100
816.346	108
817.851	98
819.357	90
820.862	82
822.367	90
823.871	92
825.376	90
826.878	102
828.382	124
829.885	156
831.387	208
832.889	252
834.391	242
835.892	192
837.392	154
838.893	124
840.393	128
841.893	124
843.392	110
844.891	114
846.389	106
847.888	108
849.386	100
850.882	96
852.38	102
853.876	90
855.372	80
856.868	86
858.363	84
859.858	98
861.353	82
862.847	90
864.341	88
865.834	92
867.328	80
868.82	92
870.313	90
871.805	86
873.296	86
874.787	74
876.278	76
877.769	86
879.258	74
880.748	66
882.237	78
883.726	78
885.214	78
886.702	80
888.19	70
889.677	80
891.164	80
892.651	78
894.137	72
895.623	68
897.108	80
898.593	88
900.077	90
901.562	86
903.046	92
904.529	92
906.012	96
907.495	88
908.977	94
910.459	86
911.941	88
913.422	82
914.903	74
916.383	74
917.863	74
919.343	76
920.822	66
922.301	76
923.779	68
925.257	66
926.735	68
928.213	60
929.69	68
931.166	62
932.643	68
934.119	66
935.594	70
937.069	76
938.543	72
940.018	74
941.492	80
942.966	74
944.439	74
945.911	82
947.384	80
948.856	88
950.328	98
951.799	108
953.27	114
954.741	126
956.21	142
957.68	156
959.15	162
960.619	178
962.088	160
963.556	138
965.023	148
966.491	132
967.958	120
969.425	124
970.891	120
972.357	108
973.824	96
975.288	98
976.754	102
978.218	106
979.682	114
981.146	128
982.609	126
984.072	142
985.534	164
986.997	200
988.459	232
989.92	290
991.382	326
992.842	338
994.302	370
995.763	480
997.222	734
998.681	1180
1000.14	1826
1001.6	2052
1003.06	1732
1004.52	1106
1005.97	638
1007.43	406
1008.89	256
1010.34	182
1011.8	146
1013.25	128
1014.71	116
1016.16	116
1017.62	120
1019.07	128
1020.53	142
1021.98	174
1023.43	210
1024.89	256
1026.34	326
1027.79	414
1029.24	508
1030.69	514
1032.14	534
1033.59	502
1035.04	396
1036.49	310
1037.94	258
1039.39	204
1040.84	170
1042.29	152
1043.73	138
1045.18	118
1046.63	120
1048.08	110
1049.52	104
1050.97	102
1052.41	98
1053.86	98
1055.3	98
1056.75	92
1058.19	92
1059.64	102
1061.08	106
1062.52	110
1063.96	98
1065.41	106
1066.85	114
1068.29	110
1069.73	108
1071.17	106
1072.61	104
1074.05	94
1075.49	104
1076.93	98
1078.37	96
1079.81	106
1081.25	98
1082.68	112
1084.12	102
1085.56	104
1087	102
1088.43	108
1089.87	108
1091.3	104
1092.74	104
1094.17	102
1095.61	98
1097.04	114
1098.48	112
1099.91	106
1101.34	100
1102.78	98
1104.21	110
1105.64	110
1107.07	112
1108.5	118
1109.93	140
1111.36	162
1112.8	160
1114.22	138
1115.65	120
1117.08	100
1118.51	94
1119.94	92
1121.37	76
1122.8	68
1124.22	72
1125.65	68
1127.08	74
1128.5	66
1129.93	54
1131.35	70
1132.78	72
1134.2	72
1135.63	70
1137.05	74
1138.48	72
1139.9	80
1141.32	74
1142.75	86
1144.17	84
1145.59	92
1147.01	100
1148.43	118
1149.85	136
1151.27	168
1152.69	200
1154.11	238
1155.53	246
1156.95	244
1158.37	186
1159.79	186
1161.21	150
1162.62	134
1164.04	134
1165.46	120
1166.87	118
1168.29	118
1169.71	132
1171.12	134
1172.54	144
1173.95	154
1175.37	172
1176.78	198
1178.19	258
1179.61	304
1181.02	342
1182.43	326
1183.84	316
1185.26	294
1186.67	306
1188.08	274
1189.49	292
1190.9	278
1192.31	300
1193.72	298
1195.13	306
1196.54	314
1197.95	304
1199.36	312
1200.76	286
1202.17	270
1203.58	262
1204.99	256
1206.39	226
1207.8	208
1209.2	192
1210.61	162
1212.01	152
1213.42	126
1214.82	136
1216.23	124
1217.63	122
1219.03	122
1220.44	118
1221.84	112
1223.24	126
1224.64	112
1226.05	112
1227.45	116
1228.85	110
1230.25	112
1231.65	114
1233.05	96
1234.45	96
1235.85	102
1237.25	92
1238.64	84
1240.04	86
1241.44	92
1242.84	94
1244.23	86
1245.63	88
1247.03	78
1248.42	96
1249.82	82
1251.21	82
1252.61	76
1254	88
1255.4	84
1256.79	90
1258.19	80
1259.58	92
1260.97	90
1262.36	84
1263.76	90
1265.15	94
1266.54	84
1267.93	82
1269.32	96
1270.71	86
1272.1	86
1273.49	86
1274.88	82
1276.27	90
1277.66	94
1279.05	82
1280.43	100
1281.82	98
1283.21	94
1284.6	104
1285.98	102
1287.37	102
1288.75	104
1290.14	108
1291.53	114
1292.91	124
1294.29	132
1295.68	128
1297.06	156
1298.45	164
1299.83	210
1301.21	230
1302.59	248
1303.98	304
1305.36	298
1306.74	266
1308.12	244
1309.5	198
1310.88	174
1312.26	180
1313.64	164
1315.02	142
1316.4	154
1317.78	154
1319.16	146
1320.53	148
1321.91	160
1323.29	138
1324.67	138
1326.04	150
1327.42	138
1328.79	156
1330.17	142
1331.54	132
1332.92	140
1334.29	132
1335.67	124
1337.04	114
1338.42	124
1339.79	108
1341.16	106
1342.53	106
1343.91	112
1345.28	106
1346.65	108
1348.02	110
1349.39	112
1350.76	106
1352.13	104
1353.5	102
1354.87	106
1356.24	98
1357.61	106
1358.98	100
1360.34	86
1361.71	98
1363.08	96
1364.45	100
1365.81	114
1367.18	104
1368.54	106
1369.91	112
1371.28	114
1372.64	120
1374.01	134
1375.37	156
1376.73	174
1378.1	188
1379.46	194
1380.82	198
1382.19	176
1383.55	160
1384.91	132
1386.27	106
1387.63	92
1388.99	86
1390.35	82
1391.71	70
1393.07	76
1394.43	72
1395.79	72
1397.15	78
1398.51	74
1399.87	68
1401.23	76
1402.58	72
1403.94	80
1405.3	72
1406.65	74
1408.01	74
1409.37	70
1410.72	64
1412.08	74
1413.43	74
1414.79	72
1416.14	74
1417.49	76
1418.85	84
1420.2	76
1421.55	84
1422.91	94
1424.26	88
1425.61	88
1426.96	86
1428.31	94
1429.66	84
1431.01	94
1432.36	106
1433.71	106
1435.06	110
1436.41	126
1437.76	116
1439.11	132
1440.46	126
1441.81	130
1443.15	134
1444.5	158
1445.85	166
1447.19	162
1448.54	156
1449.89	162
1451.23	144
1452.58	156
1453.92	150
1455.27	140
1456.61	120
1457.95	116
1459.3	96
1460.64	92
1461.98	90
1463.33	84
1464.67	78
1466.01	76
1467.35	76
1468.69	82
1470.03	80
1471.37	78
1472.71	72
1474.05	76
1475.39	76
1476.73	76
1478.07	76
1479.41	74
1480.75	70
1482.09	76
1483.42	58
1484.76	72
1486.1	58
1487.43	70
1488.77	68
1490.11	70
1491.44	72
1492.78	74
1494.11	68
1495.45	62
1496.78	66
1498.12	66
1499.45	64
1500.78	66
1502.11	62
1503.45	64
1504.78	64
1506.11	64
1507.44	58
1508.77	60
1510.11	60
1511.44	56
1512.77	60
1514.1	56
1515.43	60
1516.76	62
1518.08	54
1519.41	68
1520.74	64
1522.07	60
1523.4	62
1524.72	54
1526.05	60
1527.38	62
1528.7	64
1530.03	60
1531.36	62
1532.68	62
1534.01	64
1535.33	68
1536.66	58
1537.98	62
1539.3	64
1540.63	64
1541.95	60
1543.27	58
1544.6	64
1545.92	60
1547.24	64
1548.56	60
1549.88	62
1551.2	64
1552.52	64
1553.84	66
1555.17	60
1556.48	68
1557.8	58
1559.12	70
1560.44	66
1561.76	64
1563.08	70
1564.4	68
1565.71	72
1567.03	68
1568.35	74
1569.66	72
1570.98	80
1572.29	90
1573.61	86
1574.93	96
1576.24	106
1577.55	122
1578.87	140
1580.18	178
1581.5	214
1582.81	232
1584.12	222
1585.43	204
1586.75	176
1588.06	154
1589.37	164
1590.68	160
1591.99	186
1593.3	188
1594.61	216
1595.92	250
1597.23	316
1598.54	378
1599.85	444
1601.16	458
1602.47	474
1603.78	446
1605.08	388
1606.39	330
1607.7	270
1609	234
1610.31	206
1611.62	180
1612.92	162
1614.23	142
1615.53	132
1616.84	114
1618.14	110
1619.45	106
1620.75	94
1622.06	92
1623.36	88
1624.66	74
1625.96	78
1627.27	76
1628.57	72
1629.87	74
1631.17	66
1632.47	70
1633.77	58
1635.07	60
1636.37	62
1637.67	62
1638.97	62
1640.27	72
1641.57	62
1642.87	68
1644.17	60
1645.47	64
1646.76	60
1648.06	66
1649.36	64
1650.66	66
1651.95	60
1653.25	62
1654.54	56
1655.84	58
1657.13	54
1658.43	52
1659.72	50
1661.02	60
1662.31	58
1663.6	52
1664.9	52
1666.19	54
1667.48	52
1668.78	54
1670.07	44
1671.36	52
1672.65	54
1673.94	48
1675.23	54
1676.52	46
1677.81	48
1679.1	50
1680.39	52
1681.68	50
1682.97	50
1684.26	48
1685.55	50
1686.83	52
1688.12	52
1689.41	52
1690.7	54
1691.98	54
1693.27	50
1694.55	48
1695.84	46
1697.13	52
1698.41	46
1699.69	48
1700.98	40
1702.26	48
