204.377	642
206.045	612
207.713	618
209.38	640
211.048	634
212.715	648
214.381	630
216.047	654
217.712	666
219.377	644
221.042	662
222.706	658
224.369	662
226.032	660
227.695	670
229.357	686
231.019	666
232.68	684
234.341	664
236.001	694
237.661	660
239.321	594
240.98	542
242.639	516
244.297	452
245.955	436
247.612	372
249.268	362
250.924	342
252.58	286
254.236	286
255.891	256
257.546	242
259.2	226
260.854	232
262.507	210
264.16	220
265.812	198
267.463	210
269.115	214
270.766	196
272.417	188
274.067	192
275.717	182
277.365	180
279.014	172
280.663	192
282.311	194
283.958	184
285.605	180
287.252	200
288.898	208
290.543	216
292.188	218
293.833	228
295.477	236
297.121	234
298.765	218
300.407	206
302.05	208
303.693	186
305.334	180
306.975	184
308.615	184
310.256	162
311.896	172
313.535	170
315.175	170
316.813	176
318.451	164
320.089	176
321.726	176
323.362	164
324.999	172
326.635	180
328.271	180
329.905	172
331.54	170
333.174	170
334.807	176
336.441	170
338.074	180
339.707	166
341.338	160
342.969	162
344.601	156
346.231	152
347.861	144
349.491	154
351.12	148
352.749	150
354.378	148
356.006	140
357.633	150
359.261	136
360.887	152
362.513	124
364.139	140
365.764	138
367.39	138
369.014	128
370.638	132
372.261	138
373.884	144
375.508	130
377.13	146
378.752	130
380.373	136
381.994	136
383.615	130
385.235	130
386.854	136
388.473	134
390.092	126
391.711	138
393.328	138
394.947	132
396.564	140
398.181	152
399.797	152
401.412	156
403.027	164
404.642	162
406.257	176
407.871	160
409.484	174
411.098	172
412.711	174
414.323	158
415.935	154
417.547	134
419.158	126
420.768	140
422.378	118
423.988	134
425.597	122
427.206	122
428.814	116
430.422	104
432.03	100
433.637	96
435.243	104
436.85	104
438.456	96
440.062	104
441.666	90
443.271	94
444.876	90
446.479	78
448.082	88
449.685	74
451.287	84
452.89	84
454.492	74
456.092	78
457.693	82
459.293	84
460.893	82
462.492	76
464.092	82
465.691	94
467.288	84
468.887	88
470.483	100
472.081	112
473.677	104
475.273	108
476.869	112
478.463	118
480.059	118
481.653	108
483.247	116
484.84	116
486.433	122
488.026	108
489.618	102
491.21	102
492.801	94
494.392	94
495.983	90
497.573	82
499.162	84
500.752	86
502.341	82
503.929	80
505.517	74
507.105	82
508.692	92
510.279	100
511.865	114
513.45	112
515.037	120
516.621	106
518.206	100
519.79	102
521.374	100
522.957	102
524.54	110
526.123	114
527.705	124
529.287	140
530.868	146
532.448	158
534.029	176
535.609	180
537.188	194
538.768	200
540.346	214
541.925	210
543.502	200
545.08	188
546.657	172
548.234	156
549.81	138
551.386	136
552.961	132
554.536	128
556.11	140
557.684	152
559.258	176
560.832	184
562.405	226
563.977	270
565.55	372
567.12	500
568.692	634
570.263	736
571.833	732
573.403	662
574.973	530
576.542	392
578.111	272
579.679	222
581.247	184
582.815	174
584.382	178
585.948	168
587.514	152
589.081	150
590.645	144
592.211	136
593.775	132
595.339	128
596.904	124
598.466	118
600.03	114
601.592	102
603.154	92
604.715	92
606.277	92
607.838	100
609.398	92
610.958	100
612.518	108
614.077	122
615.636	156
617.194	206
618.753	332
620.31	428
621.867	452
623.424	302
624.98	204
626.537	148
628.092	116
629.647	112
631.202	104
632.756	94
634.31	102
635.864	96
637.417	92
638.969	88
640.521	82
642.074	80
643.625	74
645.176	74
646.726	64
648.276	66
649.827	66
651.376	56
652.925	62
654.473	60
656.021	62
657.569	58
659.117	56
660.664	64
662.21	58
663.757	58
665.302	56
666.847	62
668.392	58
669.937	48
671.481	50
673.025	56
674.568	52
676.111	52
677.653	50
679.195	56
680.737	60
682.279	50
683.82	56
685.36	58
686.9	56
688.44	58
689.979	52
691.517	54
693.056	50
694.594	58
696.132	52
697.669	60
699.206	66
700.742	68
702.278	72
703.814	68
705.35	62
706.884	68
708.419	70
709.953	74
711.487	76
713.019	76
714.552	68
716.085	72
717.617	78
719.148	86
720.68	86
722.21	88
723.741	100
725.271	108
726.8	104
728.33	90
729.858	94
731.387	94
732.915	98
734.443	106
735.97	104
737.497	114
739.023	128
740.549	128
742.075	132
743.6	132
745.125	134
746.65	150
748.173	144
749.697	164
751.22	148
752.743	156
754.266	164
755.788	164
757.309	152
758.831	152
760.351	162
761.871	158
763.392	156
764.912	140
766.431	140
767.95	142
769.468	128
770.986	130
772.504	128
774.022	132
775.538	138
777.055	136
778.571	136
780.086	134
781.602	150
783.117	150
784.632	158
786.146	176
787.659	204
789.173	188
790.685	192
792.198	212
793.71	196
795.222	208
796.733	204
798.244	196
799.755	186
801.265	166
802.775	146
804.284	126
805.793	132
807.302	114
808.81	114
810.318	114
811.826	110
813.333	94
814.84	104
816.346	102
817.851	100
819.357	84
820.862	82
822.367	94
823.871	82
825.376	88
826.878	100
828.382	116
829.885	148
831.387	200
832.889	262
834.391	244
835.892	202
837.392	150
838.893	136
840.393	128
841.893	128
843.392	124
844.891	114
846.389	106
847.888	104
849.386	102
850.882	88
852.38	96
853.876	82
855.372	88
856.868	90
858.363	78
859.858	90
861.353	96
862.847	96
864.341	90
865.834	82
867.328	94
868.82	84
870.313	84
871.805	86
873.296	78
874.787	86
876.278	78
877.769	74
879.258	76
880.748	80
882.237	80
883.726	84
885.214	84
886.702	74
888.19	76
889.677	80
891.164	80
892.651	70
894.137	78
895.623	74
897.108	80
898.593	76
900.077	84
901.562	92
903.046	90
904.529	92
906.012	92
907.495	98
908.977	88
910.459	86
911.941	88
913.422	80
914.903	68
916.383	70
917.863	74
919.343	70
920.822	76
922.301	64
923.779	62
925.257	72
926.735	64
928.213	68
929.69	64
931.166	68
932.643	70
934.119	68
935.594	74
937.069	62
938.543	68
940.018	74
941.492	72
942.966	76
944.439	76
945.911	82
947.384	84
948.856	94
950.328	100
951.799	120
953.27	124
954.741	124
956.21	148
957.68	178
959.15	178
960.619	170
962.088	164
963.556	168
965.023	148
966.491	140
967.958	128
969.425	130
970.891	118
972.357	114
973.824	112
975.288	104
976.754	102
978.218	92
979.682	118
981.146	118
982.609	130
984.072	144
985.534	152
986.997	188
988.459	224
989.92	280
991.382	312
992.842	344
994.302	398
995.763	488
997.222	714
998.681	1176
1000.14	1772
1001.6	2020
1003.06	1720
1004.52	1122
1005.97	658
1007.43	386
1008.89	240
1010.34	170
1011.8	150
1013.25	132
1014.71	120
1016.16	120
1017.62	124
1019.07	130
1020.53	134
1021.98	172
1023.43	192
1024.89	254
1026.34	326
1027.79	418
1029.24	486
1030.69	530
1032.14	568
1033.59	496
1035.04	410
1036.49	320
1037.94	254
1039.39	214
1040.84	180
1042.29	146
1043.73	116
1045.18	120
1046.63	116
1048.08	108
1049.52	114
1050.97	110
1052.41	98
1053.86	92
1055.3	94
1056.75	90
1058.19	102
1059.64	98
1061.08	106
1062.52	108
1063.96	104
1065.41	102
1066.85	106
1068.29	102
1069.73	114
1071.17	110
1072.61	110
1074.05	108
1075.49	102
1076.93	104
1078.37	92
1079.81	100
1081.25	102
1082.68	96
1084.12	98
1085.56	104
1087	102
1088.43	108
1089.87	110
1091.3	104
1092.74	102
1094.17	100
1095.61	96
1097.04	104
1098.48	102
1099.91	118
1101.34	112
1102.78	96
1104.21	112
1105.64	106
1107.07	108
1108.5	124
1109.93	144
1111.36	170
1112.8	160
1114.22	142
1115.65	128
1117.08	110
1118.51	96
1119.94	94
1121.37	78
1122.8	78
1124.22	74
1125.65	74
1127.08	70
1128.5	70
1129.93	68
1131.35	68
1132.78	66
1134.2	68
1135.63	66
1137.05	74
1138.48	72
1139.9	78
1141.32	74
1142.75	78
1144.17	94
1145.59	100
1147.01	100
1148.43	114
1149.85	124
1151.27	160
1152.69	200
1154.11	244
1155.53	246
1156.95	226
1158.37	186
1159.79	166
1161.21	144
1162.62	134
1164.04	116
1165.46	120
1166.87	122
1168.29	110
1169.71	126
1171.12	132
1172.54	136
1173.95	150
1175.37	176
1176.78	210
1178.19	252
1179.61	290
1181.02	326
1182.43	332
1183.84	322
1185.26	298
1186.67	296
1188.08	288
1189.49	274
1190.9	286
1192.31	306
1193.72	288
1195.13	312
1196.54	304
1197.95	314
1199.36	298
1200.76	288
1202.17	288
1203.58	274
1204.99	274
1206.39	228
1207.8	208
1209.2	178
1210.61	162
1212.01	154
1213.42	144
1214.82	136
1216.23	138
1217.63	118
1219.03	122
1220.44	114
1221.84	124
1223.24	120
1224.64	114
1226.05	114
1227.45	110
1228.85	110
1230.25	122
1231.65	114
1233.05	96
1234.45	100
1235.85	96
1237.25	90
1238.64	92
1240.04	90
1241.44	92
1242.84	88
1244.23	98
1245.63	88
1247.03	80
1248.42	86
1249.82	88
1251.21	88
1252.61	82
1254	72
1255.4	96
1256.79	90
1258.19	92
1259.58	76
1260.97	84
1262.36	88
1263.76	90
1265.15	92
1266.54	86
1267.93	90
1269.32	82
1270.71	80
1272.1	90
1273.49	92
1274.88	88
1276.27	94
1277.66	102
1279.05	86
1280.43	96
1281.82	96
1283.21	104
1284.6	98
1285.98	96
1287.37	100
1288.75	102
1290.14	110
1291.53	118
1292.91	132
1294.29	136
1295.68	142
1297.06	148
1298.45	172
1299.83	204
1301.21	234
1302.59	286
1303.98	314
1305.36	324
1306.74	298
1308.12	250
1309.5	222
1310.88	198
1312.26	188
1313.64	150
1315.02	146
1316.4	136
1317.78	150
1319.16	152
1320.53	138
1321.91	140
1323.29	150
1324.67	140
1326.04	154
1327.42	140
1328.79	160
1330.17	150
1331.54	150
1332.92	140
1334.29	132
1335.67	132
1337.04	122
1338.42	120
1339.79	114
1341.16	112
1342.53	108
1343.91	118
1345.28	110
1346.65	104
1348.02	104
1349.39	106
1350.76	108
1352.13	96
1353.5	102
1354.87	112
1356.24	104
1357.61	92
1358.98	106
1360.34	106
1361.71	108
1363.08	104
1364.45	102
1365.81	106
1367.18	100
1368.54	104
1369.91	112
1371.28	114
1372.64	122
1374.01	142
1375.37	144
1376.73	180
1378.1	180
1379.46	198
1380.82	208
1382.19	180
1383.55	146
1384.91	138
1386.27	124
1387.63	102
1388.99	90
1390.35	86
1391.71	74
1393.07	80
1394.43	80
1395.79	72
1397.15	68
1398.51	66
1399.87	72
1401.23	72
1402.58	80
1403.94	72
1405.3	80
1406.65	76
1408.01	82
1409.37	72
1410.72	72
1412.08	82
1413.43	72
1414.79	80
1416.14	64
1417.49	80
1418.85	80
1420.2	80
1421.55	84
1422.91	82
1424.26	86
1425.61	86
1426.96	92
1428.31	94
1429.66	94
1431.01	94
1432.36	102
1433.71	108
1435.06	116
1436.41	122
1437.76	132
1439.11	140
1440.46	134
1441.81	142
1443.15	138
1444.5	156
1445.85	162
1447.19	160
1448.54	162
1449.89	158
1451.23	144
1452.58	154
1453.92	148
1455.27	136
1456.61	120
1457.95	112
1459.3	110
1460.64	102
1461.98	82
1463.33	88
1464.67	82
1466.01	86
1467.35	90
1468.69	72
1470.03	70
1471.37	82
1472.71	70
1474.05	72
1475.39	74
1476.73	82
1478.07	72
1479.41	76
1480.75	72
1482.09	68
1483.42	78
1484.76	66
1486.1	72
1487.43	64
1488.77	68
1490.11	72
1491.44	70
1492.78	74
1494.11	64
1495.45	68
1496.78	68
1498.12	60
1499.45	66
1500.78	68
1502.11	58
1503.45	64
1504.78	66
1506.11	70
1507.44	52
1508.77	66
1510.11	66
1511.44	60
1512.77	64
1514.1	58
1515.43	60
1516.76	62
1518.08	64
1519.41	58
1520.74	62
1522.07	58
1523.4	62
1524.72	68
1526.05	62
1527.38	70
1528.7	60
1530.03	60
1531.36	66
1532.68	68
1534.01	56
1535.33	56
1536.66	64
1537.98	58
1539.3	64
1540.63	66
1541.95	60
1543.27	64
1544.6	62
1545.92	66
1547.24	70
1548.56	60
1549.88	62
1551.2	58
1552.52	62
1553.84	62
1555.17	64
1556.48	56
1557.8	70
1559.12	66
1560.44	70
1561.76	64
1563.08	66
1564.4	72
1565.71	70
1567.03	70
1568.35	74
1569.66	82
1570.98	92
1572.29	84
1573.61	96
1574.93	100
1576.24	94
1577.55	124
1578.87	138
1580.18	174
1581.5	218
1582.81	240
1584.12	218
1585.43	204
1586.75	158
1588.06	162
1589.37	154
1590.68	160
1591.99	180
1593.3	204
1594.61	222
1595.92	262
1597.23	290
1598.54	370
1599.85	436
1601.16	486
1602.47	460
1603.78	440
1605.08	376
1606.39	328
1607.7	286
1609	220
1610.31	204
1611.62	162
1612.92	162
1614.23	140
1615.53	120
1616.84	120
1618.14	108
1619.45	100
1620.75	90
1622.06	88
1623.36	78
1624.66	80
1625.96	76
1627.27	74
1628.57	76
1629.87	64
1631.17	66
1632.47	62
1633.77	66
1635.07	64
1636.37	58
1637.67	62
1638.97	58
1640.27	68
1641.57	60
1642.87	62
1644.17	64
1645.47	68
1646.76	64
1648.06	60
1649.36	68
1650.66	68
1651.95	64
1653.25	60
1654.54	54
1655.84	60
1657.13	54
1658.43	52
1659.72	56
1661.02	56
1662.31	54
1663.6	56
1664.9	52
1666.19	62
1667.48	54
1668.78	50
1670.07	52
1671.36	52
1672.65	50
1673.94	48
1675.23	52
1676.52	54
1677.81	56
1679.1	50
1680.39	48
1681.68	46
1682.97	56
1684.26	56
1685.55	58
1686.83	50
1688.12	48
1689.41	54
1690.7	52
1691.98	52
1693.27	50
1694.55	50
1695.84	54
1697.13	54
1698.41	54
1699.69	46
1700.98	48
1702.26	48
