178.677	484
181.278	482
183.879	483.111
186.48	484.889
189.078	478.667
191.677	481.556
194.275	490.889
196.871	494.667
199.467	496.444
202.061	486.444
204.656	496.222
207.248	479.778
209.841	495.111
212.431	494.889
215.022	488.444
217.613	489.556
220.201	494.889
222.789	502.889
225.375	483.333
227.962	496.444
230.547	496.444
233.13	498.889
235.714	499.111
238.296	495.333
240.879	506
243.459	502.444
246.04	495.556
248.618	500.222
251.196	495.778
253.774	511.111
256.35	510.889
258.927	514.889
261.501	506.222
264.074	509.111
266.648	512
269.22	507.778
271.791	497.556
274.362	497.556
276.931	501.778
279.5	508.667
282.069	517.333
284.635	511.111
287.201	520.444
289.766	517.556
292.331	514.222
294.894	511.778
297.457	513.778
300.018	515.556
302.58	512.444
305.14	519.778
307.699	522.667
310.257	530.667
312.814	514.889
315.372	525.556
317.928	532
320.482	515.556
323.036	524
325.589	530.889
328.142	517.778
330.693	512
333.243	524.444
335.795	521.556
338.343	522
340.891	534.444
343.439	534.444
345.985	532
348.53	535.556
351.075	534.889
353.619	534.889
356.162	538
358.704	537.333
361.245	534.667
363.786	543.778
366.325	543.333
368.864	539.556
371.402	543.333
373.939	536.444
376.475	559.111
379.011	541.111
381.545	543.556
384.079	540.222
386.612	534.667
389.144	549.778
391.674	532
394.204	540.667
396.734	549.111
399.263	544.444
401.791	552.222
404.318	554.222
406.844	554.889
409.368	552.889
411.893	555.556
414.417	559.111
416.94	562.444
419.462	556
421.982	552.889
424.502	555.778
427.022	559.556
429.541	562.889
432.057	557.111
434.574	565.333
437.091	568.222
439.606	567.111
442.12	571.111
444.634	562
447.147	566.889
449.657	571.556
452.169	555.778
454.68	560.444
457.188	568.222
459.697	572.222
462.205	557.778
464.711	571.333
467.217	568
469.722	568
472.227	571.778
474.731	576
477.232	568.667
479.735	562.222
482.235	576.222
484.736	570.445
487.234	566
489.734	578
492.23	583.111
494.728	582.667
497.223	581.111
499.719	594.444
502.213	582.222
504.707	590.889
507.199	576.667
509.692	585.333
512.182	580.667
514.673	581.333
517.162	587.778
519.65	579.778
522.139	583.111
524.625	584.444
527.112	586.889
529.597	577.333
532.081	580.444
534.565	589.556
537.047	592.444
539.529	587.111
542.011	587.556
544.491	595.333
546.97	603.556
549.45	609.111
551.927	597.333
554.404	612.889
556.88	602.667
559.356	594.667
561.831	595.333
564.304	604.667
566.777	596.667
569.25	603.111
571.721	592.889
574.191	605.333
576.661	604.445
579.129	604.667
581.599	611.778
584.066	617.333
586.532	599.111
588.997	610.667
591.462	607.333
593.926	599.556
596.389	607.556
598.851	598.889
601.314	606.222
603.775	592
606.235	600.889
608.694	605.111
611.152	600
613.609	606.444
616.066	613.778
618.522	617.333
620.977	611.778
623.431	625.333
625.885	618.889
628.338	606.222
630.79	613.556
633.241	611.556
635.691	616.667
638.141	623.778
640.589	610.889
643.036	626
645.483	632.222
647.929	623.556
650.375	630
652.82	612.444
655.264	609.555
657.707	616.889
660.149	615.556
662.59	602.667
665.031	617.111
667.471	623.111
669.91	616
672.349	621.778
674.786	612.444
677.222	618.889
679.658	613.111
682.093	622.889
684.528	613.556
686.96	628
689.393	633.111
691.826	624.667
694.256	635.333
696.686	625.111
699.116	636.444
701.545	621.556
703.972	635.333
706.4	635.778
708.826	637.333
711.251	622.889
713.676	635.333
716.099	621.111
718.523	628.444
720.946	645.111
723.366	635.556
725.788	636.667
728.207	626.667
730.627	630.667
733.044	634
735.462	644.889
737.88	628
740.295	641.778
742.711	629.111
745.125	635.778
747.539	636
749.951	630
752.363	641.778
754.775	629.778
757.185	638
759.595	636.889
762.003	627.556
764.412	629.333
766.819	650.222
769.225	632.445
771.632	640.889
774.036	644
776.441	646.444
778.844	661.111
781.246	668.444
783.649	651.333
786.05	655.111
788.449	644.444
790.85	653.111
793.248	660.889
795.646	654.222
798.042	656.222
800.44	650.222
802.835	653.556
805.23	658
807.623	652
810.018	652.222
812.41	652
814.801	654.889
817.192	641.111
819.582	643.111
821.972	647.556
824.361	654.889
826.748	649.556
829.135	648.222
831.521	643.778
833.907	654.889
836.291	649.333
838.675	646
841.059	649.333
843.442	648.889
845.823	634.889
848.204	648
850.584	652
852.963	644.667
855.342	648.889
857.72	653.333
860.097	658
862.473	648.889
864.848	650.667
867.223	657.111
869.597	648.444
871.97	656.222
874.343	667.333
876.714	660.889
879.084	658
881.454	656
883.824	649.333
886.192	664.889
888.56	660.222
890.927	651.333
893.294	667.333
895.66	664.445
898.023	661.556
900.387	644.222
902.751	666.444
905.114	642.889
907.476	654.444
909.835	650.444
912.196	671.111
914.555	659.556
916.914	656.222
919.271	655.111
921.629	657.556
923.985	661.778
926.341	654.444
928.695	661.111
931.05	650.889
933.404	657.111
935.755	656
938.107	662.444
940.459	650.889
942.808	657.111
945.158	662
947.508	655.778
949.855	664
952.202	660.444
954.548	665.333
956.894	663.556
959.239	668
961.583	663.111
963.928	659.333
966.27	658.444
968.612	663.556
970.953	664.667
973.294	666
975.633	670.222
977.972	670.222
980.31	672
982.647	668
984.984	672.222
987.32	669.333
989.656	672.667
991.989	665.333
994.324	671.778
996.656	661.111
998.988	678.889
1001.32	712
1003.65	718.667
1005.98	712
1008.31	688.667
1010.64	674.444
1012.97	660.222
1015.29	672.444
1017.62	662.444
1019.94	665.778
1022.27	662.667
1024.59	673.778
1026.92	678.889
1029.24	679.111
1031.56	674.445
1033.88	686.445
1036.2	671.333
1038.52	676
1040.84	677.111
1043.16	680.222
1045.48	664
1047.79	686.444
1050.11	669.556
1052.42	675.111
1054.74	681.778
1057.05	679.111
1059.36	676.222
1061.67	669.333
1063.99	674.667
1066.3	683.556
1068.61	687.778
1070.92	707.333
1073.22	717.111
1075.53	731.556
1077.84	731.556
1080.15	716.667
1082.45	707.111
1084.76	699.556
1087.06	700.667
1089.36	694.444
1091.66	682.222
1093.97	703.111
1096.27	698.667
1098.57	720.222
1100.87	714
1103.17	710.444
1105.46	697.556
1107.76	693.111
1110.06	681.556
1112.35	682.222
1114.65	689.778
1116.94	680.667
1119.24	678.222
1121.53	682.444
1123.82	677.556
1126.11	669.333
1128.4	672.444
1130.7	680.889
1132.98	679.778
1135.27	687.778
1137.56	675.556
1139.85	680.667
1142.13	682
1144.42	684.667
1146.71	697.556
1148.99	686.667
1151.27	685.333
1153.56	685.556
1155.84	692.444
1158.12	679.111
1160.4	696.889
1162.68	680
1164.96	675.111
1167.24	670
1169.51	688
1171.79	687.111
1174.07	696.222
1176.34	702
1178.62	698.667
1180.89	723.778
1183.17	729.333
1185.44	734.667
1187.71	721.556
1189.98	697.556
1192.25	698.889
1194.52	684.444
1196.79	679.111
1199.06	687.333
1201.33	685.778
1203.59	698
1205.86	702.889
1208.12	695.778
1210.39	687.555
1212.65	698
1214.92	681.333
1217.18	675.778
1219.44	682.222
1221.7	690.667
1223.96	678.667
1226.22	675.778
1228.48	679.111
1230.74	682
1233	677.778
1235.25	685.111
1237.51	696.444
1239.77	679.333
1242.02	682.444
1244.27	685.111
1246.53	679.556
1248.78	682
1251.03	679.778
1253.28	678.889
1255.53	679.111
1257.78	683.778
1260.03	678.667
1262.28	682.444
1264.53	690.889
1266.78	673.556
1269.02	681.556
1271.27	673.556
1273.51	683.778
1275.76	690.889
1278	666.667
1280.24	679.111
1282.48	672.889
1284.72	686.889
1286.97	688.444
1289.21	683.111
1291.44	679.111
1293.68	673.111
1295.92	679.778
1298.16	675.778
1300.39	680.222
1302.63	671.111
1304.86	672
1307.1	684.667
1309.33	669.556
1311.56	682.667
1313.8	678.222
1316.03	678.444
1318.26	680
1320.49	677.111
1322.72	692.444
1324.95	676.222
1327.17	675.778
1329.4	690.222
1331.63	694.667
1333.85	676.889
1336.08	678
1338.3	672.889
1340.53	676
1342.75	681.555
1344.97	689.111
1347.19	678.889
1349.41	676.444
1351.63	687.778
1353.85	676.667
1356.07	689.111
1358.29	679.556
1360.51	672.444
1362.72	666.889
1364.94	674.667
1367.16	679.556
1369.37	682.889
1371.58	676.889
1373.8	683.778
1376.01	680.889
1378.22	691.333
1380.43	676.667
1382.64	668
1384.85	684.444
1387.06	668.889
1389.27	675.333
1391.48	678.444
1393.68	677.111
1395.89	676.222
1398.1	676.222
1400.3	684.889
1402.51	685.111
1404.71	678.222
1406.91	674.667
1409.11	673.778
1411.32	674.444
1413.52	667.778
1415.72	676.444
1417.92	684
1420.11	673.556
1422.31	687.111
1424.51	681.111
1426.71	667.111
1428.9	668
1431.1	676
1433.29	673.778
1435.49	684.889
1437.68	668.667
1439.87	674
1442.06	667.111
1444.25	681.778
1446.45	673.111
1448.64	672.445
1450.82	687.111
1453.01	682.445
1455.2	678
1457.39	686
1459.57	683.778
1461.76	678.444
1463.94	687.333
1466.13	665.111
1468.31	681.333
1470.5	673.778
1472.68	678.889
1474.86	682.667
1477.04	678.444
1479.22	682.444
1481.4	673.778
1483.58	673.556
1485.76	678.222
1487.94	681.778
1490.11	670.667
1492.29	666.667
1494.46	675.333
1496.64	670.444
1498.81	678.667
1500.99	677.111
1503.16	673.556
1505.33	667.778
1507.5	669.333
1509.67	679.111
1511.84	678.667
1514.01	661.778
1516.18	672.222
1518.35	671.556
1520.52	676.444
1522.68	669.778
1524.85	679.556
1527.02	676.222
1529.18	681.556
1531.35	670
1533.51	678.444
1535.67	676.222
1537.83	667.556
1539.99	666.444
1542.16	660.667
1544.31	659.556
1546.47	665.333
1548.63	656.667
1550.79	671.333
1552.95	676
1555.11	684.444
1557.26	661.111
1559.42	668.444
1561.57	675.555
1563.73	676.667
1565.88	669.111
1568.03	669.333
1570.18	686.667
1572.34	677.111
1574.49	679.333
1576.64	682.889
1578.79	694
1580.93	699.333
1583.08	704
1585.23	712.667
1587.38	725.778
1589.52	757.333
1591.67	774.889
1593.81	799.778
1595.96	803.778
1598.1	758
1600.24	725.333
1602.38	705.778
1604.53	696.222
1606.67	684
1608.81	668.667
1610.95	670.222
1613.09	674.444
1615.22	672
1617.36	673.333
1619.5	666.222
1621.63	663.111
1623.77	664.444
1625.9	659.555
1628.04	657.778
1630.17	678.444
1632.3	656
1634.44	663.333
1636.57	654.444
1638.7	650
1640.83	657.556
1642.96	655.778
1645.09	646.222
1647.22	644.889
1649.34	652.667
1651.47	640.444
1653.6	660.889
1655.72	652
1657.85	642.444
1659.97	640.667
1662.1	651.111
1664.22	653.111
1666.34	655.333
1668.46	655.556
1670.58	657.778
1672.7	651.333
1674.82	646.667
1676.94	648.222
1679.06	651.333
1681.18	654.444
1683.3	650.667
1685.41	650.444
1687.53	654.444
1689.64	662.889
1691.76	654.889
1693.87	652.667
1695.99	654
1698.1	656.444
1700.21	652.222
1702.32	650
1704.43	647.111
1706.54	644.667
1708.65	660
1710.76	641.333
1712.87	643.778
1714.98	641.556
1717.08	647.555
1719.19	645.556
1721.29	638.444
1723.4	645.778
1725.5	642.444
1727.61	637.556
1729.71	635.556
1731.81	639.333
1733.91	642
1736.02	639.111
1738.12	652.889
1740.22	632.444
1742.31	647.778
1744.41	634
1746.51	640.667
1748.61	645.333
1750.7	634.222
1752.8	646.667
1754.9	638.445
1756.99	644.222
1759.08	628.889
1761.18	627.111
1763.27	636.889
1765.36	634.222
1767.45	630.444
1769.54	629.556
1771.63	627.778
1773.72	629.778
1775.81	634.222
1777.9	628.667
1779.99	625.111
1782.08	635.778
1784.16	630.444
1786.25	623.111
1788.33	628.444
1790.42	622.667
1792.5	630.222
1794.58	622.667
1796.67	634.667
1798.75	636.444
1800.83	621.111
1802.91	623.556
1804.99	618
1807.07	639.333
1809.15	626
1811.23	638.889
1813.3	625.333
1815.38	634
1817.46	611.111
1819.53	634.889
1821.61	630.444
1823.68	624.444
1825.75	622.667
1827.83	623.778
1829.9	622.444
1831.97	622
1834.04	630.222
1836.11	612
1838.18	630.667
1840.25	616
1842.32	622.667
1844.39	625.111
1846.46	626.444
1848.52	613.556
1850.59	613.111
1852.65	621.778
1854.72	620.889
1856.78	609.556
1858.85	620.444
1860.91	610.445
1862.97	611.111
1865.03	610.222
1867.09	609.778
1869.16	605.111
1871.22	618.889
1873.27	610
1875.33	616.667
1877.39	608.222
1879.45	610
1881.51	612.667
1883.56	599.556
1885.62	610.444
1887.67	607.556
1889.73	604
1891.78	613.111
1893.83	618
1895.89	610.889
1897.94	602.444
1899.99	615.778
1902.04	591.778
1904.09	610
1906.14	609.111
1908.19	600.889
1910.23	616.222
1912.28	597.778
1914.33	604.667
1916.37	600.889
1918.42	604.222
1920.46	607.556
1922.51	594.222
1924.55	612.222
1926.6	609.778
1928.64	604
1930.68	589.778
1932.72	592.889
1934.76	592.444
1936.8	601.778
1938.84	599.556
1940.88	600.889
1942.92	586.667
1944.96	586.667
1946.99	591.333
1949.03	591.111
1951.06	597.556
1953.1	589.111
1955.13	584.889
1957.17	584.222
1959.2	591.333
1961.23	583.778
1963.27	586.222
1965.3	578.444
1967.33	579.556
1969.36	584.222
1971.39	580
1973.42	579.111
1975.44	578.222
1977.47	585.556
1979.5	581.556
1981.53	576
1983.55	575.111
1985.58	570.889
1987.6	583.556
1989.63	584.222
1991.65	576.889
1993.67	572.889
1995.69	589.111
1997.72	582.889
1999.74	581.556
2001.76	576.222
2003.78	582.222
2005.8	589.556
2007.82	580
2009.83	581.333
2011.85	575.778
2013.87	565.778
2015.88	577.556
2017.9	569.555
2019.91	574.222
2021.93	577.111
2023.94	579.111
2025.96	580
2027.97	573.556
2029.98	577.333
2031.99	584.444
2034	571.556
2036.01	563.778
2038.02	573.333
2040.03	574
2042.04	563.111
2044.05	570.222
2046.05	573.778
2048.06	576.222
2050.07	562.667
2052.07	562.222
2054.08	561.555
2056.08	571.556
2058.08	564.444
2060.09	561.778
2062.09	568
2064.09	569.333
2066.09	562.667
2068.09	556.889
2070.09	557.778
2072.09	561.333
2074.09	555.555
2076.09	560.444
2078.09	558.889
2080.08	564.444
2082.08	558.222
2084.08	554.222
2086.07	558
2088.07	562
2090.06	551.111
2092.05	556.444
2094.05	554.222
2096.04	546.444
2098.03	565.333
2100.02	555.778
2102.01	552.444
2104	563.111
2105.99	553.111
2107.98	545.778
2109.97	553.556
2111.95	544
2113.94	551.111
2115.93	548.889
2117.91	549.556
2119.9	551.556
2121.88	548
2123.87	548
2125.85	554
2127.83	543.111
2129.81	547.778
2131.8	544.889
2133.78	543.556
2135.76	557.333
2137.74	542
2139.72	544
2141.69	544
2143.67	540.667
2145.65	542.889
2147.63	542
2149.6	548.444
2151.58	540.222
2153.55	534.444
2155.53	537.556
2157.5	541.333
2159.48	542.889
2161.45	539.778
2163.42	540.889
2165.39	540.667
2167.36	524.889
2169.33	532
2171.3	537.111
2173.27	532.667
2175.24	535.556
2177.21	532.444
2179.18	526.444
2181.14	532
2183.11	523.778
2185.07	523.778
2187.04	524
2189	524.444
2190.97	533.111
2192.93	536.667
2194.89	519.556
2196.86	525.556
2198.82	530.667
2200.78	527.778
2202.74	515.111
2204.7	528
2206.66	527.556
2208.62	518.889
2210.57	519.333
2212.53	532.889
2214.49	537.333
2216.45	535.778
2218.4	538.222
2220.36	574.444
2222.31	607.556
2224.27	635.778
2226.22	647.556
2228.17	620.222
2230.12	587.111
2232.08	552.444
2234.03	533.556
2235.98	518.667
2237.93	516.889
2239.88	519.333
2241.83	512.889
2243.78	518
2245.72	500.889
2247.67	513.778
2249.62	509.556
2251.56	509.778
2253.51	503.556
2255.45	497.778
2257.4	500.889
2259.34	509.333
2261.28	507.778
2263.23	516.222
2265.17	511.556
2267.11	504.444
2269.05	492
2270.99	500.889
2272.93	508.222
2274.87	493.778
2276.81	501.556
2278.75	504.889
2280.68	487.556
2282.62	491.333
2284.56	488.444
2286.49	487.111
2288.43	487.778
2290.36	501.778
2292.3	493.556
2294.23	492
2296.16	498.444
2298.09	491.556
2300.03	485.778
2301.96	492
2303.89	494.667
2305.82	490.889
2307.75	494.889
2309.68	484.222
2311.6	474.444
2313.53	494.667
2315.46	478.444
2317.39	480.889
2319.31	491.556
2321.24	475.333
2323.16	478.889
2325.09	486
2327.01	476.667
2328.93	487.111
2330.86	485.333
2332.78	481.556
2334.7	479.111
2336.62	480.667
2338.54	477.778
2340.46	470.889
2342.38	486
2344.3	481.556
2346.22	464.222
2348.14	480.222
2350.05	467.556
2351.97	478.667
2353.89	477.111
2355.8	474.667
2357.71	474.889
2359.63	472.667
2361.54	462.222
2363.46	471.111
2365.37	472
2367.28	468.667
2369.19	473.778
2371.1	468
2373.01	454.889
2374.92	473.333
2376.83	465.556
2378.74	460.222
2380.65	467.556
2382.56	459.778
2384.46	463.333
2386.37	453.333
2388.27	461.556
2390.18	464
2392.08	452.222
2393.99	454.222
2395.89	465.778
2397.8	459.111
2399.7	455.556
2401.6	458.667
2403.5	443.111
2405.4	450.222
2407.3	453.111
2409.2	456.667
2411.1	455.556
2413	454.444
2414.9	448.667
2416.8	452.667
2418.69	443.556
2420.59	448.667
2422.48	443.556
2424.38	453.333
2426.28	446.444
2428.17	447.778
2430.06	449.111
2431.96	442.667
2433.85	452.889
2435.74	441.111
2437.63	454.444
2439.52	454.889
2441.41	446.444
2443.3	445.556
2445.19	451.556
2447.08	451.778
