176.817	52
179.42	48.6667
182.022	51.3333
184.622	52
187.223	47.3333
189.821	54.6667
192.419	52.6667
195.017	49.3333
197.612	50.6667
200.208	53.3333
202.802	47.3333
205.397	44.6667
207.99	52
210.581	50
213.173	49.3333
215.762	52
218.352	45.3333
220.94	49.3333
223.528	45.3333
226.114	45.3333
228.701	42.6667
231.285	45.3333
233.87	49.3333
236.452	45.3333
239.034	48
241.616	44.6667
244.196	44.6667
246.777	49.3333
249.355	44.6667
251.933	46
254.511	48
257.086	50
259.663	43.3333
262.237	48
264.81	43.3333
267.383	40.6667
269.955	44.6667
272.525	48.6667
275.097	42
277.665	47.3333
280.234	44
282.802	46
285.368	43.3333
287.934	42.6667
290.499	42
293.064	46
295.627	44
298.189	40
300.75	42.6667
303.312	40
305.871	42
308.43	42
310.988	44
313.545	40.6667
316.101	43.3333
318.658	44
321.212	43.3333
323.766	37.3333
326.319	41.3333
328.871	42.6667
331.422	40.6667
333.972	43.3333
336.522	40.6667
339.072	39.3333
341.619	43.3333
344.166	40
346.712	40.6667
349.258	42
351.802	42
354.346	41.3333
356.888	41.3333
359.43	43.3333
361.971	40.6667
364.511	36.6667
367.051	42
369.589	38
372.127	41.3333
374.664	39.3333
377.2	38.6667
379.735	39.3333
382.27	40.6667
384.802	37.3333
387.334	40.6667
389.866	40.6667
392.397	42.6667
394.927	41.3333
397.457	42.6667
399.985	42.6667
402.513	44.6667
405.038	43.3333
407.565	47.3333
410.09	50.6667
412.614	45.3333
415.138	48
417.66	50.6667
420.181	56
422.702	57.3333
425.222	59.3333
427.742	66.6667
430.259	69.3333
432.777	66
435.294	71.3333
437.81	70
440.324	70
442.838	66.6667
445.352	63.3333
447.863	64.6667
450.375	55.3333
452.887	55.3333
455.395	53.3333
457.905	47.3333
460.414	47.3333
462.92	46
465.427	52.6667
467.932	44
470.438	48
472.942	42
475.445	46
477.948	44.6667
480.448	44.6667
482.95	44
485.449	40
487.949	42.6667
490.446	40.6667
492.944	37.3333
495.44	41.3333
497.937	39.3333
500.431	42
502.926	38
505.418	38
507.912	39.3333
510.403	43.3333
512.894	41.3333
515.384	39.3333
517.874	36
520.361	41.3333
522.848	40
525.336	38.6667
527.821	42.6667
530.306	38
532.791	39.3333
535.274	39.3333
537.756	38.6667
540.238	43.3333
542.719	38
545.199	38.6667
547.679	40.6667
550.157	40
552.634	37.3333
555.112	40
557.588	34.6667
560.063	43.3333
562.537	40
565.011	41.3333
567.484	39.3333
569.955	38
572.426	39.3333
574.896	40
577.367	40
579.835	36.6667
582.303	41.3333
584.77	38.6667
587.236	40.6667
589.701	38
592.165	41.3333
594.629	40
597.093	37.3333
599.555	40
602.016	43.3333
604.477	43.3333
606.936	40.6667
609.395	39.3333
611.853	42
614.311	40.6667
616.767	40.6667
619.223	42
621.678	34
624.132	40.6667
626.585	42
629.037	38
631.489	38.6667
633.94	38
636.39	40
638.839	41.3333
641.288	40
643.736	43.3333
646.183	38.6667
648.627	40
651.073	40.6667
653.517	37.3333
655.961	42
658.404	38
660.846	42.6667
663.288	43.3333
665.727	42
668.167	37.3333
670.606	38.6667
673.044	42.6667
675.482	41.3333
677.917	38.6667
680.353	40
682.788	40
685.222	42.6667
687.655	42
690.087	37.3333
692.519	42
694.951	40.6667
697.38	40.6667
699.809	39.3333
702.238	43.3333
704.665	40.6667
707.092	38.6667
709.519	42
711.943	38.6667
714.368	36.6667
716.791	43.3333
719.214	43.3333
721.637	43.3333
724.058	42
726.479	41.3333
728.898	42
731.317	40
733.734	43.3333
736.152	43.3333
738.568	43.3333
740.985	42.6667
743.399	38.6667
745.814	42.6667
748.227	40
750.64	39.3333
753.051	40.6667
755.463	44
757.872	42.6667
760.283	42
762.691	45.3333
765.098	40.6667
767.506	40.6667
769.912	40
772.318	42.6667
774.722	43.3333
777.126	43.3333
779.53	40.6667
781.932	42.6667
784.333	42
786.735	43.3333
789.135	43.3333
791.533	45.3333
793.933	43.3333
796.33	42
798.727	42
801.123	44.6667
803.519	44
805.913	42.6667
808.307	44
810.699	43.3333
813.093	48.6667
815.484	46
817.874	46.6667
820.264	48
822.653	42.6667
825.041	48.6667
827.43	42
829.817	49.3333
832.203	43.3333
834.588	46
836.972	48
839.356	44.6667
841.738	44.6667
844.12	54
846.502	48.6667
848.882	52.6667
851.262	56
853.641	54.6667
856.02	56
858.397	53.3333
860.774	61.3333
863.15	62.6667
865.525	67.3333
867.9	73.3333
870.273	89.3333
872.646	108.667
875.019	138
877.39	186
879.761	240
882.131	332.667
884.5	368
886.869	340
889.236	276.667
891.602	213.333
893.968	147.333
896.334	110
898.698	94.6667
901.062	78.6667
903.426	70.6667
905.787	65.3333
908.148	58
910.509	55.3333
912.87	56.6667
915.228	55.3333
917.587	54.6667
919.945	46
922.302	50.6667
924.657	46.6667
927.013	50
929.368	46.6667
931.721	44
934.074	45.3333
936.427	46
938.778	49.3333
941.129	46.6667
943.479	44
945.828	44
948.177	48
950.524	44.6667
952.871	42.6667
955.218	43.3333
957.563	44.6667
959.908	44.6667
962.252	45.3333
964.595	44
966.937	40
969.28	47.3333
971.62	43.3333
973.961	45.3333
976.3	46.6667
978.639	42.6667
980.976	44
983.314	49.3333
985.65	44.6667
987.987	46
990.321	46.6667
992.655	48
994.989	49.3333
997.321	47.3333
999.653	43.3333
1001.98	50
1004.31	50
1006.65	46
1008.97	48.6667
1011.3	51.3333
1013.63	51.3333
1015.96	52
1018.28	52.6667
1020.61	56.6667
1022.93	55.3333
1025.26	54
1027.58	58.6667
1029.9	62.6667
1032.22	64
1034.54	70
1036.86	73.3333
1039.18	82
1041.5	90.6667
1043.82	97.3333
1046.14	112.667
1048.45	122
1050.77	127.333
1053.08	130.667
1055.4	128.667
1057.71	128
1060.02	107.333
1062.33	103.333
1064.64	92
1066.96	82
1069.27	91.3333
1071.57	80
1073.88	88.6667
1076.19	88.6667
1078.5	83.3333
1080.8	90
1083.11	94.6667
1085.41	103.333
1087.72	110
1090.02	116
1092.32	110.667
1094.62	133.333
1096.92	132.667
1099.22	134
1101.52	130.667
1103.82	114.667
1106.12	104
1108.42	97.3333
1110.71	86
1113.01	89.3333
1115.3	80.6667
1117.6	75.3333
1119.89	80.6667
1122.18	71.3333
1124.48	70
1126.77	73.3333
1129.06	64
1131.35	66.6667
1133.64	66.6667
1135.93	58
1138.21	62.6667
1140.5	56
1142.79	51.3333
1145.07	58.6667
1147.36	55.3333
1149.64	56
1151.92	54.6667
1154.21	54
1156.49	48.6667
1158.77	51.3333
1161.05	54.6667
1163.33	48
1165.61	50
1167.89	51.3333
1170.16	54
1172.44	46
1174.72	52.6667
1176.99	48.6667
1179.27	44.6667
1181.54	46
1183.81	48
1186.09	45.3333
1188.36	48
1190.63	48.6667
1192.9	46
1195.17	52
1197.44	46.6667
1199.71	42.6667
1201.97	46.6667
1204.24	46
1206.5	46.6667
1208.77	52
1211.03	45.3333
1213.3	48.6667
1215.56	52
1217.82	46.6667
1220.09	48
1222.35	48.6667
1224.61	53.3333
1226.87	48.6667
1229.12	52.6667
1231.38	54
1233.64	52.6667
1235.9	51.3333
1238.15	48.6667
1240.41	51.3333
1242.66	53.3333
1244.92	56
1247.17	54.6667
1249.42	55.3333
1251.67	54.6667
1253.92	57.3333
1256.17	58.6667
1258.42	59.3333
1260.67	60.6667
1262.92	62.6667
1265.17	71.3333
1267.42	71.3333
1269.66	74.6667
1271.91	86
1274.15	84.6667
1276.39	89.3333
1278.64	91.3333
1280.88	82
1283.12	82
1285.36	74.6667
1287.6	70
1289.84	69.3333
1292.08	64.6667
1294.32	55.3333
1296.56	62
1298.79	59.3333
1301.03	60.6667
1303.26	62
1305.5	61.3333
1307.73	64
1309.97	60.6667
1312.2	62
1314.43	51.3333
1316.66	59.3333
1318.89	56.6667
1321.12	58
1323.35	50.6667
1325.58	56
1327.81	58
1330.03	58
1332.26	54
1334.49	58.6667
1336.71	59.3333
1338.94	56
1341.16	50
1343.38	60.6667
1345.6	58
1347.83	53.3333
1350.05	60
1352.27	54.6667
1354.49	55.3333
1356.7	54
1358.92	58.6667
1361.14	60
1363.36	56
1365.57	58.6667
1367.79	62.6667
1370	62.6667
1372.21	63.3333
1374.43	64
1376.64	63.3333
1378.85	64
1381.06	67.3333
1383.27	62
1385.48	68
1387.69	67.3333
1389.9	71.3333
1392.11	69.3333
1394.31	67.3333
1396.52	67.3333
1398.73	64.6667
1400.93	68
1403.13	75.3333
1405.34	70
1407.54	64
1409.74	74.6667
1411.94	78
1414.14	77.3333
1416.34	81.3333
1418.54	77.3333
1420.74	79.3333
1422.94	78.6667
1425.14	87.3333
1427.33	88
1429.53	86
1431.72	94.6667
1433.92	96.6667
1436.11	98.6667
1438.3	109.333
1440.5	111.333
1442.69	127.333
1444.88	122.667
1447.07	144
1449.26	148.667
1451.45	158.667
1453.64	170.667
1455.82	170.667
1458.01	164
1460.2	157.333
1462.38	146
1464.57	129.333
1466.75	122
1468.93	114.667
1471.12	107.333
1473.3	95.3333
1475.48	98.6667
1477.66	106.667
1479.84	101.333
1482.02	108
1484.2	93.3333
1486.38	92.6667
1488.55	88.6667
1490.73	94.6667
1492.91	86.6667
1495.08	82
1497.26	78.6667
1499.43	72
1501.61	77.3333
1503.78	72
1505.95	66.6667
1508.12	70.6667
1510.29	60
1512.46	64.6667
1514.63	67.3333
1516.8	66
1518.97	62.6667
1521.14	61.3333
1523.3	60
1525.47	60
1527.63	61.3333
1529.8	56.6667
1531.96	60.6667
1534.12	62
1536.29	62
1538.45	58
1540.61	60.6667
1542.77	57.3333
1544.93	57.3333
1547.09	62
1549.25	60.6667
1551.41	56.6667
1553.56	54.6667
1555.72	60
1557.88	61.3333
1560.03	50
1562.18	56
1564.34	52.6667
1566.49	53.3333
1568.64	57.3333
1570.8	60
1572.95	48
1575.1	58
1577.25	55.3333
1579.4	53.3333
1581.55	55.3333
1583.69	58
1585.84	58
1587.99	57.3333
1590.13	55.3333
1592.28	56
1594.42	58
1596.57	54.6667
1598.71	48.6667
1600.85	53.3333
1602.99	52
1605.14	52.6667
1607.28	55.3333
1609.42	53.3333
1611.56	56.6667
1613.69	52
1615.83	58
1617.97	54
1620.11	60.6667
1622.24	55.3333
1624.38	52
1626.51	56.6667
1628.65	52
1630.78	53.3333
1632.91	54
1635.04	53.3333
1637.17	52
1639.31	56
1641.44	52.6667
1643.57	49.3333
1645.69	55.3333
1647.82	50.6667
1649.95	50.6667
1652.08	52.6667
1654.2	52.6667
1656.33	54
1658.45	56
1660.58	50.6667
1662.7	53.3333
1664.82	54
1666.94	56
1669.07	53.3333
1671.19	51.3333
1673.31	54
1675.43	54
1677.55	56
1679.66	53.3333
1681.78	56
1683.9	54
1686.01	53.3333
1688.13	58
1690.25	54
1692.36	54.6667
1694.47	53.3333
1696.59	57.3333
1698.7	55.3333
1700.81	53.3333
1702.92	54
1705.03	55.3333
1707.14	50
1709.25	54
1711.36	57.3333
1713.47	54.6667
1715.58	54
1717.68	53.3333
1719.79	53.3333
1721.89	53.3333
1724	57.3333
1726.1	54
1728.21	50
1730.31	54
1732.41	48
1734.51	54
1736.61	52.6667
1738.71	56
1740.81	52.6667
1742.91	55.3333
1745.01	58.6667
1747.11	54
1749.2	52
1751.3	56
1753.4	56
1755.49	56
1757.59	56.6667
1759.68	56.6667
1761.77	52.6667
1763.86	57.3333
1765.96	58.6667
1768.05	53.3333
1770.14	55.3333
1772.23	54.6667
1774.32	54.6667
1776.41	55.3333
1778.49	52.6667
1780.58	58
1782.67	55.3333
1784.76	50.6667
1786.84	52.6667
1788.92	56.6667
1791.01	57.3333
1793.09	51.3333
1795.18	54.6667
1797.26	52.6667
1799.34	56
1801.42	55.3333
1803.5	55.3333
1805.58	58
1807.66	60
1809.74	56
1811.82	54.6667
1813.89	55.3333
1815.97	50.6667
1818.05	56.6667
1820.12	57.3333
1822.2	59.3333
1824.27	52
1826.34	51.3333
1828.42	52.6667
1830.49	53.3333
1832.56	52
1834.63	55.3333
1836.7	54
1838.77	53.3333
1840.84	58
1842.91	56
1844.98	55.3333
1847.04	58.6667
1849.11	56
1851.18	58
1853.24	56
1855.31	59.3333
1857.37	54.6667
1859.43	54.6667
1861.5	56.6667
1863.56	56
1865.62	54.6667
1867.68	59.3333
1869.74	56
1871.8	57.3333
1873.86	52
1875.92	58.6667
1877.98	53.3333
1880.03	56
1882.09	55.3333
1884.15	54
1886.2	58
1888.26	58
1890.31	53.3333
1892.36	56.6667
1894.42	55.3333
1896.47	55.3333
1898.52	54
1900.57	56
1902.62	54.6667
1904.67	60.6667
1906.72	58.6667
1908.77	54
1910.82	57.3333
1912.86	55.3333
1914.91	60.6667
1916.96	54.6667
1919	57.3333
1921.04	58
1923.09	58.6667
1925.13	60.6667
1927.18	58.6667
1929.22	56
1931.26	58
1933.3	63.3333
1935.34	54.6667
1937.38	54
1939.42	56
1941.46	58
1943.5	56
1945.53	58.6667
1947.57	56.6667
1949.61	52
1951.64	58
1953.68	58
1955.71	54
1957.75	56.6667
1959.78	58.6667
1961.81	57.3333
1963.84	62.6667
1965.87	56
1967.9	50
1969.93	56.6667
1971.96	56
1973.99	65.3333
1976.02	61.3333
1978.05	62
1980.07	60.6667
1982.1	55.3333
1984.13	60
1986.15	58.6667
1988.18	60
1990.2	58.6667
1992.22	53.3333
1994.25	56
1996.27	57.3333
1998.29	56.6667
2000.31	61.3333
2002.33	58.6667
2004.35	57.3333
2006.37	58.6667
2008.39	58.6667
2010.41	60.6667
2012.42	60.6667
2014.44	58
2016.46	58
2018.47	56.6667
2020.49	58
2022.5	60.6667
2024.51	54
2026.53	62
2028.54	58
2030.55	58.6667
2032.56	56.6667
2034.57	55.3333
2036.58	57.3333
2038.59	55.3333
2040.6	56.6667
2042.61	58.6667
2044.62	58
2046.62	64.6667
2048.63	60
2050.64	61.3333
2052.64	57.3333
2054.65	60
2056.65	60.6667
2058.65	56
2060.66	55.3333
2062.66	60
2064.66	58.6667
2066.66	61.3333
2068.66	56.6667
2070.66	60.6667
2072.66	59.3333
2074.66	65.3333
2076.66	58.6667
2078.65	62
2080.65	61.3333
2082.65	58
2084.64	59.3333
2086.64	58.6667
2088.63	55.3333
2090.63	62
2092.62	58.6667
2094.61	60
2096.6	60
2098.59	60
2100.59	58
2102.58	64
2104.56	57.3333
2106.55	59.3333
2108.54	60
2110.53	52
2112.52	62
2114.5	60.6667
2116.49	57.3333
2118.48	64.6667
2120.46	60
2122.44	65.3333
2124.43	60
2126.41	62
2128.39	56
2130.38	60.6667
2132.36	64.6667
2134.34	63.3333
2136.32	60
2138.3	60
2140.28	60
2142.26	64
2144.23	60.6667
2146.21	60.6667
2148.19	62.6667
2150.16	60
2152.14	64.6667
2154.11	60.6667
2156.09	66
2158.06	56
2160.04	62.6667
2162.01	62.6667
2163.98	58
2165.95	58.6667
2167.92	59.3333
2169.89	56.6667
2171.86	63.3333
2173.83	57.3333
2175.8	57.3333
2177.77	58.6667
2179.73	58
2181.7	62
2183.67	65.3333
2185.63	63.3333
2187.6	63.3333
2189.56	59.3333
2191.53	60.6667
2193.49	60.6667
2195.45	58
2197.41	60.6667
2199.37	60
2201.34	62
2203.29	60.6667
2205.26	64.6667
2207.21	62
2209.17	62
2211.13	60.6667
2213.09	63.3333
2215.05	62
2217	62
2218.96	56
2220.91	62
2222.87	62.6667
2224.82	62
2226.77	57.3333
2228.73	60.6667
2230.68	60
2232.63	61.3333
2234.58	63.3333
2236.53	64
2238.48	62.6667
2240.43	60.6667
2242.38	66
2244.33	62.6667
2246.27	60.6667
2248.22	62.6667
2250.17	64.6667
2252.11	60.6667
2254.06	61.3333
2256	61.3333
2257.95	60
2259.89	59.3333
2261.84	66.6667
2263.78	62
2265.72	62.6667
2267.66	63.3333
2269.6	62
2271.54	63.3333
2273.48	64
2275.42	63.3333
2277.36	62.6667
2279.3	65.3333
2281.23	61.3333
2283.17	64.6667
2285.11	64
2287.04	63.3333
2288.98	64.6667
2290.91	62
2292.84	60
2294.78	62.6667
2296.71	64
2298.64	64.6667
2300.57	68
2302.51	66
2304.44	66.6667
2306.37	60.6667
2308.29	60.6667
2310.22	65.3333
2312.15	66
2314.08	67.3333
2316.01	68
2317.93	66
2319.86	67.3333
2321.78	64
2323.71	62
2325.63	65.3333
2327.56	58
2329.48	64
2331.4	64.6667
2333.32	64.6667
2335.25	64
2337.17	64.6667
2339.09	63.3333
2341.01	60.6667
2342.92	63.3333
2344.84	58.6667
2346.76	64.6667
2348.68	63.3333
2350.6	62.6667
2352.51	63.3333
2354.43	66
2356.34	65.3333
2358.26	62
2360.17	62.6667
2362.09	63.3333
2364	62.6667
2365.91	62
2367.82	62
2369.73	60
2371.64	65.3333
2373.55	66.6667
2375.46	57.3333
2377.37	62.6667
2379.28	65.3333
2381.19	62.6667
2383.1	64.6667
2385	68.6667
2386.91	66
2388.82	64.6667
2390.72	54
2392.62	66
2394.53	60.6667
2396.43	65.3333
2398.33	61.3333
2400.24	64
2402.14	62.6667
2404.04	66.6667
2405.94	70
2407.84	67.3333
2409.74	67.3333
2411.64	64
2413.54	64
2415.44	60
2417.33	65.3333
2419.23	64
2421.13	68.6667
2423.02	63.3333
2424.92	64
2426.81	66
2428.71	63.3333
2430.6	62.6667
2432.49	64
2434.38	66
2436.28	66.6667
2438.17	64.6667
2440.06	68.6667
2441.95	68
2443.84	72
2445.73	63.3333
