176.817	58
179.42	53.3333
182.022	54
184.622	50.6667
187.223	46.6667
189.821	50
192.419	48.6667
195.017	51.3333
197.612	50.6667
200.208	46.6667
202.802	49.3333
205.397	51.3333
207.99	51.3333
210.581	50
213.173	42.6667
215.762	48
218.352	50
220.94	46.6667
223.528	44
226.114	48.6667
228.701	44.6667
231.285	46
233.87	46
236.452	44
239.034	44.6667
241.616	43.3333
244.196	44
246.777	45.3333
249.355	46
251.933	42.6667
254.511	44.6667
257.086	45.3333
259.663	48
262.237	45.3333
264.81	42.6667
267.383	47.3333
269.955	48.6667
272.525	46
275.097	46.6667
277.665	44
280.234	46
282.802	45.3333
285.368	42.6667
287.934	45.3333
290.499	45.3333
293.064	42.6667
295.627	42
298.189	44
300.75	42
303.312	43.3333
305.871	44
308.43	40.6667
310.988	40.6667
313.545	40
316.101	39.3333
318.658	44.6667
321.212	42
323.766	40.6667
326.319	41.3333
328.871	43.3333
331.422	42.6667
333.972	40.6667
336.522	42.6667
339.072	40
341.619	39.3333
344.166	43.3333
346.712	44.6667
349.258	39.3333
351.802	38
354.346	38.6667
356.888	42.6667
359.43	44
361.971	38.6667
364.511	40.6667
367.051	40
369.589	40.6667
372.127	39.3333
374.664	40.6667
377.2	41.3333
379.735	41.3333
382.27	44.6667
384.802	44
387.334	42.6667
389.866	42
392.397	38
394.927	42
397.457	40.6667
399.985	43.3333
402.513	44.6667
405.038	46.6667
407.565	45.3333
410.09	44
412.614	44.6667
415.138	51.3333
417.66	52
420.181	56
422.702	57.3333
425.222	56
427.742	68
430.259	72
432.777	74.6667
435.294	74.6667
437.81	71.3333
440.324	68.6667
442.838	66
445.352	63.3333
447.863	62.6667
450.375	60
452.887	58.6667
455.395	51.3333
457.905	50.6667
460.414	54.6667
462.92	50.6667
465.427	46.6667
467.932	42.6667
470.438	44.6667
472.942	42
475.445	43.3333
477.948	44.6667
480.448	40
482.95	38
485.449	41.3333
487.949	38.6667
490.446	44
492.944	41.3333
495.44	44
497.937	42
500.431	40
502.926	40.6667
505.418	42
507.912	44.6667
510.403	38.6667
512.894	41.3333
515.384	38.6667
517.874	39.3333
520.361	37.3333
522.848	39.3333
525.336	36.6667
527.821	44.6667
530.306	41.3333
532.791	39.3333
535.274	38
537.756	40
540.238	38
542.719	40
545.199	37.3333
547.679	39.3333
550.157	38
552.634	40
555.112	39.3333
557.588	40.6667
560.063	38.6667
562.537	36
565.011	38
567.484	39.3333
569.955	38.6667
572.426	37.3333
574.896	38.6667
577.367	38.6667
579.835	40
582.303	39.3333
584.77	40
587.236	40.6667
589.701	38.6667
592.165	42
594.629	37.3333
597.093	41.3333
599.555	38
602.016	42
604.477	42
606.936	36.6667
609.395	42
611.853	41.3333
614.311	42.6667
616.767	44.6667
619.223	38.6667
621.678	42
624.132	40
626.585	38.6667
629.037	42
631.489	39.3333
633.94	40.6667
636.39	38
638.839	41.3333
641.288	39.3333
643.736	41.3333
646.183	40
648.627	36.6667
651.073	42
653.517	42.6667
655.961	38.6667
658.404	42.6667
660.846	40.6667
663.288	40
665.727	43.3333
668.167	36
670.606	39.3333
673.044	40
675.482	38
677.917	39.3333
680.353	38.6667
682.788	40
685.222	44
687.655	42.6667
690.087	42
692.519	40.6667
694.951	41.3333
697.38	42
699.809	37.3333
702.238	43.3333
704.665	39.3333
707.092	41.3333
709.519	42.6667
711.943	40
714.368	39.3333
716.791	38.6667
719.214	40.6667
721.637	43.3333
724.058	38
726.479	41.3333
728.898	41.3333
731.317	44
733.734	38
736.152	38.6667
738.568	43.3333
740.985	39.3333
743.399	39.3333
745.814	42
748.227	42
750.64	42
753.051	42.6667
755.463	42
757.872	43.3333
760.283	39.3333
762.691	42
765.098	42
767.506	46
769.912	42
772.318	40.6667
774.722	40
777.126	44.6667
779.53	42.6667
781.932	48
784.333	36
786.735	44
789.135	44
791.533	41.3333
793.933	46
796.33	42.6667
798.727	40
801.123	44.6667
803.519	46
805.913	44
808.307	48
810.699	44.6667
813.093	50
815.484	47.3333
817.874	42.6667
820.264	46.6667
822.653	46.6667
825.041	47.3333
827.43	48
829.817	44.6667
832.203	49.3333
834.588	50
836.972	46.6667
839.356	46.6667
841.738	46.6667
844.12	47.3333
846.502	47.3333
848.882	49.3333
851.262	46.6667
853.641	58.6667
856.02	58
858.397	56
860.774	64
863.15	62.6667
865.525	68
867.9	78
870.273	88.6667
872.646	104.667
875.019	128.667
877.39	176
879.761	260.667
882.131	326.667
884.5	370
886.869	354.667
889.236	292
891.602	212.667
893.968	152.667
896.334	118.667
898.698	91.3333
901.062	78
903.426	72.6667
905.787	64.6667
908.148	58.6667
910.509	60
912.87	56
915.228	57.3333
917.587	44.6667
919.945	52
922.302	52
924.657	46
927.013	46.6667
929.368	45.3333
931.721	44
934.074	46.6667
936.427	46
938.778	47.3333
941.129	44.6667
943.479	46.6667
945.828	47.3333
948.177	45.3333
950.524	46.6667
952.871	49.3333
955.218	44.6667
957.563	50.6667
959.908	40.6667
962.252	44
964.595	44
966.937	44
969.28	46
971.62	45.3333
973.961	43.3333
976.3	44.6667
978.639	46.6667
980.976	43.3333
983.314	49.3333
985.65	44
987.987	46
990.321	45.3333
992.655	49.3333
994.989	50
997.321	46
999.653	47.3333
1001.98	45.3333
1004.31	48
1006.65	47.3333
1008.97	47.3333
1011.3	53.3333
1013.63	50.6667
1015.96	51.3333
1018.28	56
1020.61	52.6667
1022.93	56
1025.26	58
1027.58	56.6667
1029.9	58.6667
1032.22	69.3333
1034.54	73.3333
1036.86	73.3333
1039.18	75.3333
1041.5	91.3333
1043.82	100.667
1046.14	116.667
1048.45	119.333
1050.77	129.333
1053.08	134
1055.4	142
1057.71	124.667
1060.02	116
1062.33	105.333
1064.64	89.3333
1066.96	89.3333
1069.27	82
1071.57	84.6667
1073.88	80.6667
1076.19	86.6667
1078.5	84.6667
1080.8	92
1083.11	89.3333
1085.41	95.3333
1087.72	105.333
1090.02	116
1092.32	129.333
1094.62	129.333
1096.92	133.333
1099.22	138.667
1101.52	125.333
1103.82	114
1106.12	101.333
1108.42	94
1110.71	86.6667
1113.01	78.6667
1115.3	80.6667
1117.6	76.6667
1119.89	74.6667
1122.18	79.3333
1124.48	74.6667
1126.77	66
1129.06	69.3333
1131.35	63.3333
1133.64	60.6667
1135.93	57.3333
1138.21	58
1140.5	55.3333
1142.79	56.6667
1145.07	54
1147.36	54.6667
1149.64	50
1151.92	52.6667
1154.21	50
1156.49	50
1158.77	50
1161.05	47.3333
1163.33	48
1165.61	48
1167.89	52.6667
1170.16	46
1172.44	49.3333
1174.72	46.6667
1176.99	49.3333
1179.27	52
1181.54	50
1183.81	44.6667
1186.09	48.6667
1188.36	46.6667
1190.63	44
1192.9	49.3333
1195.17	48
1197.44	44
1199.71	46
1201.97	50
1204.24	49.3333
1206.5	53.3333
1208.77	48.6667
1211.03	49.3333
1213.3	46.6667
1215.56	49.3333
1217.82	52.6667
1220.09	50
1222.35	43.3333
1224.61	51.3333
1226.87	51.3333
1229.12	48.6667
1231.38	49.3333
1233.64	57.3333
1235.9	52.6667
1238.15	51.3333
1240.41	55.3333
1242.66	58.6667
1244.92	52
1247.17	54
1249.42	59.3333
1251.67	58
1253.92	54
1256.17	56.6667
1258.42	63.3333
1260.67	62.6667
1262.92	66
1265.17	72
1267.42	72
1269.66	88
1271.91	81.3333
1274.15	93.3333
1276.39	92.6667
1278.64	91.3333
1280.88	88.6667
1283.12	85.3333
1285.36	73.3333
1287.6	73.3333
1289.84	68
1292.08	67.3333
1294.32	64
1296.56	64
1298.79	60
1301.03	56
1303.26	61.3333
1305.5	60.6667
1307.73	56
1309.97	54
1312.2	62
1314.43	62
1316.66	59.3333
1318.89	60
1321.12	57.3333
1323.35	52.6667
1325.58	59.3333
1327.81	58
1330.03	60.6667
1332.26	54.6667
1334.49	58.6667
1336.71	53.3333
1338.94	58
1341.16	56
1343.38	59.3333
1345.6	59.3333
1347.83	55.3333
1350.05	60.6667
1352.27	54.6667
1354.49	56.6667
1356.7	60.6667
1358.92	59.3333
1361.14	58.6667
1363.36	60
1365.57	53.3333
1367.79	60.6667
1370	62
1372.21	62.6667
1374.43	61.3333
1376.64	66.6667
1378.85	66.6667
1381.06	67.3333
1383.27	68.6667
1385.48	64.6667
1387.69	63.3333
1389.9	72
1392.11	66.6667
1394.31	63.3333
1396.52	70
1398.73	69.3333
1400.93	76.6667
1403.13	69.3333
1405.34	69.3333
1407.54	72
1409.74	79.3333
1411.94	82
1414.14	80
1416.34	76.6667
1418.54	78.6667
1420.74	84
1422.94	82.6667
1425.14	81.3333
1427.33	90.6667
1429.53	93.3333
1431.72	100
1433.92	98
1436.11	100
1438.3	102
1440.5	115.333
1442.69	122
1444.88	130.667
1447.07	141.333
1449.26	160
1451.45	166
1453.64	168.667
1455.82	166
1458.01	172
1460.2	152.667
1462.38	144.667
1464.57	131.333
1466.75	119.333
1468.93	108.667
1471.12	109.333
1473.3	109.333
1475.48	101.333
1477.66	100
1479.84	95.3333
1482.02	104
1484.2	106.667
1486.38	102.667
1488.55	98.6667
1490.73	94
1492.91	82.6667
1495.08	86.6667
1497.26	75.3333
1499.43	78
1501.61	78
1503.78	70.6667
1505.95	74.6667
1508.12	72.6667
1510.29	70.6667
1512.46	70
1514.63	66.6667
1516.8	66.6667
1518.97	60.6667
1521.14	66.6667
1523.3	63.3333
1525.47	60.6667
1527.63	60
1529.8	66
1531.96	62
1534.12	58
1536.29	60
1538.45	60.6667
1540.61	61.3333
1542.77	64.6667
1544.93	58
1547.09	60.6667
1549.25	56
1551.41	56
1553.56	58.6667
1555.72	57.3333
1557.88	53.3333
1560.03	57.3333
1562.18	56
1564.34	58
1566.49	62
1568.64	56
1570.8	54.6667
1572.95	56.6667
1575.1	56
1577.25	54.6667
1579.4	54
1581.55	52.6667
1583.69	51.3333
1585.84	51.3333
1587.99	55.3333
1590.13	56
1592.28	53.3333
1594.42	54.6667
1596.57	55.3333
1598.71	54
1600.85	55.3333
1602.99	54
1605.14	56
1607.28	58.6667
1609.42	58.6667
1611.56	54
1613.69	61.3333
1615.83	53.3333
1617.97	53.3333
1620.11	54
1622.24	51.3333
1624.38	55.3333
1626.51	52.6667
1628.65	54
1630.78	58
1632.91	52
1635.04	50
1637.17	56
1639.31	50.6667
1641.44	52.6667
1643.57	54.6667
1645.69	50
1647.82	56
1649.95	50.6667
1652.08	50.6667
1654.2	54
1656.33	50.6667
1658.45	51.3333
1660.58	54.6667
1662.7	53.3333
1664.82	52.6667
1666.94	52
1669.07	51.3333
1671.19	53.3333
1673.31	52.6667
1675.43	58.6667
1677.55	56
1679.66	55.3333
1681.78	53.3333
1683.9	56
1686.01	52
1688.13	56.6667
1690.25	56
1692.36	56.6667
1694.47	53.3333
1696.59	56.6667
1698.7	53.3333
1700.81	59.3333
1702.92	57.3333
1705.03	56.6667
1707.14	53.3333
1709.25	55.3333
1711.36	58
1713.47	53.3333
1715.58	55.3333
1717.68	56.6667
1719.79	56.6667
1721.89	56
1724	58.6667
1726.1	53.3333
1728.21	54
1730.31	53.3333
1732.41	54.6667
1734.51	52.6667
1736.61	54
1738.71	58
1740.81	53.3333
1742.91	57.3333
1745.01	49.3333
1747.11	54.6667
1749.2	56.6667
1751.3	54
1753.4	54
1755.49	56
1757.59	56.6667
1759.68	57.3333
1761.77	58.6667
1763.86	57.3333
1765.96	59.3333
1768.05	54
1770.14	59.3333
1772.23	54.6667
1774.32	58.6667
1776.41	54
1778.49	54.6667
1780.58	55.3333
1782.67	53.3333
1784.76	51.3333
1786.84	54
1788.92	52.6667
1791.01	56
1793.09	55.3333
1795.18	55.3333
1797.26	52.6667
1799.34	53.3333
1801.42	55.3333
1803.5	55.3333
1805.58	58
1807.66	53.3333
1809.74	53.3333
1811.82	52.6667
1813.89	55.3333
1815.97	50.6667
1818.05	62
1820.12	52
1822.2	56.6667
1824.27	54
1826.34	55.3333
1828.42	54.6667
1830.49	55.3333
1832.56	57.3333
1834.63	56
1836.7	56
1838.77	58
1840.84	50.6667
1842.91	56.6667
1844.98	52.6667
1847.04	55.3333
1849.11	55.3333
1851.18	55.3333
1853.24	57.3333
1855.31	55.3333
1857.37	57.3333
1859.43	59.3333
1861.5	52
1863.56	50
1865.62	58.6667
1867.68	55.3333
1869.74	57.3333
1871.8	52.6667
1873.86	59.3333
1875.92	53.3333
1877.98	58
1880.03	54.6667
1882.09	56.6667
1884.15	56.6667
1886.2	56
1888.26	57.3333
1890.31	60
1892.36	53.3333
1894.42	54
1896.47	58
1898.52	58
1900.57	59.3333
1902.62	53.3333
1904.67	60.6667
1906.72	56
1908.77	56.6667
1910.82	54
1912.86	58.6667
1914.91	54
1916.96	54
1919	54.6667
1921.04	59.3333
1923.09	57.3333
1925.13	61.3333
1927.18	58.6667
1929.22	55.3333
1931.26	60
1933.3	55.3333
1935.34	57.3333
1937.38	54
1939.42	57.3333
1941.46	53.3333
1943.5	56.6667
1945.53	56.6667
1947.57	56
1949.61	57.3333
1951.64	58.6667
1953.68	54
1955.71	58
1957.75	51.3333
1959.78	58
1961.81	56
1963.84	58.6667
1965.87	57.3333
1967.9	57.3333
1969.93	56.6667
1971.96	54.6667
1973.99	60.6667
1976.02	56.6667
1978.05	56.6667
1980.07	59.3333
1982.1	59.3333
1984.13	62
1986.15	56.6667
1988.18	54.6667
1990.2	58
1992.22	56.6667
1994.25	58
1996.27	59.3333
1998.29	56.6667
2000.31	56.6667
2002.33	60
2004.35	55.3333
2006.37	56.6667
2008.39	53.3333
2010.41	55.3333
2012.42	57.3333
2014.44	60.6667
2016.46	60.6667
2018.47	58.6667
2020.49	59.3333
2022.5	48.6667
2024.51	54.6667
2026.53	58.6667
2028.54	57.3333
2030.55	59.3333
2032.56	57.3333
2034.57	59.3333
2036.58	55.3333
2038.59	64
2040.6	57.3333
2042.61	58
2044.62	56
2046.62	56
2048.63	54
2050.64	54.6667
2052.64	56
2054.65	59.3333
2056.65	58.6667
2058.65	58.6667
2060.66	56.6667
2062.66	56.6667
2064.66	59.3333
2066.66	58
2068.66	58.6667
2070.66	60.6667
2072.66	61.3333
2074.66	62
2076.66	60.6667
2078.65	58.6667
2080.65	59.3333
2082.65	56
2084.64	65.3333
2086.64	63.3333
2088.63	60.6667
2090.63	61.3333
2092.62	56.6667
2094.61	66
2096.6	56.6667
2098.59	58.6667
2100.59	58
2102.58	58.6667
2104.56	55.3333
2106.55	58.6667
2108.54	58.6667
2110.53	60
2112.52	60.6667
2114.5	59.3333
2116.49	60.6667
2118.48	58
2120.46	64
2122.44	62.6667
2124.43	56
2126.41	60.6667
2128.39	62
2130.38	58
2132.36	60
2134.34	61.3333
2136.32	61.3333
2138.3	58.6667
2140.28	57.3333
2142.26	58.6667
2144.23	59.3333
2146.21	61.3333
2148.19	62
2150.16	67.3333
2152.14	60
2154.11	56.6667
2156.09	65.3333
2158.06	65.3333
2160.04	57.3333
2162.01	58.6667
2163.98	59.3333
2165.95	61.3333
2167.92	62.6667
2169.89	63.3333
2171.86	60.6667
2173.83	60
2175.8	59.3333
2177.77	56
2179.73	66
2181.7	60
2183.67	60.6667
2185.63	64.6667
2187.6	58.6667
2189.56	63.3333
2191.53	61.3333
2193.49	60.6667
2195.45	62.6667
2197.41	62
2199.37	60
2201.34	66.6667
2203.29	63.3333
2205.26	63.3333
2207.21	64.6667
2209.17	62
2211.13	64.6667
2213.09	63.3333
2215.05	61.3333
2217	64
2218.96	65.3333
2220.91	61.3333
2222.87	64
2224.82	66
2226.77	64.6667
2228.73	62.6667
2230.68	64
2232.63	62
2234.58	60
2236.53	65.3333
2238.48	56.6667
2240.43	60
2242.38	59.3333
2244.33	63.3333
2246.27	62
2248.22	61.3333
2250.17	64
2252.11	68.6667
2254.06	65.3333
2256	63.3333
2257.95	60
2259.89	60.6667
2261.84	62.6667
2263.78	64.6667
2265.72	62
2267.66	62.6667
2269.6	58
2271.54	64
2273.48	64.6667
2275.42	62.6667
2277.36	62
2279.3	64.6667
2281.23	66
2283.17	62.6667
2285.11	60.6667
2287.04	62.6667
2288.98	61.3333
2290.91	66.6667
2292.84	60.6667
2294.78	65.3333
2296.71	62.6667
2298.64	62
2300.57	65.3333
2302.51	61.3333
2304.44	64
2306.37	63.3333
2308.29	58
2310.22	62
2312.15	63.3333
2314.08	60
2316.01	60.6667
2317.93	64.6667
2319.86	60.6667
2321.78	60.6667
2323.71	64.6667
2325.63	62.6667
2327.56	67.3333
2329.48	59.3333
2331.4	64
2333.32	62
2335.25	62.6667
2337.17	62
2339.09	61.3333
2341.01	65.3333
2342.92	60.6667
2344.84	61.3333
2346.76	63.3333
2348.68	66.6667
2350.6	65.3333
2352.51	60
2354.43	68
2356.34	64.6667
2358.26	62.6667
2360.17	63.3333
2362.09	66.6667
2364	67.3333
2365.91	57.3333
2367.82	62
2369.73	66.6667
2371.64	64.6667
2373.55	66.6667
2375.46	62.6667
2377.37	60
2379.28	66
2381.19	64.6667
2383.1	64
2385	52.6667
2386.91	62.6667
2388.82	65.3333
2390.72	62
2392.62	62.6667
2394.53	65.3333
2396.43	66.6667
2398.33	61.3333
2400.24	62.6667
2402.14	66.6667
2404.04	58
2405.94	66.6667
2407.84	62.6667
2409.74	64
2411.64	62.6667
2413.54	61.3333
2415.44	63.3333
2417.33	62.6667
2419.23	62
2421.13	64.6667
2423.02	66.6667
2424.92	68
2426.81	67.3333
2428.71	65.3333
2430.6	62.6667
2432.49	60.6667
2434.38	65.3333
2436.28	62.6667
2438.17	63.3333
2440.06	62.6667
2441.95	70
2443.84	70.6667
2445.73	68
