176.074	246.889
178.677	236.222
181.279	220.333
183.879	214
186.48	195.778
189.08	185
191.677	177.444
194.275	175.556
196.871	165.778
199.467	161.667
202.061	155
204.656	151.667
207.249	144.778
209.841	137.444
212.433	134.778
215.022	128.444
217.613	130.333
220.201	125.667
222.789	125.667
225.375	122.222
227.962	118.667
230.547	114.222
233.132	118
235.714	113.889
238.296	113.444
240.879	112.667
243.459	112.556
246.04	111.667
248.618	112.778
251.198	108.111
253.774	108.111
256.35	108
258.927	102.667
261.501	108.333
264.074	107.222
266.648	106.889
269.22	106.444
271.791	106
274.362	103.778
276.931	105.333
279.5	104.556
282.069	105.667
284.635	102.444
287.201	104.333
289.766	104.889
292.331	106.778
294.894	104.667
297.457	104.222
300.018	103.778
302.58	107.111
305.14	105.778
307.699	105.778
310.257	106.333
312.814	106.333
315.372	105.556
317.928	102
320.482	105.111
323.036	105.556
325.589	103.889
328.142	105
330.693	104.667
333.243	102.889
335.795	104.222
338.343	103.222
340.891	107.222
343.439	104
345.985	105
348.53	105.889
351.075	106.333
353.619	106.889
356.162	107.333
358.704	105.667
361.245	111.222
363.786	112.333
366.325	113.889
368.864	113.333
371.402	111.444
373.939	111.222
376.475	120.111
379.011	115.222
381.545	113.667
384.079	116.333
386.611	116.667
389.143	118.111
391.674	115.778
394.204	117.889
396.734	115.222
399.263	116.778
401.791	122.333
404.318	129.222
406.843	140
409.368	141.444
411.893	132.778
414.417	124.111
416.94	120.778
419.46	115.444
421.982	115.333
424.502	116.778
427.022	111.111
429.541	110
432.057	116.111
434.574	112.222
437.091	109.444
439.605	112
442.12	112.667
444.634	109
447.145	108
449.657	110.778
452.169	109.222
454.678	108.667
457.188	107.778
459.697	107.333
462.204	107.444
464.711	108.667
467.217	104.667
469.722	105.778
472.227	108.778
474.729	106.222
477.232	104.667
479.735	107.333
482.235	109
484.736	109.333
487.234	109.111
489.734	108.778
492.23	105.778
494.728	106.333
497.223	106.667
499.719	107.778
502.213	110.333
504.707	108.444
507.199	110.667
509.69	107.889
512.182	106.778
514.672	107
517.162	106.222
519.65	106.111
522.139	108.111
524.625	108
527.111	102.889
529.597	106.333
532.081	105.556
534.564	109.333
537.047	104.333
539.529	108.222
542.01	110.444
544.491	107.111
546.97	107.111
549.448	106.667
551.927	108.444
554.404	109.778
556.88	108.111
559.355	110.111
561.831	110.222
564.304	107.667
566.777	113.222
569.249	110.556
571.72	112.444
574.191	110.111
576.661	111.444
579.129	111.667
581.597	112.444
584.064	115.333
586.531	112.556
588.997	117.111
591.462	117.222
593.926	120
596.389	126.444
598.851	143.667
601.313	164.333
603.773	192.667
606.233	195.556
608.692	180.667
611.151	165.556
613.608	157
616.065	150.556
618.521	137.333
620.976	133.778
623.43	132.778
625.883	127.556
628.336	129.778
630.788	130.222
633.239	126.778
635.69	134.333
638.139	137.556
640.588	142.556
643.036	145.556
645.483	164.778
647.929	200.889
650.375	252.556
652.818	323
655.262	327.444
657.706	270
660.148	206.889
662.59	166.333
665.031	145.667
667.471	131.556
669.909	133.333
672.347	127.333
674.785	122.333
677.222	122.222
679.656	119.556
682.092	115.444
684.526	117.222
686.96	119.111
689.392	119.222
691.824	116.444
694.256	118.889
696.686	116
699.115	118.889
701.544	116.889
703.972	119.556
706.398	121.667
708.825	122.444
711.25	122.889
713.675	121
716.099	118.667
718.522	116.111
720.944	113.556
723.366	116.556
725.786	111.778
728.207	113.667
730.625	113.889
733.044	113.444
735.461	111.222
737.879	113.333
740.294	114.667
742.71	111.889
745.123	118.111
747.538	116.333
749.95	119.556
752.363	115.778
754.773	119
757.185	115.778
759.594	115.667
762.002	113.111
764.411	112.667
766.818	113.111
769.225	112.889
771.63	111
774.035	108.333
776.44	112.111
778.843	112.222
781.245	106.889
783.648	107.333
786.048	110.333
788.448	110.333
790.848	107.889
793.247	111.778
795.644	110.222
798.042	111
800.438	110.222
802.834	111.889
805.228	110
807.623	116
810.016	115.333
812.408	117.889
814.8	121.111
817.191	115.111
819.58	113.556
821.971	110.222
824.359	113.333
826.747	109.222
829.134	111.444
831.52	111.556
833.905	110.333
836.29	109.889
838.675	112.556
841.058	111.778
843.44	107.222
845.822	106.444
848.203	108.222
850.583	112.556
852.962	109.667
855.341	110
857.718	108.111
860.095	111.889
862.471	113
864.847	108
867.222	115.111
869.596	112.556
871.969	115.778
874.341	114.222
876.713	119.889
879.083	121.333
881.453	120
883.822	126.333
886.191	125.556
888.559	125
890.926	120.778
893.293	121
895.658	118.778
898.022	116.889
900.386	117
902.75	115.444
905.112	111.333
907.474	113.111
909.834	112.444
912.194	116.444
914.554	117.222
916.913	115.778
919.27	120.667
921.627	116.778
923.984	117.556
926.34	114.444
928.694	113.889
931.048	116
933.402	119.556
935.754	116.111
938.106	121.333
940.458	119.444
942.807	125.444
945.157	126.444
947.505	122.667
949.853	122.444
952.201	119.778
954.547	121.778
956.893	122.889
959.237	117.889
961.582	121
963.925	123.556
966.268	126.333
968.609	126.556
970.951	136.778
973.291	146
975.631	158
977.97	207
980.309	260.222
982.645	272.333
984.983	306.333
987.318	536.556
989.653	1509.78
991.988	2594.11
994.321	2433
996.655	1710.44
998.987	1079.89
1001.32	663.667
1003.65	366.111
1005.98	226.778
1008.31	189.556
1010.64	174.444
1012.96	169.444
1015.29	178.889
1017.62	190.778
1019.94	212.333
1022.27	243
1024.59	294.667
1026.91	508.889
1029.24	1327.11
1031.56	2288.22
1033.88	2102
1036.2	1149.89
1038.52	468.111
1040.84	248.556
1043.16	191.778
1045.47	174.222
1047.79	160.111
1050.1	157.778
1052.42	157.889
1054.74	153.111
1057.05	150.333
1059.36	149.333
1061.67	145.778
1063.98	151.444
1066.29	161.222
1068.6	178.667
1070.91	177.667
1073.22	160.111
1075.53	145.889
1077.84	132.889
1080.14	127
1082.45	124.778
1084.75	124.222
1087.06	123.444
1089.36	123.444
1091.66	122.667
1093.96	116.667
1096.27	120.111
1098.57	123.667
1100.87	120.667
1103.16	123
1105.46	124.333
1107.76	123.889
1110.06	129.333
1112.35	126.889
1114.65	127.556
1116.94	123.333
1119.23	124.778
1121.53	123.111
1123.82	121.444
1126.11	123.778
1128.4	125.333
1130.69	127.222
1132.98	127.667
1135.27	131.111
1137.56	130
1139.85	138.111
1142.13	145.111
1144.42	156.111
1146.7	167.333
1148.99	173.444
1151.27	167.667
1153.55	152.444
1155.84	143.667
1158.12	133.111
1160.4	126.333
1162.68	126.111
1164.96	126.333
1167.23	120.444
1169.51	117.778
1171.79	118.778
1174.06	120.444
1176.34	120.222
1178.62	119.111
1180.89	118.556
1183.16	118.444
1185.44	119.222
1187.71	123.667
1189.98	121.111
1192.25	123.333
1194.52	125.111
1196.79	128.667
1199.06	131.333
1201.32	136.889
1203.59	142.111
1205.86	153.889
1208.12	174
1210.39	192.222
1212.65	225.556
1214.91	281
1217.18	336.667
1219.44	346.222
1221.7	321.889
1223.96	283.333
1226.22	250.444
1228.48	231.222
1230.74	213.667
1232.99	182.556
1235.25	164
1237.51	149
1239.76	141.889
1242.02	131.222
1244.27	129.889
1246.53	125.889
1248.78	123.889
1251.03	122.667
1253.28	123.222
1255.53	118.111
1257.78	117.889
1260.03	116.556
1262.28	119.444
1264.53	117.111
1266.77	119
1269.02	116
1271.26	115.444
1273.51	115.333
1275.75	115.111
1278	114.889
1280.24	112.889
1282.48	113.778
1284.72	110.889
1286.96	113.778
1289.2	115
1291.44	112.444
1293.68	116
1295.92	115
1298.15	115.444
1300.39	112
1302.63	114.667
1304.86	111.222
1307.1	113.444
1309.33	114.889
1311.56	113.333
1313.79	115.222
1316.02	112.222
1318.26	116.111
1320.49	118.222
1322.71	113.667
1324.94	117.556
1327.17	116.111
1329.4	116.111
1331.62	111.889
1333.85	116
1336.08	112.667
1338.3	113.444
1340.52	114.667
1342.75	114.222
1344.97	117.333
1347.19	114.444
1349.41	116.778
1351.63	116.889
1353.85	118.556
1356.07	121.333
1358.29	121.111
1360.5	118.889
1362.72	117.444
1364.94	117.333
1367.15	115.111
1369.37	116.333
1371.58	114.222
1373.79	114.444
1376.01	115.556
1378.22	114.889
1380.43	112.444
1382.64	113.667
1384.85	115
1387.06	114.778
1389.27	119
1391.47	114
1393.68	113.889
1395.89	113
1398.09	111.889
1400.3	116.222
1402.5	114.333
1404.71	118.889
1406.91	114.333
1409.11	116
1411.31	115.556
1413.51	113.778
1415.71	117.333
1417.91	118
1420.11	119.444
1422.31	117.444
1424.51	117.222
1426.7	118.889
1428.9	116.778
1431.1	118.889
1433.29	117
1435.48	122.778
1437.68	123.667
1439.87	118.333
1442.06	122.889
1444.25	116.222
1446.44	116.333
1448.63	121.333
1450.82	120.556
1453.01	114.222
1455.2	116.444
1457.39	117.889
1459.57	115.889
1461.76	115.333
1463.94	115.556
1466.13	120
1468.31	116.444
1470.49	121.556
1472.68	117.778
1474.86	118.778
1477.04	124.667
1479.22	135
1481.4	150.889
1483.58	170.889
1485.75	163.889
1487.93	148.222
1490.11	132.889
1492.29	126.778
1494.46	123
1496.64	123.444
1498.81	119
1500.98	118.556
1503.16	122.222
1505.33	121
1507.5	118.667
1509.67	121
1511.84	118.778
1514.01	119.333
1516.18	118.444
1518.35	117.778
1520.51	118.889
1522.68	120.111
1524.85	116.889
1527.01	122
1529.18	115.889
1531.34	120.333
1533.51	122
1535.67	119.444
1537.83	123.333
1539.99	122.111
1542.15	123.333
1544.31	125.889
1546.47	129.111
1548.63	124.556
1550.79	132.889
1552.95	132.333
1555.1	135.778
1557.26	138.556
1559.41	147.778
1561.57	149.556
1563.72	165.444
1565.88	182.556
1568.03	204.889
1570.18	237.556
1572.33	282.333
1574.48	310.667
1576.63	305.667
1578.78	287
1580.93	299.556
1583.08	311.556
1585.23	292.444
1587.37	265.889
1589.52	245.889
1591.66	215.667
1593.81	203.778
1595.95	205.333
1598.1	207.333
1600.24	207.889
1602.38	194
1604.52	174.889
1606.66	160.333
1608.8	154
1610.94	151.222
1613.08	138
1615.22	140.556
1617.36	134.444
1619.49	128.111
1621.63	127.222
1623.77	131.444
1625.9	124.778
1628.03	127.889
1630.17	125.333
1632.3	128.333
1634.43	127.333
1636.56	125.778
1638.7	122.889
1640.83	123.889
1642.96	122.444
1645.08	118.778
1647.21	120.333
1649.34	121.889
1651.47	120.222
1653.59	120.889
1655.72	121.889
1657.84	118.667
1659.97	116.444
1662.09	115.111
1664.21	119
1666.34	117.333
1668.46	116.667
1670.58	119.111
1672.7	116.556
1674.82	118.222
1676.94	120.222
1679.06	115.778
1681.18	115.556
1683.29	114.111
1685.41	119.333
1687.52	115.778
1689.64	115.556
1691.76	116.556
1693.87	114.889
1695.98	113.111
1698.09	116.222
1700.21	115.333
1702.32	119.556
1704.43	117
1706.54	118.667
1708.65	115
1710.76	117.667
1712.86	116.111
1714.97	115
1717.08	114.111
1719.19	115
1721.29	115.889
1723.4	111.889
1725.5	115.444
1727.6	116.889
1729.71	114.444
1731.81	110.889
1733.91	117.778
1736.01	114.111
1738.11	114.222
1740.21	113.444
1742.31	112.333
1744.41	113.556
1746.51	115.222
1748.6	113.222
1750.7	115.778
1752.8	117.111
1754.89	114.444
1756.99	115.111
1759.08	117.667
1761.17	115.889
1763.27	114.222
1765.36	116.778
1767.45	114.222
1769.54	117.222
1771.63	116.333
1773.72	112.556
1775.81	113.222
1777.9	113.222
1779.98	112.889
1782.07	117.333
1784.16	115.778
1786.24	116.333
1788.33	114.111
1790.41	117.111
1792.5	114.667
1794.58	115.444
1796.66	112.778
1798.74	114.778
1800.83	115.222
1802.91	117.222
1804.99	114.778
1807.06	112.333
1809.14	118.667
1811.22	118.667
1813.3	114.444
1815.38	116.556
1817.45	114
1819.53	114.444
1821.6	116
1823.68	113
1825.75	115.222
1827.82	115.556
1829.9	109.556
1831.97	113.444
1834.04	110.222
1836.11	112.222
1838.18	116.556
1840.25	112.111
1842.32	115.111
1844.38	116.556
1846.45	115
1848.52	119.222
1850.58	116.556
1852.65	116.667
1854.72	114.222
1856.78	110.222
1858.84	117.333
1860.91	116.556
1862.97	113
1865.03	114.333
1867.09	114.778
1869.15	117.667
1871.21	114.889
1873.27	118.556
1875.33	116.333
1877.39	115.222
1879.44	115.667
1881.5	114.667
1883.56	116
1885.61	116.444
1887.67	115.222
1889.72	116.556
1891.78	111.667
1893.83	112.778
1895.88	118.111
1897.93	119
1899.98	118
1902.03	116.778
1904.08	118.111
1906.13	112.667
1908.18	117.333
1910.23	116.444
1912.28	114.111
1914.32	116.111
1916.37	114.889
1918.41	115.444
1920.46	115.778
1922.5	113.778
1924.55	113.333
1926.59	115.222
1928.63	116.556
1930.68	115
1932.72	116.889
1934.76	114.333
1936.8	114.222
1938.84	115.667
1940.87	112.111
1942.91	115.444
1944.95	113.556
1946.99	115.333
1949.02	115.444
1951.06	116.333
1953.09	115.333
1955.13	114.333
1957.16	118
1959.2	114
1961.23	114.778
1963.26	112.222
1965.29	114.222
1967.32	113.778
1969.35	115.889
1971.38	112.556
1973.41	116.333
1975.44	115
1977.47	116.667
1979.5	115.778
1981.52	115.889
1983.55	112.556
1985.57	113.556
1987.6	117.333
1989.62	115
1991.64	111.222
1993.67	116.667
1995.69	114.667
1997.71	113.444
1999.73	116.667
2001.75	113.667
2003.77	115.778
2005.79	114.556
2007.81	115.333
2009.83	114.333
2011.85	117.111
2013.86	113.333
2015.88	114.333
2017.89	115.778
2019.91	118.222
2021.92	117.444
2023.94	112.444
2025.95	116.222
2027.96	115.889
2029.97	113.333
2031.99	115.444
2034	115.222
2036.01	114.556
2038.02	117.778
2040.03	114.333
2042.03	116.778
2044.04	116.667
2046.05	116.778
2048.06	112.333
2050.06	112.778
2052.07	112.667
2054.07	115.889
2056.08	114
2058.08	115.444
2060.08	116.444
2062.08	113.556
2064.09	113.778
2066.09	112
2068.09	116.111
2070.09	113
2072.09	115.111
2074.09	112.556
2076.08	114.111
2078.08	111.222
2080.08	113.333
2082.07	117.667
2084.07	113.778
2086.07	114.889
2088.06	112.667
2090.05	114.667
2092.05	116.556
2094.04	115.444
2096.03	113
2098.02	113.111
2100.01	112.667
2102	110.444
2103.99	113.444
2105.98	115.333
2107.97	113.333
2109.96	113.778
2111.95	109.556
2113.94	118.889
2115.92	116.444
2117.91	115.111
2119.89	113.556
2121.88	111.667
2123.86	110.222
2125.84	113.889
2127.83	117.333
2129.81	116
2131.79	115.222
2133.77	115.667
2135.75	113.667
2137.73	110.667
2139.71	111
2141.69	112
2143.67	114.444
2145.64	110.333
2147.62	112.222
2149.6	110.444
2151.57	115.889
2153.55	114.889
2155.52	116
2157.5	113
2159.47	113.333
2161.44	112.444
2163.41	109
2165.39	110.667
2167.36	112.778
2169.33	112.444
2171.3	114.778
2173.27	113
2175.24	112.667
2177.2	114
2179.17	112
2181.14	116
2183.1	111.889
2185.07	112.222
2187.03	112.111
2189	111.778
2190.96	111
2192.93	116.778
2194.89	112.667
2196.85	115
2198.81	115.222
2200.77	109.667
2202.73	113.667
2204.69	113.778
2206.65	112.222
2208.61	113.111
2210.57	114.778
2212.53	112
2214.48	113
2216.44	111.111
2218.4	110.222
2220.35	114
2222.31	115.333
2224.26	115.333
2226.21	114.333
2228.17	114.778
2230.12	111.556
2232.07	112.111
2234.02	111.111
2235.97	108.556
2237.92	113.444
2239.87	113
2241.82	111.556
2243.77	111.556
2245.72	115.889
2247.66	111.667
2249.61	108.889
2251.56	112.556
2253.5	113.889
2255.45	114.333
2257.39	111.667
2259.33	112.556
2261.28	113
2263.22	114.556
2265.16	109.889
2267.1	112.444
2269.04	111.556
2270.99	110.222
2272.92	116.333
2274.86	113.444
2276.8	114.333
2278.74	109.444
2280.68	109.444
2282.61	111.222
2284.55	112
2286.49	111.778
2288.42	112
2290.36	111.111
2292.29	113.667
2294.22	113.667
2296.16	115.778
2298.09	110.778
2300.02	114.111
2301.95	110.889
2303.88	116.556
2305.81	111.333
2307.74	109.889
2309.67	105.778
2311.6	110.111
2313.53	110.333
2315.45	111.222
2317.38	112.333
2319.31	113
2321.23	111.111
2323.16	110.111
2325.08	111.333
2327	113.889
2328.93	110.778
2330.85	110.444
2332.77	109.556
2334.69	109.222
2336.62	110.778
2338.54	108.778
2340.46	108.222
2342.38	111.667
2344.29	108.333
2346.21	111
2348.13	113.111
2350.05	109.444
2351.96	110.222
2353.88	111.889
2355.79	113.556
2357.71	111.333
2359.62	107.778
2361.54	110.889
2363.45	111.778
2365.36	113
2367.27	114.111
2369.19	114.778
2371.1	115.889
2373.01	117.667
2374.92	119.333
2376.83	120.222
2378.73	121.333
2380.64	117.778
2382.55	116.444
2384.46	113.556
2386.36	110.111
2388.27	110.556
2390.17	111.333
2392.08	106.889
2393.98	107.556
2395.89	107.889
2397.79	110.333
2399.69	109.444
2401.59	108.222
2403.5	108.778
2405.4	110.778
2407.3	109.889
2409.2	110.667
2411.09	106.778
2412.99	111
2414.89	109.333
2416.79	110
2418.69	109.111
2420.58	109.778
2422.48	107.556
2424.37	112.111
2426.27	111.667
2428.16	108.444
2430.06	110.333
2431.95	113.778
2433.84	113.778
2435.73	114.222
2437.62	113.333
2439.52	116.111
2441.41	118.778
2443.3	112.111
2445.19	118.667
