178.677	671.333
181.278	659.555
183.879	657.555
186.48	658
189.078	654.667
191.677	658.222
194.275	655.111
196.871	641.333
199.467	653.111
202.061	644.667
204.656	635.333
207.248	642.444
209.841	650.667
212.431	638.889
215.022	641.333
217.613	623.333
220.201	636.667
222.789	637.556
225.375	630.222
227.962	654.444
230.547	642.222
233.13	636.667
235.714	639.556
238.296	644.889
240.879	662.444
243.459	665.111
246.04	663.111
248.618	675.778
251.196	671.111
253.774	682
256.35	678.444
258.927	684.222
261.501	681.778
264.074	687.111
266.648	688.667
269.22	690.222
271.791	688.222
274.362	692.444
276.931	677.111
279.5	682.444
282.069	680.222
284.635	678.222
287.201	664.444
289.766	649.778
292.331	655.333
294.894	671.111
297.457	665.333
300.018	668.444
302.58	656.222
305.14	653.556
307.699	647.111
310.257	643.556
312.814	650.444
315.372	633.333
317.928	635.778
320.482	611.111
323.036	626.889
325.589	634.222
328.142	648.889
330.693	632.889
333.243	631.333
335.795	626.444
338.343	644.667
340.891	627.111
343.439	626.667
345.985	626.889
348.53	629.333
351.075	636
353.619	632
356.162	640
358.704	636
361.245	652.222
363.786	643.556
366.325	637.556
368.864	633.333
371.402	644.444
373.939	641.778
376.475	663.333
379.011	671.778
381.545	675.111
384.079	661.556
386.612	652.222
389.144	646.667
391.674	634.667
394.204	637.556
396.734	632
399.263	633.556
401.791	655.333
404.318	647.778
406.844	650.889
409.368	662.444
411.893	680
414.417	688.444
416.94	724.667
419.462	723.333
421.982	716
424.502	692.889
427.022	672.889
429.541	662.444
432.057	665.111
434.574	657.111
437.091	645.111
439.606	656.444
442.12	642.444
444.634	628.222
447.147	658
449.657	631.333
452.169	641.333
454.68	639.556
457.188	641.333
459.697	644
462.205	641.778
464.711	645.556
467.217	647.556
469.722	640
472.227	642.444
474.731	643.111
477.232	655.333
479.735	651.778
482.235	646
484.736	641.556
487.234	649.556
489.734	638.889
492.23	635.778
494.728	634.667
497.223	641.111
499.719	644
502.213	651.556
504.707	636.444
507.199	630
509.692	636
512.182	632
514.673	632.222
517.162	633.556
519.65	648.667
522.139	640.889
524.625	633.556
527.112	631.556
529.597	648.222
532.081	628.667
534.565	622.667
537.047	634.222
539.529	632.444
542.011	628.444
544.491	640.444
546.97	629.778
549.45	641.111
551.927	641.778
554.404	635.556
556.88	642
559.356	640
561.831	634.222
564.304	634.444
566.777	636.222
569.25	648.889
571.721	640.889
574.191	643.778
576.661	655.556
579.129	641.333
581.599	643.778
584.066	647.555
586.532	639.556
588.997	654.222
591.462	636.889
593.926	645.333
596.389	639.111
598.851	640.667
601.314	630.444
603.775	646.667
606.235	641.111
608.694	640
611.152	649.333
613.609	645.778
616.066	664
618.522	653.333
620.977	655.111
623.431	639.111
625.885	640.667
628.338	645.778
630.79	651.333
633.241	658.889
635.691	645.778
638.141	647.778
640.589	659.333
643.036	683.333
645.483	650.667
647.929	671.333
650.375	671.778
652.82	664
655.264	668.667
657.707	661.556
660.149	661.778
662.59	657.111
665.031	674.889
667.471	658
669.91	665.778
672.349	657.111
674.786	671.778
677.222	674.667
679.658	674.222
682.093	681.333
684.528	684.444
686.96	681.778
689.393	697.778
691.826	698.667
694.256	712.444
696.686	703.111
699.116	692.222
701.545	680
703.972	687.333
706.4	690.667
708.826	704.445
711.251	692.667
713.676	691.333
716.099	693.111
718.523	700.667
720.946	689.556
723.366	703.555
725.788	694
728.207	685.333
730.627	693.111
733.044	690.667
735.462	682.222
737.88	683.111
740.295	689.556
742.711	690.889
745.125	690.667
747.539	674.444
749.951	679.333
752.363	672
754.775	665.556
757.185	666.889
759.595	672.222
762.003	678
764.412	661.556
766.819	658.889
769.225	664.444
771.632	658.222
774.036	670.222
776.441	662
778.844	652.889
781.246	658
783.649	659.778
786.05	662.889
788.449	668.889
790.85	672.444
793.248	677.778
795.646	679.778
798.042	671.111
800.44	673.778
802.835	675.333
805.23	669.556
807.623	675.333
810.018	666.444
812.41	667.778
814.801	661.333
817.192	683.778
819.582	673.778
821.972	691.111
824.361	687.556
826.748	668
829.135	672.222
831.521	678.667
833.907	676.222
836.291	677.111
838.675	662.444
841.059	668.444
843.442	681.111
845.823	670.222
848.204	656.889
850.584	657.556
852.963	673.111
855.342	671.333
857.72	671.333
860.097	666.222
862.473	674.444
864.848	675.333
867.223	668.444
869.597	675.333
871.97	680.667
874.343	680.222
876.714	676.667
879.084	696.667
881.454	678
883.824	690.889
886.192	685.333
888.56	688.222
890.927	693.556
893.294	705.556
895.66	699.556
898.023	697.111
900.387	693.778
902.751	692.667
905.114	689.333
907.476	676.444
909.835	680.444
912.196	674.889
914.555	684.667
916.914	679.333
919.271	685.778
921.629	674.444
923.985	682
926.341	672.667
928.695	674.667
931.05	678.889
933.404	668.444
935.755	668.889
938.107	682
940.459	675.555
942.808	672
945.158	659.556
947.508	673.111
949.855	668.667
952.202	678
954.548	674.889
956.894	680
959.239	670
961.583	679.111
963.928	672.889
966.27	673.333
968.612	677.111
970.953	682.444
973.294	680
975.633	677.111
977.972	679.333
980.31	680.889
982.647	699.556
984.984	695.333
987.32	697.556
989.656	699.111
991.989	721.333
994.324	743.333
996.656	795.556
998.988	834.889
1001.32	785.778
1003.65	720
1005.98	680.889
1008.31	678.667
1010.64	686.444
1012.97	690.222
1015.29	708
1017.62	728.667
1019.94	774.444
1022.27	782.444
1024.59	766
1026.92	730.889
1029.24	710.444
1031.56	699.111
1033.88	688
1036.2	697.778
1038.52	677.111
1040.84	685.556
1043.16	676
1045.48	683.333
1047.79	670.222
1050.11	683.111
1052.42	686.667
1054.74	689.556
1057.05	706.222
1059.36	725.556
1061.67	747.333
1063.99	748.222
1066.3	775.778
1068.61	820.222
1070.92	876.667
1073.22	889.111
1075.53	882
1077.84	830
1080.15	786
1082.45	738.222
1084.76	738.444
1087.06	739.556
1089.36	735.778
1091.66	742.222
1093.97	758.222
1096.27	780.444
1098.57	782
1100.87	762.889
1103.17	766.889
1105.46	748.222
1107.76	743.111
1110.06	757.333
1112.35	759.778
1114.65	742.444
1116.94	759.556
1119.24	757.555
1121.53	754.444
1123.82	752.889
1126.11	744.222
1128.4	740
1130.7	723.111
1132.98	746.222
1135.27	726.222
1137.56	732
1139.85	732.889
1142.13	742
1144.42	741.778
1146.71	745.778
1148.99	768.222
1151.27	769.556
1153.56	790
1155.84	793.556
1158.12	752.444
1160.4	743.333
1162.68	746.889
1164.96	740.444
1167.24	732.444
1169.51	734.667
1171.79	742.222
1174.07	748.667
1176.34	771.333
1178.62	762.222
1180.89	742.889
1183.17	742.444
1185.44	739.333
1187.71	727.333
1189.98	715.333
1192.25	710.889
1194.52	725.111
1196.79	728.222
1199.06	732
1201.33	738.667
1203.59	746.889
1205.86	750.444
1208.12	747.778
1210.39	756.444
1212.65	740.444
1214.92	747.111
1217.18	745.778
1219.44	744
1221.7	760.889
1223.96	759.111
1226.22	770
1228.48	763.111
1230.74	764.222
1233	778.667
1235.25	768.889
1237.51	775.111
1239.77	770.667
1242.02	767.556
1244.27	777.778
1246.53	781.778
1248.78	758.889
1251.03	766
1253.28	761.333
1255.53	766.667
1257.78	762.222
1260.03	773.556
1262.28	773.111
1264.53	775.333
1266.78	777.778
1269.02	780.889
1271.27	780.222
1273.51	788.444
1275.76	777.111
1278	781.111
1280.24	767.556
1282.48	776.444
1284.72	774.889
1286.97	766.444
1289.21	778.222
1291.44	774.222
1293.68	768.222
1295.92	766.222
1298.16	771.333
1300.39	775.556
1302.63	766.667
1304.86	765.333
1307.1	767.111
1309.33	768.667
1311.56	770.889
1313.8	759.111
1316.03	747.333
1318.26	754
1320.49	759.556
1322.72	754.889
1324.95	769.556
1327.17	750
1329.4	770
1331.63	771.333
1333.85	777.333
1336.08	785.556
1338.3	786.889
1340.53	778
1342.75	786.889
1344.97	766.222
1347.19	765.111
1349.41	751.778
1351.63	767.778
1353.85	761.778
1356.07	761.778
1358.29	757.556
1360.51	764.222
1362.72	759.556
1364.94	753.778
1367.16	757.778
1369.37	754.222
1371.58	767.556
1373.8	778.889
1376.01	763.778
1378.22	775.778
1380.43	758.444
1382.64	764
1384.85	766.444
1387.06	742.667
1389.27	750.222
1391.48	742.444
1393.68	736
1395.89	736
1398.1	751.778
1400.3	736.222
1402.51	728.667
1404.71	729.333
1406.91	736.222
1409.11	740.667
1411.32	738
1413.52	728.222
1415.72	712
1417.92	715.778
1420.11	731.778
1422.31	724.889
1424.51	717.778
1426.71	742.889
1428.9	760.889
1431.1	745.556
1433.29	736.889
1435.49	761.333
1437.68	760.889
1439.87	769.778
1442.06	756.889
1444.25	758
1446.45	767.333
1448.64	771.556
1450.82	752
1453.01	750.222
1455.2	760.222
1457.39	757.333
1459.57	762
1461.76	762.444
1463.94	768.889
1466.13	764.889
1468.31	792.889
1470.5	774.222
1472.68	795.111
1474.86	776.889
1477.04	785.111
1479.22	778.444
1481.4	784.222
1483.58	805.111
1485.76	788
1487.94	788.667
1490.11	791.556
1492.29	792.667
1494.46	802
1496.64	794
1498.81	807.778
1500.99	802
1503.16	804
1505.33	809.556
1507.5	804.667
1509.67	816.667
1511.84	811.333
1514.01	812
1516.18	827.556
1518.35	811.333
1520.52	828
1522.68	822.222
1524.85	831.111
1527.02	847.111
1529.18	838.222
1531.35	825.333
1533.51	841.778
1535.67	847.556
1537.83	846.444
1539.99	846.444
1542.16	860.444
1544.31	851.778
1546.47	855.778
1548.63	856.667
1550.79	868.222
1552.95	876.667
1555.11	875.556
1557.26	896.444
1559.42	914.667
1561.57	913.556
1563.73	948.444
1565.88	968.222
1568.03	1003.11
1570.18	1053.33
1572.34	1072.44
1574.49	1034.44
1576.64	999.333
1578.79	950.222
1580.93	924
1583.08	911.111
1585.23	903.556
1587.38	897.333
1589.52	885.111
1591.67	891.778
1593.81	883.333
1595.96	855.778
1598.1	856.444
1600.24	849.556
1602.38	840.889
1604.53	826.889
1606.67	818
1608.81	806.222
1610.95	805.556
1613.09	783.778
1615.22	795.778
1617.36	766.889
1619.5	774.222
1621.63	739.778
1623.77	741.556
1625.9	745.778
1628.04	727.778
1630.17	720.222
1632.3	706.222
1634.44	702.444
1636.57	691.555
1638.7	688.444
1640.83	681.333
1642.96	684
1645.09	675.778
1647.22	665.556
1649.34	662
1651.47	668.444
1653.6	664.222
1655.72	649.333
1657.85	667.556
1659.97	644
1662.1	650.222
1664.22	647.111
1666.34	642.222
1668.46	646.444
1670.58	640.444
1672.7	623.778
1674.82	635.111
1676.94	632
1679.06	639.333
1681.18	615.333
1683.3	614.222
1685.41	615.556
1687.53	617.778
1689.64	601.111
1691.76	602
1693.87	606.889
1695.99	592.889
1698.1	591.778
1700.21	601.111
1702.32	593.778
1704.43	593.333
1706.54	594.444
1708.65	587.556
1710.76	592
1712.87	577.778
1714.98	584.667
1717.08	586
1719.19	582.667
1721.29	592.222
1723.4	583.111
1725.5	574.889
1727.61	563.111
1729.71	571.333
1731.81	573.556
1733.91	576.667
1736.02	566.444
1738.12	580.444
1740.22	565.111
1742.31	571.778
1744.41	565.556
1746.51	566.667
1748.61	562.445
1750.7	562.889
1752.8	577.556
1754.9	566.222
1756.99	566.222
1759.08	560.222
1761.18	561.333
1763.27	554.222
1765.36	553.333
1767.45	562.667
1769.54	552.444
1771.63	558.444
1773.72	561.111
1775.81	553.556
1777.9	541.333
1779.99	555.111
1782.08	540.444
1784.16	550.889
1786.25	552.667
1788.33	554.444
1790.42	544.444
1792.5	542.222
1794.58	542.444
1796.67	547.111
1798.75	545.333
1800.83	539.778
1802.91	547.556
1804.99	549.778
1807.07	540.889
1809.15	535.333
1811.23	541.111
1813.3	532.444
1815.38	525.778
1817.46	536.222
1819.53	532.444
1821.61	534.889
1823.68	542.444
1825.75	531.333
1827.83	536
1829.9	539.333
1831.97	526.222
1834.04	520
1836.11	520
1838.18	526.667
1840.25	534
1842.32	535.556
1844.39	533.111
1846.46	528.889
1848.52	523.778
1850.59	529.333
1852.65	518.667
1854.72	527.333
1856.78	520
1858.85	519.111
1860.91	518.667
1862.97	516.444
1865.03	524.667
1867.09	510.444
1869.16	524.889
1871.22	517.556
1873.27	523.778
1875.33	516.222
1877.39	503.333
1879.45	506.889
1881.51	516.667
1883.56	515.111
1885.62	506
1887.67	503.333
1889.73	519.556
1891.78	506.667
1893.83	509.333
1895.89	512
1897.94	510.222
1899.99	510.667
1902.04	524.222
1904.09	522
1906.14	509.778
1908.19	520
1910.23	510.667
1912.28	509.333
1914.33	510.889
1916.37	504.222
1918.42	513.111
1920.46	516.444
1922.51	509.111
1924.55	509.778
1926.6	507.333
1928.64	499.111
1930.68	507.556
1932.72	512.889
1934.76	510.889
1936.8	496.889
1938.84	503.333
1940.88	506
1942.92	504.667
1944.96	502.889
1946.99	500
1949.03	498.444
1951.06	492.667
1953.1	499.111
1955.13	500.222
1957.17	498
1959.2	498
1961.23	500
1963.27	498.667
1965.3	495.778
1967.33	491.333
1969.36	492.889
1971.39	493.556
1973.42	494.444
1975.44	487.778
1977.47	487.778
1979.5	487.556
1981.53	485.556
1983.55	485.778
1985.58	489.111
1987.6	488.444
1989.63	482.444
1991.65	487.111
1993.67	480.444
1995.69	488
1997.72	477.556
1999.74	484.889
2001.76	484
2003.78	486.889
2005.8	482.889
2007.82	486.222
2009.83	482.222
2011.85	485.111
2013.87	484.889
2015.88	481.556
2017.9	480.889
2019.91	483.333
2021.93	488
2023.94	483.778
2025.96	482.222
2027.97	474.667
2029.98	488.222
2031.99	478.889
2034	470
2036.01	477.556
2038.02	480.444
2040.03	468.889
2042.04	478.222
2044.05	478.667
2046.05	482.889
2048.06	474.222
2050.07	490.222
2052.07	475.333
2054.08	466.889
2056.08	469.333
2058.08	466.667
2060.09	467.333
2062.09	470.667
2064.09	471.556
2066.09	475.333
2068.09	466.889
2070.09	461.111
2072.09	469.778
2074.09	472
2076.09	461.556
2078.09	468.222
2080.08	462.222
2082.08	453.778
2084.08	466.222
2086.07	466.889
2088.07	472.222
2090.06	462.444
2092.05	471.778
2094.05	464.667
2096.04	459.111
2098.03	460.222
2100.02	466.667
2102.01	475.778
2104	458.889
2105.99	477.556
2107.98	470.667
2109.97	457.778
2111.95	478.444
2113.94	468.444
2115.93	475.333
2117.91	469.778
2119.9	477.111
2121.88	483.778
2123.87	492.667
2125.85	477.333
2127.83	488
2129.81	494
2131.8	496.444
2133.78	486.222
2135.76	484
2137.74	484.889
2139.72	480.222
2141.69	483.333
2143.67	489.111
2145.65	486
2147.63	477.556
2149.6	479.333
2151.58	470.667
2153.55	474.667
2155.53	474.667
2157.5	475.556
2159.48	473.556
2161.45	471.778
2163.42	486.667
2165.39	481.111
2167.36	482.222
2169.33	473.111
2171.3	474.667
2173.27	481.111
2175.24	471.333
2177.21	474.889
2179.18	478
2181.14	479.111
2183.11	473.333
2185.07	475.778
2187.04	473.556
2189	455.556
2190.97	468
2192.93	458.222
2194.89	458.222
2196.86	459.111
2198.82	447.111
2200.78	451.556
2202.74	447.111
2204.7	446.889
2206.66	444.444
2208.62	435.333
2210.57	438.222
2212.53	434.667
2214.49	442.222
2216.45	434.222
2218.4	428.667
2220.36	433.333
2222.31	431.556
2224.27	438.889
2226.22	418.889
2228.17	426.889
2230.12	438.667
2232.08	430.667
2234.03	436.222
2235.98	429.778
2237.93	423.333
2239.88	417.333
2241.83	425.778
2243.78	415.778
2245.72	421.333
2247.67	424.889
2249.62	417.778
2251.56	420.667
2253.51	417.111
2255.45	422.444
2257.4	411.778
2259.34	414.667
2261.28	411.778
2263.23	411.111
2265.17	408.222
2267.11	415.778
2269.05	412.889
2270.99	410.667
2272.93	416.222
2274.87	411.778
2276.81	408.667
2278.75	411.556
2280.68	406.444
2282.62	406
2284.56	403.556
2286.49	396
2288.43	398.444
2290.36	409.333
2292.3	412.444
2294.23	403.111
2296.16	411.778
2298.09	410.222
2300.03	402.444
2301.96	409.111
2303.89	395.556
2305.82	394.889
2307.75	406.889
2309.68	401.333
2311.6	403.556
2313.53	398.444
2315.46	398.667
2317.39	404.889
2319.31	392.889
2321.24	402.444
2323.16	390
2325.09	396
2327.01	399.333
2328.93	402.444
2330.86	394.667
2332.78	395.556
2334.7	387.111
2336.62	393.333
2338.54	395.333
2340.46	394.222
2342.38	392.444
2344.3	392
2346.22	392.889
2348.14	392.889
2350.05	396.667
2351.97	393.778
2353.89	393.778
2355.8	380.889
2357.71	379.111
2359.63	382.889
2361.54	376.222
2363.46	374
2365.37	389.111
2367.28	382.222
2369.19	384.889
2371.1	377.556
2373.01	380.889
2374.92	383.333
2376.83	377.778
2378.74	380.667
2380.65	370.667
2382.56	376.222
2384.46	380.889
2386.37	379.778
2388.27	380.222
2390.18	376.667
2392.08	380.889
2393.99	372.667
2395.89	376.444
2397.8	370.889
2399.7	371.778
2401.6	379.111
2403.5	377.778
2405.4	372.889
2407.3	369.556
2409.2	369.778
2411.1	372
2413	372.222
2414.9	373.556
2416.8	375.556
2418.69	371.556
2420.59	368.222
2422.48	369.111
2424.38	367.111
2426.28	367.111
2428.17	372
2430.06	368.444
2431.96	373.333
2433.85	371.778
2435.74	370.889
2437.63	371.556
2439.52	360
2441.41	380
2443.3	365.333
2445.19	365.111
2447.08	367.333
