188.706	122.667
191.305	117.778
193.902	114
196.499	110
199.096	111.556
201.69	109.556
204.284	105.556
206.877	103.556
209.47	98.8889
212.062	100.222
214.652	99.7778
217.242	99.5556
219.83	97.7778
222.419	96
225.005	94.6667
227.592	95.1111
230.177	92.2222
232.762	90.2222
235.345	92.4444
237.928	91.1111
240.509	87.1111
243.09	92.6667
245.671	91.7778
248.249	88.6667
250.829	84.4444
253.405	87.3333
255.983	85.3333
258.558	87.1111
261.132	86.4444
263.707	85.5556
266.28	81.1111
268.852	82.2222
271.424	77.5556
273.994	80.6667
276.564	81.3333
279.133	80.6667
281.701	79.1111
284.268	76.6667
286.835	74
289.4	77.5556
291.964	75.5556
294.527	71.5556
297.091	77.1111
299.653	72.2222
302.214	71.1111
304.774	70.8889
307.334	68.8889
309.892	69.5556
312.45	65.1111
315.006	65.1111
317.562	64.6667
320.118	66.2222
322.672	66.4444
325.225	62.4444
327.778	64.2222
330.329	67.3333
332.88	58.8889
335.43	62.6667
337.978	63.1111
340.528	61.7778
343.075	61.1111
345.622	62.6667
348.167	63.3333
350.712	61.3333
353.256	62
355.799	59.7778
358.341	60.6667
360.883	61.3333
363.423	62.4444
365.963	62.4444
368.502	61.5556
371.04	61.3333
373.577	59.5556
376.114	61.3333
378.649	62.4444
381.184	59.5556
383.718	59.3333
386.251	64.4444
388.783	61.7778
391.314	65.1111
393.844	59.1111
396.373	61.5556
398.902	61.5556
401.43	61.5556
403.957	63.3333
406.484	64.8889
409.009	67.7778
411.534	70.6667
414.057	68.2222
416.58	73.5556
419.102	76.2222
421.624	82.8889
424.144	88.2222
426.663	92.2222
429.181	100.444
431.7	108
434.217	112.889
436.732	111.556
439.248	112.889
441.763	108.222
444.277	98
446.788	93.5556
449.301	94
451.812	86.4444
454.322	78.2222
456.831	75.7778
459.341	75.1111
461.847	69.1111
464.355	69.3333
466.861	65.3333
469.366	65.7778
471.871	66.6667
474.374	65.3333
476.877	65.3333
479.378	65.1111
481.88	62.8889
484.381	61.3333
486.879	60.8889
489.379	58.8889
491.876	60.2222
494.373	61.1111
496.869	63.5556
499.365	57.7778
501.858	59.5556
504.353	58.4444
506.845	58.4444
509.338	58.8889
511.828	59.5556
514.319	59.7778
516.808	59.3333
519.296	57.5556
521.785	57.5556
524.272	59.5556
526.759	57.5556
529.244	56.8889
531.728	59.7778
534.212	56
536.695	57.1111
539.178	57.5556
541.659	56
544.139	58.4444
546.619	58
549.098	57.7778
551.575	59.1111
554.052	58.2222
556.529	60.8889
559.005	54.4444
561.479	58.2222
563.953	58
566.427	59.3333
568.899	59.1111
571.37	59.5556
573.84	59.3333
576.311	57.7778
578.78	58.6667
581.248	60
583.715	57.5556
586.181	55.7778
588.647	58.4444
591.113	61.1111
593.577	60
596.04	59.7778
598.503	57.5556
600.964	60.8889
603.425	59.1111
605.885	62
608.344	58.6667
610.803	60.4444
613.26	59.7778
615.718	59.7778
618.174	60.6667
620.63	58
623.084	56.8889
625.538	64.4444
627.99	59.3333
630.443	63.3333
632.894	59.3333
635.344	60.2222
637.792	59.7778
640.241	61.1111
642.689	62
645.137	58.6667
647.583	62.2222
650.029	60.2222
652.474	62
654.918	62.2222
657.361	56.8889
659.804	60.2222
662.246	61.1111
664.685	57.7778
667.125	61.1111
669.565	59.5556
672.003	61.5556
674.441	58.6667
676.877	61.1111
679.313	62.2222
681.749	59.5556
684.183	61.1111
686.617	61.1111
689.049	57.7778
691.481	60.2222
693.913	62
696.342	58.8889
698.772	62
701.201	59.3333
703.63	60.6667
706.056	60.2222
708.483	60.8889
710.909	61.3333
713.333	58
715.758	61.7778
718.18	61.1111
720.603	64.8889
723.025	59.5556
725.445	57.5556
727.866	59.3333
730.284	59.5556
732.703	59.3333
735.122	64.2222
737.538	60.2222
739.955	60.8889
742.369	60.6667
744.784	59.5556
747.197	60
749.611	63.7778
752.023	60.6667
754.435	63.3333
756.845	62.4444
759.255	62.6667
761.664	64.6667
764.071	62.4444
766.48	58.2222
768.886	59.5556
771.292	64
773.697	61.7778
776.102	63.1111
778.505	62
780.907	61.5556
783.31	63.7778
785.711	64.8889
788.111	62.4444
790.511	64.2222
792.91	64.2222
795.308	62.8889
797.706	61.3333
800.102	65.5556
802.497	64.8889
804.892	67.5556
807.287	70
809.68	69.5556
812.072	65.1111
814.464	64.6667
816.855	66.2222
819.246	66.4445
821.635	69.5556
824.024	68.4444
826.412	68.4444
828.799	65.3333
831.186	69.1111
833.572	67.5556
835.956	72.6667
838.34	73.3333
840.723	70.4444
843.106	71.3333
845.487	70.2222
847.868	73.5556
850.248	77.7778
852.628	77.5555
855.006	80.2222
857.384	80.6667
859.761	86.4444
862.138	94.2222
864.513	102.222
866.888	108.667
869.262	126.444
871.636	152
874.008	195.778
876.38	265.333
878.751	383.333
881.121	498.444
883.491	560.444
885.86	512.444
888.228	422.667
890.595	319.778
892.962	226.222
895.327	176.667
897.691	138.444
900.055	122.222
902.419	103.111
904.782	101.778
907.144	90.2222
909.505	86
911.864	82.6667
914.224	84.4444
916.583	78.6667
918.941	73.3333
921.298	71.3333
923.654	74.8889
926.01	71.1111
928.366	73.5556
930.719	70.6667
933.073	71.5556
935.426	71.5556
937.777	68.6667
940.129	68.8889
942.479	70.4445
944.828	68
947.178	68.4444
949.526	70
951.873	70.8889
954.22	68
956.565	66.8889
958.911	68
961.254	74.6667
963.598	70.2222
965.942	72.4445
968.283	73.3333
970.625	73.3333
972.965	74.2222
975.305	77.7778
977.644	72.4444
979.983	73.3333
982.32	73.3333
984.657	74.4444
986.993	76.8889
989.327	79.1111
991.663	79.3333
993.996	86.6667
996.33	85.7778
998.662	90.6667
1000.99	95.3333
1003.32	102.889
1005.65	107.556
1007.98	121.333
1010.31	130.444
1012.64	145.333
1014.97	157.333
1017.29	174
1019.62	199.111
1021.94	227.111
1024.27	274.667
1026.59	313.333
1028.91	371.556
1031.24	417.778
1033.56	445.111
1035.88	466.444
1038.2	448.667
1040.51	442.444
1042.83	417.556
1045.15	368
1047.47	324.889
1049.78	306.444
1052.1	274.889
1054.41	258.889
1056.73	250.222
1059.04	210.222
1061.35	192.444
1063.66	176.444
1065.97	164.889
1068.28	158.889
1070.59	158.444
1072.9	159.556
1075.21	153.333
1077.52	164.444
1079.82	167.556
1082.13	182.889
1084.43	189.778
1086.74	208.444
1089.04	221.778
1091.34	223.556
1093.65	244.222
1095.95	245.333
1098.25	232.222
1100.55	211.111
1102.85	203.556
1105.14	183.778
1107.44	180.222
1109.74	166.222
1112.03	167.778
1114.33	159.556
1116.62	154.667
1118.92	156.222
1121.21	152.889
1123.5	146.222
1125.79	140.889
1128.09	131.111
1130.38	124.222
1132.67	126.667
1134.95	119.333
1137.24	108.889
1139.53	110.222
1141.82	108.444
1144.1	108.667
1146.39	106.222
1148.67	102.889
1150.95	100.667
1153.24	101.111
1155.52	100
1157.8	102.222
1160.08	99.3333
1162.36	102.222
1164.64	101.111
1166.92	94
1169.2	91.7778
1171.47	91.7778
1173.75	88
1176.03	87.3333
1178.3	85.3333
1180.58	85.1111
1182.85	82.2222
1185.12	83.3333
1187.39	85.5556
1189.66	80.4444
1191.94	76.8889
1194.21	77.7778
1196.48	78.6667
1198.74	78.4444
1201.01	77.7778
1203.28	75.7778
1205.54	81.5556
1207.81	76.2222
1210.07	79.7778
1212.34	76
1214.6	77.7778
1216.86	78.8889
1219.13	77.5556
1221.39	78.2222
1223.65	75.7778
1225.91	78.6667
1228.17	79.5556
1230.43	75.7778
1232.68	80.6667
1234.94	81.5556
1237.2	84.6667
1239.45	82.8889
1241.71	83.7778
1243.96	83.1111
1246.22	83.3333
1248.47	86
1250.72	90.2222
1252.97	90.4444
1255.22	88.2222
1257.47	90.6667
1259.72	98.8889
1261.97	100.222
1264.22	109.111
1266.46	110.222
1268.71	115.556
1270.95	126.222
1273.2	131.778
1275.44	138.222
1277.69	142
1279.93	135.778
1282.17	124.667
1284.41	121.556
1286.65	117.778
1288.89	110.889
1291.13	105.556
1293.37	101.333
1295.61	99.1111
1297.85	98.2222
1300.08	92.2222
1302.32	91.3333
1304.55	88.8889
1306.79	94.2222
1309.02	89.3333
1311.26	91.5556
1313.49	96.2222
1315.72	92.6667
1317.95	92.8889
1320.18	92.2222
1322.41	90.6667
1324.64	92
1326.86	91.1111
1329.09	90.4444
1331.32	97.1111
1333.55	92.8889
1335.77	91.1111
1337.99	98.2222
1340.22	94.8889
1342.44	92.6667
1344.66	92.2222
1346.89	96.2222
1349.11	94.8889
1351.33	97.7778
1353.55	102.222
1355.77	104
1357.98	98.6667
1360.2	105.111
1362.42	102.667
1364.63	101.778
1366.85	103.111
1369.06	108.889
1371.28	103.778
1373.49	112
1375.7	109.778
1377.92	115.111
1380.13	116.667
1382.34	120.889
1384.55	118.222
1386.76	124
1388.97	123.556
1391.17	124.222
1393.38	124.444
1395.59	129.333
1397.79	124.889
1400	129.111
1402.2	135.333
1404.41	135.556
1406.61	137.556
1408.81	140.667
1411.01	144.667
1413.21	148.444
1415.41	148.444
1417.61	153.333
1419.81	154.444
1422.01	159.111
1424.21	162.667
1426.4	164.222
1428.6	167.111
1430.8	180.222
1432.99	189.556
1435.18	201.778
1437.38	212
1439.57	225.111
1441.76	248
1443.95	273.778
1446.14	299.556
1448.33	341.556
1450.52	367.111
1452.71	384.444
1454.9	387.556
1457.09	381.778
1459.27	369.556
1461.46	340.222
1463.64	330
1465.83	312.889
1468.01	288.444
1470.2	283.778
1472.38	272
1474.56	269.333
1476.74	263.556
1478.92	255.778
1481.1	250.889
1483.28	243.111
1485.46	239.111
1487.64	234
1489.81	224
1491.99	212.444
1494.16	190.889
1496.34	184.444
1498.51	176.444
1500.69	167.111
1502.86	163.556
1505.03	157.778
1507.21	151.556
1509.38	149.111
1511.55	146
1513.72	143.333
1515.89	140
1518.05	139.556
1520.22	136
1522.39	138.667
1524.55	128
1526.72	127.778
1528.88	128.667
1531.05	124
1533.21	129.111
1535.37	124.222
1537.54	115.556
1539.7	123.111
1541.86	119.556
1544.02	118.444
1546.18	118.222
1548.34	117.333
1550.5	117.778
1552.65	115.111
1554.81	116.222
1556.97	113.333
1559.12	112.667
1561.28	110.444
1563.43	106.444
1565.58	108.222
1567.74	101.333
1569.89	104.889
1572.04	108.222
1574.19	103.333
1576.34	99.5556
1578.49	108
1580.64	100.222
1582.79	98
1584.94	101.333
1587.08	94.8889
1589.23	99.7778
1591.37	100.222
1593.52	98.2222
1595.66	97.5556
1597.81	96
1599.95	95.3333
1602.09	94.4444
1604.23	90.4444
1606.37	94
1608.51	89.7778
1610.65	90.6667
1612.79	91.7778
1614.93	91.7778
1617.07	90.6667
1619.21	91.7778
1621.34	93.5556
1623.48	89.5556
1625.61	90
1627.75	90.6667
1629.88	90
1632.01	87.1111
1634.15	87.7778
1636.28	87.1111
1638.41	84.6667
1640.54	87.7778
1642.67	85.5556
1644.8	86
1646.93	85.5556
1649.05	85.3333
1651.18	83.7778
1653.31	83.1111
1655.43	81.3333
1657.56	85.1111
1659.68	80
1661.81	82.4444
1663.93	83.5556
1666.05	83.5556
1668.17	84.4445
1670.3	80.2222
1672.42	86.4444
1674.54	82.4444
1676.66	80.4444
1678.77	83.3333
1680.89	84.8889
1683.01	83.1111
1685.13	82.8889
1687.24	79.7778
1689.36	84
1691.47	82.2222
1693.59	82
1695.7	83.1111
1697.81	87.7778
1699.92	81.5556
1702.04	83.3333
1704.15	82
1706.26	77.7778
1708.37	81.5556
1710.47	78
1712.58	80.2222
1714.69	83.7778
1716.8	85.7778
1718.9	80.8889
1721.01	82.2222
1723.11	82.4444
1725.22	77.1111
1727.32	80.8889
1729.42	78.6667
1731.53	81.1111
1733.63	77.3333
1735.73	80.4444
1737.83	80.6667
1739.93	80.4444
1742.03	80.2222
1744.13	80.4444
1746.23	82
1748.32	79.1111
1750.42	80.2222
1752.52	82.2222
1754.61	83.3333
1756.71	82.6667
1758.8	80.2222
1760.89	79.7778
1762.99	78.8889
1765.08	81.5556
1767.17	74.4444
1769.26	82.8889
1771.35	80
1773.44	79.5556
1775.53	80.4444
1777.62	79.7778
1779.71	74.8889
1781.79	81.3333
1783.88	78.6667
1785.96	80.2222
1788.05	79.5556
1790.13	78.6667
1792.22	77.3333
1794.3	80.2222
1796.38	79.3333
1798.47	83.5556
1800.55	80.6667
1802.63	79.3333
1804.71	81.5556
1806.79	77.7778
1808.87	83.3333
1810.95	80.4444
1813.02	83.5556
1815.1	81.7778
1817.18	80.2222
1819.25	78.6667
1821.33	84.4444
1823.4	80.6667
1825.47	82.2222
1827.55	78
1829.62	80.4444
1831.69	81.3333
1833.76	83.1111
1835.83	81.7778
1837.9	81.3333
1839.97	84.4444
1842.04	82.2222
1844.11	81.1111
1846.18	81.1111
1848.24	81.7778
1850.31	80.2222
1852.38	77.7778
1854.44	80.4445
1856.51	80.8889
1858.57	80.6667
1860.63	80.2222
1862.69	82.6667
1864.76	81.1111
1866.82	84.2222
1868.88	80
1870.94	78
1873	78
1875.06	79.3333
1877.11	81.3333
1879.17	80.2222
1881.23	78.2222
1883.28	81.7778
1885.34	82.4444
1887.4	81.7778
1889.45	82.6667
1891.5	79.3333
1893.56	83.7778
1895.61	81.7778
1897.66	82.4444
1899.71	81.5556
1901.76	84
1903.81	82
1905.86	80.4444
1907.91	84
1909.96	83.1111
1912.01	80.4444
1914.05	78.2222
1916.1	80.8889
1918.15	84
1920.19	83.5556
1922.23	85.1111
1924.28	82.6667
1926.32	85.5556
1928.36	82
1930.41	86
1932.45	81.1111
1934.49	82
1936.53	85.7778
1938.57	82.8889
1940.61	83.5556
1942.64	82.6667
1944.68	83.5556
1946.72	79.7778
1948.76	82.6667
1950.79	82.8889
1952.83	84
1954.86	85.1111
1956.89	83.5555
1958.93	87.3333
1960.96	84.4444
1962.99	82.6667
1965.03	83.1111
1967.06	83.5556
1969.09	82.6667
1971.12	80.8889
1973.14	85.7778
1975.17	84.6667
1977.2	82.6667
1979.23	80.2222
1981.25	84.4444
1983.28	84.2222
1985.31	79.1111
1987.33	81.3333
1989.36	80
1991.38	80.2222
1993.4	81.3333
1995.42	83.7778
1997.45	83.3333
1999.47	83.5556
2001.49	78.6667
2003.51	82
2005.53	83.1111
2007.55	83.1111
2009.56	81.1111
2011.58	81.5556
2013.6	82.4444
2015.61	79.7778
2017.63	85.7778
2019.65	84
2021.66	87.5556
2023.67	84
2025.69	82.8889
2027.7	86.6667
2029.71	86.2222
2031.72	82.8889
2033.73	82
2035.74	86.2222
2037.75	84.4444
2039.76	82.6667
2041.77	86.2222
2043.78	86
2045.79	86.8889
2047.79	85.3333
2049.8	84
2051.8	90
2053.81	83.7778
2055.81	86
2057.82	84.4444
2059.82	88
2061.82	86.2222
2063.82	87.7778
2065.83	85.3333
2067.83	86.6667
2069.83	88
2071.83	84
2073.82	86
2075.82	86.4445
2077.82	85.3333
2079.82	89.3333
2081.81	84
2083.81	88.2222
2085.8	83.3333
2087.8	88.2222
2089.79	82.8889
2091.79	87.7778
2093.78	91.7778
2095.77	87.3333
2097.76	84.6667
2099.76	86
2101.75	88.6667
2103.74	84.8889
2105.72	85.7778
2107.71	84.8889
2109.7	84
2111.69	86
2113.68	85.7778
2115.66	85.7778
2117.65	88
2119.63	87.7778
2121.62	89.1111
2123.6	88
2125.59	85.7778
2127.57	84.4444
2129.55	87.3333
2131.53	87.7778
2133.51	88.4444
2135.49	90.4444
2137.47	83.5556
2139.45	88.4444
2141.43	86
2143.41	86.4444
2145.39	86.4444
2147.36	90.4444
2149.34	89.3333
2151.32	89.5556
2153.29	89.7778
2155.27	86.4444
2157.24	83.1111
2159.21	89.5556
2161.19	90.4444
2163.16	86.8889
2165.13	85.7778
2167.1	90.2222
2169.07	88.2222
2171.04	88.4445
2173.01	86.6667
2174.98	89.1111
2176.95	87.5556
2178.92	88.8889
2180.88	87.3333
2182.85	85.5556
2184.81	88.8889
2186.78	87.3333
2188.74	87.3333
2190.71	92.2222
2192.67	87.5556
2194.63	92.4444
2196.6	88
2198.56	93.1111
2200.52	86.8889
2202.48	87.5556
2204.44	87.1111
2206.4	88.4444
2208.36	89.7778
2210.32	89.1111
2212.28	88.6667
2214.23	92
2216.19	90.2222
2218.14	85.1111
2220.1	89.5555
2222.05	83.3333
2224.01	88.6667
2225.96	93.7778
2227.91	91.7778
2229.87	89.7778
2231.82	88
2233.77	91.5556
2235.72	93.3333
2237.67	93.7778
2239.62	92.2222
2241.57	91.7778
2243.52	90.8889
2245.47	88.4444
2247.41	90.2222
2249.36	91.1111
2251.31	93.1111
2253.25	92.4445
2255.2	91.7778
2257.14	93.3333
2259.09	92.8889
2261.03	96
2262.97	94.8889
2264.91	92
2266.85	89.7778
2268.8	91.3333
2270.74	96.4444
2272.68	92.6667
2274.61	90
2276.55	95.1111
2278.49	94
2280.43	92.6667
2282.37	92.2222
2284.3	94.8889
2286.24	91.3333
2288.17	91.1111
2290.11	91.7778
2292.04	88.6667
2293.98	91.7778
2295.91	94.6667
2297.84	88.6667
2299.77	85.5556
2301.7	95.3333
2303.64	94.8889
2305.56	96.8889
2307.49	91.5556
2309.42	92.8889
2311.35	94.8889
2313.28	94.4444
2315.21	93.5556
2317.13	92.2222
2319.06	94.2222
2320.99	92.2222
2322.91	95.7778
2324.84	95.5555
2326.76	91.7778
2328.68	91.7778
2330.6	90.4444
2332.53	94
2334.45	92.4444
2336.37	90.4444
2338.29	89.1111
2340.21	92.4444
2342.13	89.7778
2344.05	95.3333
2345.97	93.7778
2347.89	93.5556
2349.8	90.2222
2351.72	88.2222
2353.63	92.8889
2355.55	95.3333
2357.47	87.1111
2359.38	92.2222
2361.29	90.4444
2363.21	92.4444
2365.12	91.3333
2367.03	92.8889
2368.94	91.1111
2370.85	87.7778
2372.76	90.2222
2374.67	91.5556
2376.58	88
2378.49	95.1111
2380.4	92
2382.31	92.4444
2384.21	91.3333
2386.12	92
2388.03	93.7778
2389.93	95.3333
2391.84	88.6667
2393.74	92.2222
2395.64	90.8889
2397.55	96.2222
2399.45	93.5556
2401.35	93.7778
2403.25	92.4445
2405.15	93.7778
2407.05	92
2408.95	94.4445
2410.85	90.8889
2412.75	97.1111
2414.65	93.1111
2416.55	90.8889
2418.45	95.1111
2420.34	93.1111
2422.24	92.2222
2424.13	91.3333
2426.03	94.6667
2427.92	93.3333
2429.82	95.3333
2431.71	98.2222
2433.6	100
2435.49	96.4444
2437.39	95.1111
2439.28	99.1111
2441.17	97.7778
2443.06	93.5556
2444.95	92.2222
2446.83	97.1111
2448.72	96.2222
2450.61	95.5556
2452.5	96.4444
2454.39	96.6667
