182.393	986
184.993	978
187.593	956
190.193	946
192.79	936
195.387	898
197.983	924
200.578	946
203.174	926
205.766	888
208.36	922
210.951	926
213.542	934
216.131	958
218.721	1018
221.309	946
223.897	990
226.483	1032
229.069	1006
231.654	1028
234.238	1066
236.821	1054
239.404	1032
241.984	960
244.566	854
247.145	760
249.723	642
252.302	588
254.878	514
257.455	444
260.03	450
262.604	398
265.178	394
267.75	376
270.322	396
272.893	360
275.463	358
278.032	370
280.601	330
283.168	344
285.734	342
288.301	366
290.866	378
293.429	400
295.992	422
298.556	446
301.117	418
303.677	400
306.236	366
308.795	370
311.354	344
313.911	346
316.467	326
319.022	346
321.577	344
324.13	336
326.684	334
329.236	338
331.787	346
334.337	352
336.887	362
339.435	358
341.983	360
344.529	344
347.075	334
349.621	354
352.165	322
354.708	348
357.251	316
359.793	344
362.334	312
364.874	318
367.413	302
369.951	318
372.489	298
375.026	312
377.562	310
380.097	316
382.631	278
385.164	324
387.697	304
390.229	302
392.76	312
395.29	334
397.819	334
400.346	342
402.873	354
405.4	332
407.926	386
410.451	380
412.976	386
415.499	370
418.02	366
420.542	358
423.063	324
425.583	318
428.101	296
430.619	282
433.137	290
435.654	264
438.169	244
440.684	246
443.198	246
445.712	248
448.223	250
450.735	240
453.246	228
455.755	226
458.264	236
460.771	234
463.279	232
465.786	242
468.291	258
470.796	240
473.301	256
475.803	272
478.306	314
480.807	306
483.308	316
485.807	342
488.307	328
490.804	328
493.302	272
495.798	248
498.294	262
500.788	226
503.283	232
505.775	252
508.269	246
510.759	260
513.251	264
515.74	308
518.23	280
520.718	270
523.204	272
525.692	274
528.177	278
530.663	330
533.147	384
535.629	418
538.113	476
540.594	480
543.074	496
545.555	454
548.034	406
550.512	348
552.989	360
555.467	330
557.942	346
560.417	378
562.892	450
565.365	630
567.838	926
570.309	1308
572.78	1560
575.251	1326
577.72	910
580.189	604
582.656	454
585.123	402
587.589	388
590.055	368
592.52	384
594.983	364
597.446	366
599.908	316
602.369	298
604.829	310
607.289	326
609.747	366
612.205	324
614.663	356
617.119	422
619.574	642
622.029	918
624.483	796
626.936	506
629.389	356
631.84	330
634.291	326
636.741	304
639.19	296
641.639	268
644.086	262
646.533	256
648.979	268
651.424	240
653.869	232
656.313	220
658.754	222
661.196	204
663.638	220
666.078	196
668.518	212
670.957	212
673.394	200
675.831	198
678.268	220
680.703	208
683.137	220
685.571	204
688.005	212
690.437	228
692.868	224
695.299	226
697.729	232
700.159	216
702.586	246
705.014	234
707.441	228
709.866	246
712.292	242
714.716	270
717.14	268
719.563	248
721.984	292
724.406	308
726.825	330
729.246	296
731.665	286
734.082	302
736.5	298
738.916	348
741.332	368
743.746	378
746.161	398
748.574	434
750.987	434
753.398	430
755.81	476
758.219	446
760.629	456
763.037	450
765.445	416
767.852	446
770.258	402
772.664	388
775.068	414
777.472	410
779.876	418
782.278	438
784.679	448
787.08	490
789.48	556
791.879	578
794.278	576
796.675	606
799.072	572
801.467	524
803.864	464
806.258	416
808.651	364
811.044	386
813.437	382
815.828	338
818.218	338
820.608	306
822.997	298
825.385	290
827.773	336
830.16	406
832.546	518
834.931	660
837.315	594
839.699	454
842.081	424
844.463	404
846.844	386
849.226	358
851.606	342
853.985	324
856.363	320
858.741	336
861.117	334
863.493	318
865.868	306
868.243	316
870.616	332
872.989	296
875.36	294
877.731	296
880.102	302
882.472	288
884.841	290
887.209	280
889.577	286
891.944	296
894.31	280
896.674	292
899.039	300
901.403	292
903.766	342
906.128	352
908.49	332
910.849	312
913.209	320
915.569	300
917.927	294
920.284	284
922.641	260
924.997	258
927.353	278
929.707	270
932.061	254
934.414	274
936.765	280
939.117	274
941.469	284
943.818	278
946.167	326
948.515	324
950.863	334
953.211	400
955.556	442
957.902	498
960.246	584
962.59	582
964.933	534
967.276	492
969.617	452
971.958	418
974.298	408
976.638	428
978.976	410
981.314	468
983.651	510
985.988	616
988.323	794
990.659	1252
992.992	1884
995.325	1848
997.658	2102
999.99	3482
1002.32	5118
1004.65	4358
1006.98	2292
1009.31	1118
1011.64	660
1013.97	506
1016.29	440
1018.62	416
1020.94	454
1023.27	544
1025.59	776
1027.91	1016
1030.24	1358
1032.56	1492
1034.88	1406
1037.2	1084
1039.52	800
1041.84	572
1044.15	496
1046.47	424
1048.79	416
1051.1	368
1053.42	374
1055.73	358
1058.04	382
1060.36	384
1062.67	378
1064.98	408
1067.29	414
1069.6	396
1071.91	398
1074.22	408
1076.52	410
1078.83	376
1081.14	400
1083.44	374
1085.75	400
1088.05	388
1090.35	400
1092.65	364
1094.95	382
1097.26	380
1099.56	402
1101.86	412
1104.15	392
1106.45	432
1108.75	444
1111.05	550
1113.34	538
1115.64	502
1117.93	420
1120.22	364
1122.52	328
1124.81	314
1127.1	310
1129.39	298
1131.68	284
1133.97	290
1136.26	278
1138.54	298
1140.83	334
1143.12	304
1145.4	352
1147.69	380
1149.97	446
1152.25	554
1154.54	728
1156.82	792
1159.1	714
1161.38	560
1163.66	510
1165.94	450
1168.22	442
1170.49	464
1172.77	512
1175.05	584
1177.32	676
1179.6	882
1181.87	1036
1184.14	1030
1186.42	980
1188.69	964
1190.96	950
1193.23	984
1195.5	996
1197.77	1050
1200.03	1000
1202.3	996
1204.57	912
1206.83	830
1209.1	720
1211.36	632
1213.63	522
1215.89	504
1218.15	438
1220.41	422
1222.67	404
1224.93	404
1227.19	422
1229.45	428
1231.71	394
1233.97	368
1236.22	340
1238.48	372
1240.73	334
1242.99	344
1245.24	330
1247.5	304
1249.75	330
1252	330
1254.25	306
1256.5	320
1258.75	320
1261	318
1263.25	304
1265.49	330
1267.74	318
1269.99	312
1272.23	320
1274.48	324
1276.72	316
1278.96	334
1281.21	342
1283.45	358
1285.69	366
1287.93	366
1290.17	382
1292.41	400
1294.64	432
1296.88	492
1299.12	604
1301.36	742
1303.59	924
1305.82	1034
1308.06	994
1310.29	768
1312.52	656
1314.76	578
1316.99	522
1319.22	506
1321.45	502
1323.68	528
1325.9	532
1328.13	524
1330.36	490
1332.58	514
1334.81	482
1337.04	434
1339.26	404
1341.48	368
1343.71	420
1345.93	372
1348.15	386
1350.37	388
1352.59	380
1354.81	366
1357.03	366
1359.24	348
1361.46	328
1363.68	364
1365.89	350
1368.11	350
1370.32	378
1372.54	406
1374.75	466
1376.96	538
1379.17	604
1381.38	646
1383.59	602
1385.8	480
1388.01	386
1390.22	334
1392.43	292
1394.63	264
1396.84	266
1399.05	272
1401.25	268
1403.45	284
1405.66	262
1407.86	278
1410.06	276
1412.26	268
1414.46	268
1416.66	276
1418.86	288
1421.06	296
1423.26	314
1425.46	322
1427.65	308
1429.85	332
1432.04	316
1434.24	364
1436.43	406
1438.62	412
1440.82	468
1443.01	500
1445.2	502
1447.39	522
1449.58	552
1451.77	508
1453.95	542
1456.14	512
1458.33	408
1460.52	372
1462.7	344
1464.89	314
1467.07	296
1469.25	288
1471.44	278
1473.62	294
1475.8	294
1477.98	278
1480.16	294
1482.34	290
1484.52	274
1486.7	276
1488.87	248
1491.05	268
1493.23	272
1495.4	286
1497.58	274
1499.75	258
1501.92	256
1504.1	268
1506.27	250
1508.44	238
1510.61	250
1512.78	236
1514.95	252
1517.12	244
1519.28	240
1521.45	236
1523.62	222
1525.78	250
1527.95	258
1530.11	216
1532.28	258
1534.44	236
1536.6	248
1538.76	266
1540.93	256
1543.09	258
1545.25	244
1547.41	256
1549.56	238
1551.72	258
1553.88	274
1556.03	268
1558.19	276
1560.35	272
1562.5	268
1564.65	278
1566.81	288
1568.96	284
1571.11	336
1573.26	356
1575.41	368
1577.56	446
1579.71	530
1581.86	704
1584.01	872
1586.15	820
1588.3	700
1590.45	608
1592.59	696
1594.74	802
1596.88	980
1599.02	1336
1601.17	1636
1603.31	1808
1605.45	1666
1607.59	1330
1609.73	978
1611.87	752
1614.01	608
1616.14	548
1618.28	436
1620.42	436
1622.55	366
1624.69	342
1626.82	312
1628.96	300
1631.09	296
1633.22	294
1635.36	278
1637.49	248
1639.62	282
1641.75	270
1643.88	262
1646	290
1648.13	280
1650.26	266
1652.39	260
1654.51	250
1656.64	260
1658.76	254
1660.89	228
1663.01	240
1665.13	228
1667.26	234
1669.38	210
1671.5	226
1673.62	232
1675.74	234
1677.86	220
1679.97	218
1682.09	234
1684.21	248
1686.33	236
1688.44	208
1690.56	232
1692.67	216
1694.78	224
1696.9	216
1699.01	238
1701.12	226
1703.23	230
1705.34	226
1707.45	216
1709.56	224
1711.67	224
1713.78	222
1715.88	236
1717.99	234
1720.1	212
1722.2	216
1724.31	208
1726.41	212
1728.51	196
1730.62	216
1732.72	214
1734.82	208
1736.92	206
1739.02	212
1741.12	200
1743.22	206
1745.32	198
1747.42	188
1749.51	194
1751.61	214
1753.7	198
1755.8	200
1757.89	210
1759.99	216
1762.08	214
1764.17	192
1766.26	212
1768.36	214
1770.45	228
1772.54	194
1774.62	214
1776.71	194
1778.8	200
1780.89	200
1782.98	204
1785.06	206
1787.15	194
1789.23	216
1791.32	220
1793.4	198
1795.48	212
1797.56	186
1799.65	202
1801.73	210
1803.81	210
1805.89	222
1807.97	218
1810.04	206
1812.12	206
1814.2	204
1816.28	194
1818.35	208
1820.43	216
1822.5	184
1824.58	210
1826.65	212
1828.72	204
1830.79	198
1832.86	202
1834.94	202
1837.01	208
1839.08	222
1841.15	198
1843.21	210
1845.28	208
1847.35	184
1849.41	198
1851.48	206
1853.55	204
1855.61	196
1857.67	200
1859.74	208
1861.8	200
1863.86	194
1865.92	180
1867.98	186
1870.05	200
1872.1	204
1874.16	216
1876.22	192
1878.28	192
1880.34	198
1882.39	190
1884.45	206
1886.5	180
1888.56	190
1890.61	198
1892.67	202
1894.72	198
1896.77	204
1898.82	192
1900.87	204
1902.92	204
1904.97	216
1907.02	212
1909.07	186
1911.12	214
1913.17	196
1915.21	200
1917.26	190
1919.3	204
1921.35	204
1923.39	190
1925.43	200
1927.48	196
1929.52	206
1931.56	212
1933.6	210
1935.64	202
1937.68	198
1939.72	200
1941.76	190
1943.8	182
1945.83	198
1947.87	200
1949.91	194
1951.94	184
1953.98	176
1956.01	200
1958.05	190
1960.08	214
1962.11	202
1964.14	208
1966.17	206
1968.2	202
1970.23	198
1972.26	190
1974.29	180
1976.32	184
1978.35	198
1980.37	196
1982.4	174
1984.43	182
1986.45	188
1988.48	196
1990.5	184
1992.52	202
1994.55	196
1996.57	174
1998.59	204
2000.61	188
2002.63	200
2004.65	188
2006.67	206
2008.69	184
2010.7	198
2012.72	178
2014.74	198
2016.75	184
2018.77	194
2020.78	176
2022.8	208
2024.81	188
2026.83	200
2028.84	198
2030.85	182
2032.86	182
2034.87	194
2036.88	182
2038.89	190
2040.9	184
2042.91	190
2044.91	186
2046.92	184
2048.93	178
2050.93	204
2052.94	184
2054.94	206
2056.95	190
2058.95	196
2060.95	194
2062.95	186
2064.96	196
2066.96	192
2068.96	194
2070.96	182
2072.96	180
2074.95	196
2076.95	186
2078.95	194
2080.95	200
2082.94	186
2084.94	176
2086.93	196
2088.93	174
2090.92	188
2092.91	190
2094.91	184
2096.9	194
2098.89	182
2100.88	196
2102.87	190
2104.86	196
2106.85	180
2108.84	180
2110.83	170
2112.81	200
2114.8	184
2116.78	192
2118.77	180
2120.75	178
2122.74	202
2124.72	180
2126.71	170
2128.69	176
2130.67	196
2132.65	172
2134.63	186
2136.61	190
2138.59	192
2140.57	188
2142.55	190
2144.53	170
2146.5	190
2148.48	178
2150.46	188
2152.43	174
2154.41	192
2156.38	194
2158.35	190
2160.33	182
2162.3	166
2164.27	180
2166.24	176
2168.21	182
2170.18	172
2172.15	180
2174.12	198
2176.09	170
2178.06	186
2180.03	188
2181.99	178
2183.96	178
2185.92	196
2187.89	182
2189.85	200
2191.82	200
2193.78	192
2195.74	186
2197.7	180
2199.67	184
2201.63	184
2203.59	182
2205.55	186
2207.51	172
2209.46	180
2211.42	186
2213.38	166
2215.34	182
2217.29	182
2219.25	174
2221.2	174
2223.16	186
2225.11	188
2227.06	188
2229.02	180
2230.97	172
2232.92	170
2234.87	170
2236.82	190
2238.77	184
2240.72	170
2242.67	184
2244.62	170
2246.57	156
2248.51	190
2250.46	180
2252.4	174
2254.35	178
2256.29	184
2258.24	176
2260.18	170
2262.13	186
2264.07	168
2266.01	178
2267.95	188
2269.89	190
2271.83	164
2273.77	186
2275.71	184
2277.65	178
2279.58	176
2281.52	194
2283.46	170
2285.4	166
2287.33	178
2289.27	186
2291.2	186
2293.13	174
2295.07	172
2297	182
2298.93	176
2300.86	180
2302.79	178
2304.72	192
2306.65	178
2308.58	192
2310.51	182
2312.44	174
2314.37	196
2316.29	172
2318.22	176
2320.15	176
2322.07	178
2324	180
2325.92	160
2327.84	174
2329.77	192
2331.69	176
2333.61	172
2335.53	172
2337.45	178
2339.37	178
2341.29	180
2343.21	190
2345.13	174
2347.05	172
2348.97	172
2350.88	174
2352.8	170
2354.71	168
2356.63	172
2358.54	188
2360.46	158
2362.37	176
2364.28	178
2366.2	178
2368.11	174
2370.02	172
2371.93	164
2373.84	178
2375.75	162
2377.66	180
2379.57	188
2381.47	174
2383.38	150
2385.29	176
2387.2	172
2389.1	172
2391.01	180
2392.91	186
2394.81	172
2396.72	182
2398.62	176
2400.52	178
2402.42	170
2404.33	180
2406.23	182
2408.13	176
2410.03	176
2411.92	170
2413.82	172
2415.72	172
2417.62	158
2419.51	166
2421.41	176
2423.31	160
2425.2	180
2427.1	176
2428.99	182
2430.88	180
2432.78	172
2434.67	182
2436.56	174
2438.45	160
2440.34	180
2442.23	176
2444.12	172
2446.01	162
2447.9	174
2449.79	182
