182.393	990
184.993	968
187.593	970
190.193	962
192.79	906
195.387	940
197.983	886
200.578	888
203.174	922
205.766	932
208.36	912
210.951	952
213.542	948
216.131	960
218.721	972
221.309	964
223.897	996
226.483	982
229.069	970
231.654	1020
234.238	1030
236.821	1032
239.404	1002
241.984	918
244.566	846
247.145	720
249.723	648
252.302	578
254.878	482
257.455	462
260.03	422
262.604	426
265.178	382
267.75	378
270.322	390
272.893	390
275.463	382
278.032	342
280.601	360
283.168	362
285.734	354
288.301	364
290.866	382
293.429	394
295.992	414
298.556	408
301.117	408
303.677	366
306.236	362
308.795	336
311.354	338
313.911	356
316.467	356
319.022	332
321.577	370
324.13	344
326.684	328
329.236	348
331.787	358
334.337	334
336.887	330
339.435	332
341.983	330
344.529	322
347.075	298
349.621	308
352.165	320
354.708	308
357.251	304
359.793	316
362.334	312
364.874	300
367.413	286
369.951	286
372.489	314
375.026	318
377.562	282
380.097	294
382.631	280
385.164	294
387.697	294
390.229	302
392.76	292
395.29	308
397.819	312
400.346	302
402.873	352
405.4	352
407.926	340
410.451	366
412.976	380
415.499	352
418.02	354
420.542	326
423.063	328
425.583	290
428.101	284
430.619	272
433.137	272
435.654	270
438.169	238
440.684	260
443.198	250
445.712	248
448.223	244
450.735	230
453.246	224
455.755	206
458.264	216
460.771	232
463.279	222
465.786	236
468.291	244
470.796	240
473.301	280
475.803	262
478.306	286
480.807	326
483.308	292
485.807	340
488.307	324
490.804	306
493.302	256
495.798	242
498.294	254
500.788	234
503.283	238
505.775	236
508.269	250
510.759	268
513.251	292
515.74	296
518.23	282
520.718	278
523.204	262
525.692	284
528.177	282
530.663	298
533.147	376
535.629	414
538.113	476
540.594	476
543.074	478
545.555	448
548.034	412
550.512	344
552.989	352
555.467	344
557.942	362
560.417	382
562.892	448
565.365	622
567.838	930
570.309	1298
572.78	1556
575.251	1322
577.72	892
580.189	602
582.656	470
585.123	396
587.589	374
590.055	372
592.52	370
594.983	350
597.446	354
599.908	306
602.369	296
604.829	310
607.289	318
609.747	340
612.205	320
614.663	336
617.119	428
619.574	628
622.029	888
624.483	780
626.936	476
629.389	354
631.84	298
634.291	294
636.741	290
639.19	274
641.639	272
644.086	266
646.533	256
648.979	252
651.424	218
653.869	224
656.313	204
658.754	216
661.196	200
663.638	212
666.078	192
668.518	198
670.957	208
673.394	192
675.831	200
678.268	196
680.703	198
683.137	204
685.571	206
688.005	190
690.437	204
692.868	222
695.299	214
697.729	242
700.159	234
702.586	238
705.014	244
707.441	224
709.866	244
712.292	248
714.716	252
717.14	250
719.563	248
721.984	274
724.406	288
726.825	316
729.246	308
731.665	284
734.082	278
736.5	310
738.916	356
741.332	336
743.746	372
746.161	382
748.574	406
750.987	412
753.398	452
755.81	432
758.219	440
760.629	454
763.037	440
765.445	432
767.852	406
770.258	388
772.664	402
775.068	398
777.472	394
779.876	396
782.278	412
784.679	446
787.08	478
789.48	504
791.879	544
794.278	576
796.675	598
799.072	548
801.467	536
803.864	450
806.258	418
808.651	388
811.044	366
813.437	346
815.828	304
818.218	318
820.608	286
822.997	284
825.385	336
827.773	344
830.16	412
832.546	548
834.931	698
837.315	594
839.699	458
842.081	404
844.463	374
846.844	366
849.226	362
851.606	330
853.985	314
856.363	304
858.741	340
861.117	312
863.493	308
865.868	314
868.243	304
870.616	306
872.989	304
875.36	292
877.731	296
880.102	288
882.472	270
884.841	298
887.209	274
889.577	264
891.944	284
894.31	274
896.674	282
899.039	300
901.403	316
903.766	310
906.128	336
908.49	344
910.849	334
913.209	292
915.569	284
917.927	268
920.284	258
922.641	262
924.997	234
927.353	262
929.707	280
932.061	262
934.414	264
936.765	266
939.117	270
941.469	272
943.818	282
946.167	304
948.515	306
950.863	320
953.211	406
955.556	412
957.902	536
960.246	538
962.59	568
964.933	520
967.276	462
969.617	446
971.958	432
974.298	396
976.638	386
978.976	390
981.314	460
983.651	496
985.988	568
988.323	708
990.659	1140
992.992	1716
995.325	1804
997.658	1968
999.99	3452
1002.32	4926
1004.65	4212
1006.98	2186
1009.31	1050
1011.64	608
1013.97	478
1016.29	416
1018.62	420
1020.94	464
1023.27	556
1025.59	690
1027.91	996
1030.24	1304
1032.56	1546
1034.88	1382
1037.2	998
1039.52	740
1041.84	532
1044.15	496
1046.47	410
1048.79	378
1051.1	366
1053.42	374
1055.73	352
1058.04	354
1060.36	356
1062.67	356
1064.98	360
1067.29	364
1069.6	374
1071.91	386
1074.22	362
1076.52	352
1078.83	376
1081.14	388
1083.44	356
1085.75	348
1088.05	362
1090.35	370
1092.65	356
1094.95	378
1097.26	350
1099.56	380
1101.86	372
1104.15	358
1106.45	358
1108.75	452
1111.05	520
1113.34	556
1115.64	500
1117.93	390
1120.22	354
1122.52	310
1124.81	280
1127.1	290
1129.39	278
1131.68	256
1133.97	272
1136.26	280
1138.54	266
1140.83	280
1143.12	316
1145.4	360
1147.69	320
1149.97	426
1152.25	530
1154.54	680
1156.82	724
1159.1	696
1161.38	552
1163.66	486
1165.94	444
1168.22	428
1170.49	454
1172.77	476
1175.05	550
1177.32	642
1179.6	820
1181.87	986
1184.14	978
1186.42	982
1188.69	916
1190.96	878
1193.23	906
1195.5	942
1197.77	966
1200.03	998
1202.3	910
1204.57	874
1206.83	758
1209.1	706
1211.36	586
1213.63	496
1215.89	452
1218.15	442
1220.41	402
1222.67	386
1224.93	384
1227.19	392
1229.45	394
1231.71	368
1233.97	346
1236.22	332
1238.48	326
1240.73	300
1242.99	292
1245.24	310
1247.5	308
1249.75	296
1252	292
1254.25	310
1256.5	308
1258.75	290
1261	286
1263.25	312
1265.49	282
1267.74	296
1269.99	304
1272.23	294
1274.48	284
1276.72	302
1278.96	318
1281.21	322
1283.45	324
1285.69	332
1287.93	344
1290.17	398
1292.41	390
1294.64	422
1296.88	490
1299.12	560
1301.36	706
1303.59	932
1305.82	1038
1308.06	972
1310.29	808
1312.52	610
1314.76	552
1316.99	514
1319.22	478
1321.45	488
1323.68	486
1325.9	508
1328.13	514
1330.36	494
1332.58	484
1334.81	472
1337.04	416
1339.26	378
1341.48	392
1343.71	358
1345.93	352
1348.15	360
1350.37	366
1352.59	352
1354.81	348
1357.03	330
1359.24	314
1361.46	330
1363.68	310
1365.89	332
1368.11	350
1370.32	354
1372.54	380
1374.75	462
1376.96	520
1379.17	606
1381.38	612
1383.59	570
1385.8	462
1388.01	356
1390.22	312
1392.43	268
1394.63	262
1396.84	258
1399.05	264
1401.25	268
1403.45	244
1405.66	232
1407.86	258
1410.06	250
1412.26	250
1414.46	242
1416.66	256
1418.86	258
1421.06	282
1423.26	262
1425.46	276
1427.65	304
1429.85	294
1432.04	324
1434.24	348
1436.43	390
1438.62	398
1440.82	454
1443.01	474
1445.2	494
1447.39	534
1449.58	550
1451.77	532
1453.95	506
1456.14	472
1458.33	398
1460.52	344
1462.7	342
1464.89	296
1467.07	288
1469.25	276
1471.44	264
1473.62	272
1475.8	256
1477.98	272
1480.16	260
1482.34	238
1484.52	258
1486.7	240
1488.87	248
1491.05	248
1493.23	256
1495.4	266
1497.58	246
1499.75	242
1501.92	242
1504.1	224
1506.27	246
1508.44	236
1510.61	234
1512.78	216
1514.95	210
1517.12	212
1519.28	224
1521.45	238
1523.62	226
1525.78	224
1527.95	224
1530.11	244
1532.28	242
1534.44	208
1536.6	234
1538.76	228
1540.93	234
1543.09	234
1545.25	232
1547.41	230
1549.56	240
1551.72	250
1553.88	242
1556.03	234
1558.19	232
1560.35	270
1562.5	256
1564.65	280
1566.81	256
1568.96	278
1571.11	296
1573.26	308
1575.41	362
1577.56	428
1579.71	526
1581.86	688
1584.01	828
1586.15	804
1588.3	656
1590.45	658
1592.59	672
1594.74	770
1596.88	992
1599.02	1280
1601.17	1594
1603.31	1722
1605.45	1642
1607.59	1280
1609.73	990
1611.87	770
1614.01	602
1616.14	498
1618.28	422
1620.42	398
1622.55	342
1624.69	334
1626.82	310
1628.96	288
1631.09	272
1633.22	258
1635.36	252
1637.49	264
1639.62	240
1641.75	254
1643.88	254
1646	268
1648.13	236
1650.26	270
1652.39	246
1654.51	232
1656.64	224
1658.76	224
1660.89	210
1663.01	210
1665.13	210
1667.26	204
1669.38	208
1671.5	208
1673.62	202
1675.74	204
1677.86	210
1679.97	204
1682.09	192
1684.21	210
1686.33	226
1688.44	224
1690.56	218
1692.67	218
1694.78	210
1696.9	224
1699.01	216
1701.12	206
1703.23	216
1705.34	212
1707.45	216
1709.56	198
1711.67	206
1713.78	194
1715.88	192
1717.99	204
1720.1	202
1722.2	198
1724.31	196
1726.41	178
1728.51	208
1730.62	180
1732.72	210
1734.82	174
1736.92	196
1739.02	186
1741.12	184
1743.22	194
1745.32	190
1747.42	194
1749.51	174
1751.61	196
1753.7	188
1755.8	174
1757.89	176
1759.99	198
1762.08	204
1764.17	190
1766.26	200
1768.36	182
1770.45	194
1772.54	194
1774.62	190
1776.71	174
1778.8	180
1780.89	204
1782.98	190
1785.06	170
1787.15	188
1789.23	190
1791.32	176
1793.4	194
1795.48	180
1797.56	196
1799.65	192
1801.73	182
1803.81	178
1805.89	186
1807.97	196
1810.04	198
1812.12	180
1814.2	208
1816.28	178
1818.35	188
1820.43	186
1822.5	188
1824.58	190
1826.65	190
1828.72	202
1830.79	176
1832.86	188
1834.94	188
1837.01	184
1839.08	188
1841.15	180
1843.21	186
1845.28	198
1847.35	190
1849.41	184
1851.48	182
1853.55	180
1855.61	182
1857.67	170
1859.74	196
1861.8	186
1863.86	188
1865.92	182
1867.98	178
1870.05	184
1872.1	180
1874.16	186
1876.22	172
1878.28	186
1880.34	186
1882.39	184
1884.45	188
1886.5	186
1888.56	188
1890.61	198
1892.67	182
1894.72	190
1896.77	180
1898.82	200
1900.87	192
1902.92	198
1904.97	186
1907.02	190
1909.07	190
1911.12	176
1913.17	190
1915.21	190
1917.26	188
1919.3	190
1921.35	186
1923.39	196
1925.43	194
1927.48	180
1929.52	186
1931.56	180
1933.6	200
1935.64	180
1937.68	186
1939.72	192
1941.76	202
1943.8	182
1945.83	178
1947.87	180
1949.91	184
1951.94	184
1953.98	186
1956.01	176
1958.05	170
1960.08	180
1962.11	182
1964.14	164
1966.17	198
1968.2	164
1970.23	186
1972.26	180
1974.29	186
1976.32	180
1978.35	188
1980.37	180
1982.4	184
1984.43	178
1986.45	190
1988.48	180
1990.5	164
1992.52	178
1994.55	184
1996.57	174
1998.59	168
2000.61	192
2002.63	172
2004.65	168
2006.67	176
2008.69	188
2010.7	182
2012.72	178
2014.74	184
2016.75	184
2018.77	168
2020.78	178
2022.8	170
2024.81	184
2026.83	182
2028.84	168
2030.85	182
2032.86	172
2034.87	170
2036.88	190
2038.89	170
2040.9	190
2042.91	182
2044.91	176
2046.92	176
2048.93	176
2050.93	170
2052.94	194
2054.94	170
2056.95	182
2058.95	170
2060.95	154
2062.95	184
2064.96	200
2066.96	162
2068.96	182
2070.96	174
2072.96	176
2074.95	174
2076.95	176
2078.95	184
2080.95	178
2082.94	176
2084.94	178
2086.93	174
2088.93	180
2090.92	162
2092.91	172
2094.91	182
2096.9	178
2098.89	180
2100.88	160
2102.87	186
2104.86	148
2106.85	158
2108.84	176
2110.83	166
2112.81	168
2114.8	170
2116.78	170
2118.77	170
2120.75	162
2122.74	180
2124.72	174
2126.71	170
2128.69	186
2130.67	172
2132.65	186
2134.63	160
2136.61	158
2138.59	176
2140.57	166
2142.55	166
2144.53	170
2146.5	176
2148.48	176
2150.46	174
2152.43	188
2154.41	180
2156.38	170
2158.35	186
2160.33	168
2162.3	176
2164.27	158
2166.24	182
2168.21	162
2170.18	182
2172.15	164
2174.12	170
2176.09	178
2178.06	162
2180.03	172
2181.99	184
2183.96	170
2185.92	180
2187.89	172
2189.85	176
2191.82	180
2193.78	170
2195.74	172
2197.7	182
2199.67	156
2201.63	168
2203.59	176
2205.55	180
2207.51	168
2209.46	166
2211.42	178
2213.38	158
2215.34	170
2217.29	160
2219.25	166
2221.2	168
2223.16	158
2225.11	172
2227.06	180
2229.02	176
2230.97	160
2232.92	152
2234.87	174
2236.82	166
2238.77	184
2240.72	174
2242.67	166
2244.62	166
2246.57	172
2248.51	176
2250.46	160
2252.4	176
2254.35	162
2256.29	154
2258.24	172
2260.18	160
2262.13	180
2264.07	168
2266.01	162
2267.95	160
2269.89	160
2271.83	176
2273.77	156
2275.71	164
2277.65	182
2279.58	158
2281.52	172
2283.46	160
2285.4	154
2287.33	168
2289.27	168
2291.2	174
2293.13	154
2295.07	164
2297	162
2298.93	154
2300.86	174
2302.79	166
2304.72	168
2306.65	154
2308.58	170
2310.51	166
2312.44	176
2314.37	182
2316.29	164
2318.22	168
2320.15	172
2322.07	176
2324	168
2325.92	176
2327.84	160
2329.77	170
2331.69	164
2333.61	160
2335.53	158
2337.45	164
2339.37	154
2341.29	160
2343.21	176
2345.13	164
2347.05	178
2348.97	176
2350.88	164
2352.8	154
2354.71	162
2356.63	164
2358.54	160
2360.46	170
2362.37	166
2364.28	158
2366.2	164
2368.11	168
2370.02	162
2371.93	164
2373.84	176
2375.75	154
2377.66	156
2379.57	166
2381.47	158
2383.38	156
2385.29	166
2387.2	160
2389.1	156
2391.01	172
2392.91	168
2394.81	164
2396.72	160
2398.62	164
2400.52	150
2402.42	166
2404.33	162
2406.23	164
2408.13	146
2410.03	170
2411.92	164
2413.82	168
2415.72	166
2417.62	154
2419.51	160
2421.41	158
2423.31	160
2425.2	154
2427.1	152
2428.99	162
2430.88	170
2432.78	160
2434.67	166
2436.56	152
2438.45	156
2440.34	158
2442.23	164
2444.12	152
2446.01	178
2447.9	170
2449.79	158
