182.393	998
184.993	990
187.593	956
190.193	940
192.79	936
195.387	906
197.983	924
200.578	906
203.174	924
205.766	924
208.36	922
210.951	972
213.542	958
216.131	948
218.721	984
221.309	964
223.897	960
226.483	984
229.069	958
231.654	982
234.238	1052
236.821	1026
239.404	972
241.984	914
244.566	800
247.145	710
249.723	618
252.302	544
254.878	490
257.455	436
260.03	426
262.604	416
265.178	412
267.75	398
270.322	356
272.893	364
275.463	344
278.032	358
280.601	332
283.168	348
285.734	370
288.301	364
290.866	384
293.429	378
295.992	392
298.556	434
301.117	390
303.677	400
306.236	352
308.795	336
311.354	342
313.911	330
316.467	352
319.022	328
321.577	338
324.13	328
326.684	334
329.236	310
331.787	346
334.337	340
336.887	356
339.435	352
341.983	344
344.529	332
347.075	328
349.621	302
352.165	328
354.708	306
357.251	346
359.793	308
362.334	312
364.874	310
367.413	306
369.951	298
372.489	300
375.026	304
377.562	296
380.097	306
382.631	300
385.164	312
387.697	292
390.229	318
392.76	314
395.29	280
397.819	318
400.346	334
402.873	340
405.4	382
407.926	380
410.451	380
412.976	354
415.499	362
418.02	378
420.542	342
423.063	324
425.583	310
428.101	290
430.619	292
433.137	270
435.654	266
438.169	254
440.684	256
443.198	246
445.712	254
448.223	242
450.735	238
453.246	224
455.755	232
458.264	238
460.771	234
463.279	220
465.786	236
468.291	254
470.796	250
473.301	248
475.803	272
478.306	294
480.807	302
483.308	320
485.807	288
488.307	306
490.804	278
493.302	260
495.798	252
498.294	236
500.788	242
503.283	232
505.775	252
508.269	248
510.759	246
513.251	264
515.74	294
518.23	276
520.718	264
523.204	260
525.692	264
528.177	296
530.663	316
533.147	366
535.629	408
538.113	456
540.594	470
543.074	474
545.555	450
548.034	418
550.512	324
552.989	346
555.467	338
557.942	344
560.417	372
562.892	436
565.365	626
567.838	876
570.309	1222
572.78	1408
575.251	1260
577.72	892
580.189	542
582.656	430
585.123	392
587.589	374
590.055	364
592.52	362
594.983	324
597.446	330
599.908	326
602.369	316
604.829	316
607.289	312
609.747	348
612.205	318
614.663	342
617.119	460
619.574	656
622.029	926
624.483	784
626.936	472
629.389	366
631.84	318
634.291	306
636.741	312
639.19	268
641.639	272
644.086	242
646.533	240
648.979	224
651.424	222
653.869	228
656.313	222
658.754	222
661.196	208
663.638	198
666.078	210
668.518	196
670.957	220
673.394	206
675.831	204
678.268	210
680.703	202
683.137	186
685.571	212
688.005	222
690.437	206
692.868	204
695.299	212
697.729	216
700.159	224
702.586	254
705.014	234
707.441	260
709.866	254
712.292	262
714.716	250
717.14	244
719.563	258
721.984	292
724.406	322
726.825	308
729.246	298
731.665	274
734.082	278
736.5	308
738.916	346
741.332	388
743.746	370
746.161	402
748.574	420
750.987	424
753.398	424
755.81	450
758.219	474
760.629	458
763.037	426
765.445	438
767.852	428
770.258	406
772.664	406
775.068	426
777.472	424
779.876	426
782.278	432
784.679	476
787.08	508
789.48	550
791.879	594
794.278	578
796.675	592
799.072	542
801.467	526
803.864	482
806.258	424
808.651	390
811.044	364
813.437	350
815.828	350
818.218	304
820.608	298
822.997	300
825.385	314
827.773	322
830.16	386
832.546	514
834.931	630
837.315	574
839.699	450
842.081	414
844.463	390
846.844	370
849.226	350
851.606	344
853.985	344
856.363	330
858.741	342
861.117	310
863.493	304
865.868	306
868.243	312
870.616	294
872.989	308
875.36	316
877.731	294
880.102	300
882.472	284
884.841	286
887.209	286
889.577	290
891.944	284
894.31	282
896.674	294
899.039	312
901.403	314
903.766	322
906.128	330
908.49	342
910.849	350
913.209	308
915.569	294
917.927	292
920.284	276
922.641	268
924.997	260
927.353	264
929.707	250
932.061	272
934.414	286
936.765	276
939.117	284
941.469	268
943.818	290
946.167	294
948.515	340
950.863	328
953.211	380
955.556	444
957.902	488
960.246	526
962.59	544
964.933	540
967.276	468
969.617	434
971.958	420
974.298	400
976.638	394
978.976	428
981.314	456
983.651	538
985.988	592
988.323	796
990.659	1250
992.992	1772
995.325	1868
997.658	2034
999.99	3558
1002.32	5094
1004.65	4360
1006.98	2344
1009.31	1110
1011.64	632
1013.97	482
1016.29	422
1018.62	428
1020.94	462
1023.27	560
1025.59	738
1027.91	1050
1030.24	1288
1032.56	1514
1034.88	1426
1037.2	1046
1039.52	788
1041.84	588
1044.15	500
1046.47	426
1048.79	428
1051.1	382
1053.42	378
1055.73	374
1058.04	368
1060.36	364
1062.67	376
1064.98	360
1067.29	374
1069.6	402
1071.91	412
1074.22	394
1076.52	356
1078.83	396
1081.14	398
1083.44	402
1085.75	374
1088.05	400
1090.35	396
1092.65	386
1094.95	400
1097.26	406
1099.56	384
1101.86	398
1104.15	388
1106.45	390
1108.75	448
1111.05	498
1113.34	550
1115.64	538
1117.93	404
1120.22	356
1122.52	322
1124.81	300
1127.1	288
1129.39	290
1131.68	260
1133.97	280
1136.26	282
1138.54	290
1140.83	300
1143.12	330
1145.4	358
1147.69	356
1149.97	430
1152.25	580
1154.54	708
1156.82	754
1159.1	696
1161.38	570
1163.66	514
1165.94	462
1168.22	444
1170.49	468
1172.77	498
1175.05	554
1177.32	696
1179.6	820
1181.87	1000
1184.14	1060
1186.42	982
1188.69	918
1190.96	976
1193.23	914
1195.5	1002
1197.77	1040
1200.03	1024
1202.3	964
1204.57	924
1206.83	850
1209.1	724
1211.36	620
1213.63	554
1215.89	450
1218.15	442
1220.41	412
1222.67	416
1224.93	408
1227.19	422
1229.45	404
1231.71	380
1233.97	374
1236.22	366
1238.48	332
1240.73	326
1242.99	338
1245.24	326
1247.5	300
1249.75	322
1252	324
1254.25	310
1256.5	318
1258.75	312
1261	330
1263.25	294
1265.49	310
1267.74	308
1269.99	312
1272.23	306
1274.48	312
1276.72	318
1278.96	320
1281.21	334
1283.45	340
1285.69	360
1287.93	376
1290.17	380
1292.41	400
1294.64	438
1296.88	500
1299.12	556
1301.36	708
1303.59	890
1305.82	970
1308.06	946
1310.29	744
1312.52	612
1314.76	534
1316.99	498
1319.22	484
1321.45	496
1323.68	510
1325.9	500
1328.13	508
1330.36	496
1332.58	492
1334.81	490
1337.04	426
1339.26	412
1341.48	384
1343.71	390
1345.93	380
1348.15	382
1350.37	368
1352.59	372
1354.81	352
1357.03	368
1359.24	356
1361.46	338
1363.68	358
1365.89	368
1368.11	346
1370.32	368
1372.54	418
1374.75	452
1376.96	556
1379.17	582
1381.38	604
1383.59	562
1385.8	448
1388.01	398
1390.22	322
1392.43	282
1394.63	276
1396.84	252
1399.05	264
1401.25	260
1403.45	260
1405.66	260
1407.86	274
1410.06	288
1412.26	264
1414.46	298
1416.66	266
1418.86	258
1421.06	282
1423.26	282
1425.46	292
1427.65	318
1429.85	328
1432.04	332
1434.24	362
1436.43	382
1438.62	444
1440.82	448
1443.01	478
1445.2	522
1447.39	516
1449.58	544
1451.77	558
1453.95	532
1456.14	480
1458.33	434
1460.52	374
1462.7	326
1464.89	274
1467.07	306
1469.25	266
1471.44	268
1473.62	294
1475.8	288
1477.98	282
1480.16	272
1482.34	276
1484.52	294
1486.7	256
1488.87	254
1491.05	270
1493.23	282
1495.4	284
1497.58	270
1499.75	254
1501.92	258
1504.1	238
1506.27	250
1508.44	252
1510.61	240
1512.78	240
1514.95	244
1517.12	234
1519.28	244
1521.45	268
1523.62	236
1525.78	256
1527.95	244
1530.11	240
1532.28	226
1534.44	244
1536.6	222
1538.76	248
1540.93	242
1543.09	228
1545.25	274
1547.41	246
1549.56	268
1551.72	240
1553.88	256
1556.03	252
1558.19	256
1560.35	268
1562.5	284
1564.65	290
1566.81	292
1568.96	270
1571.11	312
1573.26	348
1575.41	386
1577.56	424
1579.71	542
1581.86	740
1584.01	832
1586.15	780
1588.3	718
1590.45	620
1592.59	702
1594.74	772
1596.88	978
1599.02	1278
1601.17	1600
1603.31	1780
1605.45	1600
1607.59	1284
1609.73	954
1611.87	708
1614.01	602
1616.14	518
1618.28	442
1620.42	390
1622.55	380
1624.69	352
1626.82	310
1628.96	300
1631.09	268
1633.22	282
1635.36	278
1637.49	276
1639.62	260
1641.75	272
1643.88	254
1646	298
1648.13	262
1650.26	268
1652.39	282
1654.51	246
1656.64	246
1658.76	224
1660.89	216
1663.01	242
1665.13	224
1667.26	236
1669.38	224
1671.5	240
1673.62	240
1675.74	210
1677.86	226
1679.97	228
1682.09	232
1684.21	226
1686.33	230
1688.44	236
1690.56	220
1692.67	222
1694.78	214
1696.9	248
1699.01	218
1701.12	234
1703.23	216
1705.34	220
1707.45	222
1709.56	200
1711.67	220
1713.78	228
1715.88	216
1717.99	210
1720.1	206
1722.2	210
1724.31	202
1726.41	194
1728.51	208
1730.62	202
1732.72	212
1734.82	180
1736.92	214
1739.02	218
1741.12	214
1743.22	200
1745.32	200
1747.42	218
1749.51	198
1751.61	196
1753.7	200
1755.8	188
1757.89	188
1759.99	188
1762.08	216
1764.17	182
1766.26	200
1768.36	194
1770.45	198
1772.54	206
1774.62	192
1776.71	208
1778.8	216
1780.89	212
1782.98	214
1785.06	214
1787.15	214
1789.23	216
1791.32	212
1793.4	216
1795.48	202
1797.56	206
1799.65	206
1801.73	202
1803.81	198
1805.89	196
1807.97	208
1810.04	196
1812.12	212
1814.2	218
1816.28	206
1818.35	190
1820.43	198
1822.5	202
1824.58	214
1826.65	180
1828.72	188
1830.79	202
1832.86	204
1834.94	198
1837.01	204
1839.08	196
1841.15	190
1843.21	200
1845.28	192
1847.35	190
1849.41	202
1851.48	180
1853.55	198
1855.61	206
1857.67	192
1859.74	198
1861.8	184
1863.86	184
1865.92	186
1867.98	196
1870.05	178
1872.1	184
1874.16	188
1876.22	206
1878.28	210
1880.34	194
1882.39	182
1884.45	198
1886.5	200
1888.56	210
1890.61	204
1892.67	190
1894.72	190
1896.77	196
1898.82	176
1900.87	180
1902.92	202
1904.97	204
1907.02	196
1909.07	196
1911.12	212
1913.17	202
1915.21	190
1917.26	208
1919.3	204
1921.35	202
1923.39	206
1925.43	212
1927.48	202
1929.52	192
1931.56	196
1933.6	196
1935.64	204
1937.68	194
1939.72	192
1941.76	200
1943.8	210
1945.83	184
1947.87	204
1949.91	170
1951.94	210
1953.98	196
1956.01	188
1958.05	204
1960.08	188
1962.11	180
1964.14	196
1966.17	188
1968.2	200
1970.23	198
1972.26	206
1974.29	212
1976.32	180
1978.35	188
1980.37	188
1982.4	190
1984.43	194
1986.45	198
1988.48	200
1990.5	188
1992.52	184
1994.55	192
1996.57	186
1998.59	202
2000.61	198
2002.63	188
2004.65	184
2006.67	190
2008.69	180
2010.7	196
2012.72	182
2014.74	188
2016.75	184
2018.77	186
2020.78	196
2022.8	182
2024.81	202
2026.83	198
2028.84	178
2030.85	192
2032.86	194
2034.87	202
2036.88	182
2038.89	168
2040.9	184
2042.91	180
2044.91	200
2046.92	188
2048.93	188
2050.93	198
2052.94	178
2054.94	186
2056.95	184
2058.95	188
2060.95	188
2062.95	180
2064.96	198
2066.96	188
2068.96	188
2070.96	196
2072.96	190
2074.95	184
2076.95	186
2078.95	192
2080.95	194
2082.94	186
2084.94	196
2086.93	194
2088.93	180
2090.92	192
2092.91	192
2094.91	196
2096.9	170
2098.89	192
2100.88	194
2102.87	208
2104.86	170
2106.85	184
2108.84	176
2110.83	180
2112.81	190
2114.8	172
2116.78	186
2118.77	190
2120.75	186
2122.74	192
2124.72	178
2126.71	178
2128.69	188
2130.67	184
2132.65	166
2134.63	208
2136.61	178
2138.59	184
2140.57	178
2142.55	170
2144.53	178
2146.5	190
2148.48	168
2150.46	190
2152.43	184
2154.41	162
2156.38	178
2158.35	184
2160.33	170
2162.3	174
2164.27	190
2166.24	194
2168.21	166
2170.18	158
2172.15	182
2174.12	184
2176.09	178
2178.06	182
2180.03	180
2181.99	182
2183.96	164
2185.92	176
2187.89	198
2189.85	182
2191.82	168
2193.78	192
2195.74	176
2197.7	176
2199.67	190
2201.63	190
2203.59	182
2205.55	180
2207.51	192
2209.46	174
2211.42	172
2213.38	186
2215.34	184
2217.29	178
2219.25	176
2221.2	178
2223.16	190
2225.11	170
2227.06	166
2229.02	170
2230.97	164
2232.92	170
2234.87	176
2236.82	172
2238.77	170
2240.72	178
2242.67	186
2244.62	188
2246.57	176
2248.51	170
2250.46	166
2252.4	176
2254.35	190
2256.29	166
2258.24	172
2260.18	172
2262.13	178
2264.07	178
2266.01	168
2267.95	180
2269.89	168
2271.83	158
2273.77	178
2275.71	176
2277.65	166
2279.58	184
2281.52	174
2283.46	172
2285.4	172
2287.33	180
2289.27	172
2291.2	198
2293.13	184
2295.07	178
2297	184
2298.93	196
2300.86	190
2302.79	176
2304.72	186
2306.65	186
2308.58	184
2310.51	180
2312.44	196
2314.37	172
2316.29	190
2318.22	162
2320.15	186
2322.07	198
2324	188
2325.92	174
2327.84	198
2329.77	176
2331.69	180
2333.61	164
2335.53	172
2337.45	188
2339.37	190
2341.29	180
2343.21	178
2345.13	192
2347.05	162
2348.97	188
2350.88	176
2352.8	170
2354.71	170
2356.63	168
2358.54	172
2360.46	184
2362.37	188
2364.28	182
2366.2	172
2368.11	182
2370.02	174
2371.93	174
2373.84	162
2375.75	180
2377.66	154
2379.57	188
2381.47	192
2383.38	172
2385.29	180
2387.2	160
2389.1	172
2391.01	190
2392.91	174
2394.81	184
2396.72	180
2398.62	164
2400.52	170
2402.42	176
2404.33	180
2406.23	188
2408.13	180
2410.03	174
2411.92	174
2413.82	166
2415.72	198
2417.62	158
2419.51	164
2421.41	164
2423.31	164
2425.2	174
2427.1	170
2428.99	178
2430.88	164
2432.78	180
2434.67	178
2436.56	174
2438.45	182
2440.34	176
2442.23	168
2444.12	202
2446.01	198
2447.9	178
2449.79	180
