188.706	302.444
191.305	284.444
193.902	285.556
196.499	273.556
199.096	267.556
201.69	257.556
204.284	257.556
206.877	244.667
209.47	248.667
212.062	240.667
214.652	234.667
217.242	235.111
219.83	240.889
222.419	239.556
225.005	234.444
227.592	244
230.177	242.889
232.762	246.444
235.345	254.667
237.928	246.667
240.509	260.444
243.09	270.444
245.671	279.556
248.249	288.667
250.829	291.111
253.405	294.222
255.983	287.778
258.558	288.667
261.132	269.111
263.707	268.222
266.28	258.667
268.852	248.444
271.424	248.444
273.994	254.889
276.564	246.889
279.133	239.333
281.701	239.333
284.268	223.111
286.835	218.444
289.4	205.556
291.964	203.778
294.527	189.556
297.091	186
299.653	179.111
302.214	177.556
304.774	174.222
307.334	171.333
309.892	172.222
312.45	171.778
315.006	164.667
317.562	166.222
320.118	165.111
322.672	166.444
325.225	169.333
327.778	170.444
330.329	171.778
332.88	172.222
335.43	173.556
337.978	172.222
340.528	170.444
343.075	181.778
345.622	188.444
348.167	185.778
350.712	195.556
353.256	201.778
355.799	198
358.341	204.444
360.883	199.111
363.423	190.222
365.963	188.222
368.502	179.556
371.04	173.778
373.577	167.333
376.114	163.111
378.649	165.111
381.184	166.667
383.718	162.222
386.251	162.667
388.783	154.222
391.314	158.222
393.844	160.222
396.373	164.889
398.902	168
401.43	170.222
403.957	169.333
406.484	169.111
409.009	165.778
411.534	166.444
414.057	172.222
416.58	172.444
419.102	167.556
421.624	171.778
424.144	171.333
426.663	168.222
429.181	170.444
431.7	168.444
434.217	172.222
436.732	169.333
439.248	170.889
441.763	169.111
444.277	175.556
446.788	175.111
449.301	179.111
451.812	178.889
454.322	168.222
456.831	175.333
459.341	174.222
461.847	171.333
464.355	166
466.861	163.556
469.366	172.222
471.871	171.556
474.374	165.111
476.877	167.556
479.378	166.444
481.88	166.889
484.381	166.222
486.879	164.222
489.379	169.111
491.876	164.444
494.373	164.667
496.869	169.333
499.365	169.778
501.858	166.667
504.353	176
506.845	174.444
509.338	176
511.828	179.111
514.319	177.333
516.808	168.444
519.296	182
521.785	172.889
524.272	174.222
526.759	176.889
529.244	176.444
531.728	176
534.212	171.111
536.695	176
539.178	173.556
541.659	168.444
544.139	168.222
546.619	166.444
549.098	170.444
551.575	171.333
554.052	166.889
556.529	167.556
559.005	165.333
561.479	165.111
563.953	165.333
566.427	170
568.899	169.556
571.37	165.778
573.84	168.444
576.311	173.111
578.78	171.333
581.248	175.778
583.715	177.111
586.181	178.222
588.647	188.222
591.113	195.111
593.577	198.667
596.04	214.222
598.503	230.222
600.964	257.333
603.425	329.778
605.885	462
608.344	598.667
610.803	586.222
613.26	446.444
615.718	333.333
618.174	265.333
620.63	230.222
623.084	223.778
625.538	220.222
627.99	206
630.443	209.111
632.894	206
635.344	215.111
637.792	219.333
640.241	228.444
642.689	250.667
645.137	281.556
647.583	314.222
650.029	358.889
652.474	410.889
654.918	460.444
657.361	452.444
659.804	428.444
662.246	369.778
664.685	306.222
667.125	261.778
669.565	233.778
672.003	222.667
674.441	208.889
676.877	206.444
679.313	205.333
681.749	196
684.183	199.333
686.617	202.667
689.049	208
691.481	213.556
693.913	216.444
696.342	222.222
698.772	232.444
701.201	242.444
703.63	252.444
706.056	258.222
708.483	268
710.909	270.444
713.333	263.556
715.758	259.556
718.18	254.667
720.603	253.333
723.025	262.667
725.445	266.889
727.866	272.222
730.284	275.778
732.703	285.778
735.122	295.333
737.538	290.222
739.955	290.889
742.369	288.667
744.784	283.556
747.197	282.667
749.611	275.111
752.023	270
754.435	251.333
756.845	250.444
759.255	244.667
761.664	239.333
764.071	237.111
766.48	223.778
768.886	224
771.292	223.111
773.697	220
776.102	222.667
778.505	213.778
780.907	211.778
783.31	213.778
785.711	216.889
788.111	227.111
790.511	223.111
792.91	221.111
795.308	224
797.706	227.333
800.102	222.889
802.497	224.667
804.892	229.333
807.287	231.111
809.68	214.889
812.072	218
814.464	219.333
816.855	205.556
819.246	210.444
821.635	213.778
824.024	212
826.412	215.333
828.799	213.778
831.186	224.667
833.572	233.333
835.956	239.111
838.34	245.778
840.723	253.778
843.106	265.111
845.487	269.556
847.868	295.778
850.248	308.889
852.628	306.444
855.006	299.556
857.384	283.111
859.761	281.333
862.138	259.556
864.513	256.444
866.888	252.667
869.262	250.889
871.636	248.444
874.008	252.667
876.38	257.333
878.751	255.111
881.121	248.444
883.491	247.778
885.86	227.111
888.228	221.333
890.595	219.778
892.962	221.778
895.327	220.889
897.691	214.444
900.055	216.667
902.419	216.889
904.782	219.111
907.144	225.556
909.505	215.556
911.864	223.333
914.224	214.889
916.583	214.444
918.941	210.444
921.298	223.556
923.654	209.111
926.01	213.333
928.366	202.444
930.719	216
933.073	204.667
935.426	205.556
937.777	202
940.129	201.111
942.479	210.667
944.828	202.222
947.178	202.667
949.526	208
951.873	208.444
954.22	208
956.565	215.111
958.911	220.889
961.254	219.778
963.598	221.111
965.942	230.667
968.283	244.889
970.625	256
972.965	283.111
975.305	326
977.644	410.444
979.983	571.333
982.32	756.444
984.657	998
986.993	1059.33
989.327	1812
991.663	5601.78
993.996	8709.11
996.33	5965.33
998.662	2762.67
1000.99	1290.89
1003.32	725.556
1005.65	484.889
1007.98	410
1010.31	347.778
1012.64	292.444
1014.97	271.778
1017.29	256.222
1019.62	246.889
1021.94	244.222
1024.27	238.222
1026.59	224
1028.91	230
1031.24	228
1033.56	233.111
1035.88	236.222
1038.2	230.667
1040.51	225.778
1042.83	220.222
1045.15	228.222
1047.47	225.111
1049.78	237.111
1052.1	241.556
1054.41	255.556
1056.73	263.556
1059.04	264
1061.35	270.222
1063.66	266
1065.97	266.222
1068.28	270.222
1070.59	283.778
1072.9	290
1075.21	303.778
1077.52	312.667
1079.82	312.444
1082.13	299.333
1084.43	297.333
1086.74	298.222
1089.04	284
1091.34	271.333
1093.65	256
1095.95	251.333
1098.25	238.889
1100.55	234.667
1102.85	234.667
1105.14	216.444
1107.44	216.667
1109.74	210.222
1112.03	206
1114.33	194.444
1116.62	194.667
1118.92	187.778
1121.21	184
1123.5	190.444
1125.79	191.333
1128.09	188.222
1130.38	187.333
1132.67	192.889
1134.95	191.556
1137.24	196
1139.53	204.444
1141.82	203.778
1144.1	204.444
1146.39	218.667
1148.67	216.222
1150.95	223.111
1153.24	225.333
1155.52	230.444
1157.8	230.889
1160.08	238
1162.36	250.889
1164.64	259.333
1166.92	284
1169.2	327.111
1171.47	391.111
1173.75	490
1176.03	586.222
1178.3	638.222
1180.58	610.444
1182.85	512.667
1185.12	422
1187.39	348.889
1189.66	297.778
1191.94	275.333
1194.21	255.111
1196.48	232.444
1198.74	227.556
1201.01	214.222
1203.28	207.111
1205.54	205.333
1207.81	209.778
1210.07	201.333
1212.34	198.667
1214.6	202.889
1216.86	204.222
1219.13	204
1221.39	205.778
1223.65	202.889
1225.91	196.444
1228.17	195.778
1230.43	203.333
1232.68	200.444
1234.94	200
1237.2	203.333
1239.45	199.333
1241.71	205.333
1243.96	206.889
1246.22	206
1248.47	203.778
1250.72	196.667
1252.97	200.889
1255.22	189.556
1257.47	193.778
1259.72	190.889
1261.97	191.111
1264.22	200
1266.46	199.333
1268.71	218
1270.95	220
1273.2	221.111
1275.44	226.222
1277.69	219.778
1279.93	230.889
1282.17	228.222
1284.41	236.889
1286.65	244.444
1288.89	252.667
1291.13	254.889
1293.37	266
1295.61	276.444
1297.85	289.778
1300.08	309.556
1302.32	326.889
1304.55	327.333
1306.79	322.889
1309.02	314
1311.26	298.444
1313.49	261.556
1315.72	251.556
1317.95	244.889
1320.18	230.667
1322.41	228.222
1324.64	214.222
1326.86	208.444
1329.09	203.778
1331.32	193.333
1333.55	188.667
1335.77	189.111
1337.99	181.778
1340.22	196.222
1342.44	196.444
1344.66	191.778
1346.89	190.222
1349.11	191.333
1351.33	189.111
1353.55	182.222
1355.77	184.444
1357.98	184.889
1360.2	188.889
1362.42	188.444
1364.63	184.667
1366.85	188.444
1369.06	193.778
1371.28	191.111
1373.49	185.778
1375.7	189.333
1377.92	180
1380.13	188
1382.34	179.111
1384.55	184
1386.76	182.222
1388.97	181.333
1391.17	179.333
1393.38	174.444
1395.59	177.778
1397.79	183.556
1400	182.889
1402.2	191.556
1404.41	197.333
1406.61	211.333
1408.81	206.667
1411.01	204.667
1413.21	212.667
1415.41	206.444
1417.61	213.556
1419.81	222.222
1422.01	227.778
1424.21	246.667
1426.4	273.778
1428.6	307.556
1430.8	346.222
1432.99	383.556
1435.18	402
1437.38	424
1439.57	428.222
1441.76	414
1443.95	389.111
1446.14	363.556
1448.33	336.444
1450.52	318.889
1452.71	302.667
1454.9	296.222
1457.09	283.778
1459.27	270.444
1461.46	274.222
1463.64	252.222
1465.83	258
1468.01	251.111
1470.2	248.667
1472.38	248.889
1474.56	243.556
1476.74	247.556
1478.92	252
1481.1	238.889
1483.28	230
1485.46	213.778
1487.64	205.333
1489.81	198.222
1491.99	201.333
1494.16	198.222
1496.34	185.333
1498.51	183.556
1500.69	179.778
1502.86	179.778
1505.03	170.444
1507.21	178.222
1509.38	179.333
1511.55	170.667
1513.72	170.889
1515.89	175.111
1518.05	179.778
1520.22	169.778
1522.39	166.667
1524.55	171.556
1526.72	176.222
1528.88	174.667
1531.05	180.222
1533.21	176
1535.37	179.333
1537.54	172.889
1539.7	174.444
1541.86	175.333
1544.02	179.778
1546.18	177.556
1548.34	179.333
1550.5	184
1552.65	186
1554.81	192
1556.97	197.111
1559.12	191.111
1561.28	202.667
1563.43	203.333
1565.58	207.333
1567.74	215.778
1569.89	228.222
1572.04	246.667
1574.19	260
1576.34	271.778
1578.49	302.444
1580.64	344.222
1582.79	394.889
1584.94	448.444
1587.08	484.222
1589.23	494
1591.37	443.333
1593.52	370.667
1595.66	330.667
1597.81	302.889
1599.95	310.444
1602.09	330.444
1604.23	372
1606.37	403.333
1608.51	419.111
1610.65	371.111
1612.79	316.444
1614.93	290.667
1617.07	263.111
1619.21	242.667
1621.34	228.667
1623.48	225.333
1625.61	215.778
1627.75	209.333
1629.88	204.222
1632.01	194.889
1634.15	193.556
1636.28	194.444
1638.41	190.222
1640.54	185.778
1642.67	179.333
1644.8	181.111
1646.93	179.333
1649.05	178.889
1651.18	176.667
1653.31	176
1655.43	179.333
1657.56	180
1659.68	175.778
1661.81	174.667
1663.93	172.444
1666.05	179.111
1668.17	179.556
1670.3	176.444
1672.42	181.333
1674.54	173.111
1676.66	168.667
1678.77	175.556
1680.89	183.333
1683.01	178
1685.13	175.778
1687.24	177.556
1689.36	176.444
1691.47	174.444
1693.59	180.667
1695.7	182.222
1697.81	181.778
1699.92	180.889
1702.04	178.222
1704.15	179.778
1706.26	189.778
1708.37	178.444
1710.47	181.111
1712.58	180.667
1714.69	176
1716.8	175.111
1718.9	182
1721.01	174.444
1723.11	178.889
1725.22	176.889
1727.32	177.778
1729.42	177.778
1731.53	174.444
1733.63	181.778
1735.73	172
1737.83	182.667
1739.93	170.444
1742.03	176.667
1744.13	175.333
1746.23	178.444
1748.32	177.333
1750.42	173.333
1752.52	168.444
1754.61	177.556
1756.71	176.222
1758.8	177.556
1760.89	180.222
1762.99	176.222
1765.08	177.778
1767.17	176.667
1769.26	178.444
1771.35	178.889
1773.44	177.111
1775.53	175.333
1777.62	176
1779.71	181.556
1781.79	178.889
1783.88	174
1785.96	178.667
1788.05	174.889
1790.13	180.667
1792.22	178
1794.3	178.222
1796.38	172.889
1798.47	179.111
1800.55	183.556
1802.63	185.333
1804.71	181.778
1806.79	183.333
1808.87	183.778
1810.95	182.667
1813.02	180.667
1815.1	179.556
1817.18	182.667
1819.25	174.889
1821.33	180.222
1823.4	184.889
1825.47	178.889
1827.55	177.556
1829.62	186.444
1831.69	179.111
1833.76	184.444
1835.83	185.333
1837.9	181.556
1839.97	181.333
1842.04	182.667
1844.11	180.889
1846.18	185.556
1848.24	180.222
1850.31	175.556
1852.38	181.778
1854.44	180.667
1856.51	186.444
1858.57	183.111
1860.63	181.333
1862.69	184
1864.76	182.667
1866.82	181.111
1868.88	179.778
1870.94	185.333
1873	183.778
1875.06	175.333
1877.11	183.333
1879.17	180.444
1881.23	184.222
1883.28	180.222
1885.34	184.444
1887.4	183.111
1889.45	183.778
1891.5	191.778
1893.56	182
1895.61	187.556
1897.66	178.222
1899.71	183.556
1901.76	188.444
1903.81	185.556
1905.86	188.889
1907.91	192.222
1909.96	192.889
1912.01	193.556
1914.05	190
1916.1	191.556
1918.15	188.667
1920.19	185.556
1922.23	190.889
1924.28	190.444
1926.32	190.444
1928.36	188.222
1930.41	193.333
1932.45	190.667
1934.49	189.556
1936.53	187.556
1938.57	186.889
1940.61	194.889
1942.64	196.667
1944.68	184
1946.72	187.333
1948.76	191.333
1950.79	189.333
1952.83	187.333
1954.86	189.556
1956.89	189.111
1958.93	188.222
1960.96	190.222
1962.99	186.222
1965.03	183.111
1967.06	184.222
1969.09	190.444
1971.12	185.333
1973.14	186.667
1975.17	188.222
1977.2	192
1979.23	185.333
1981.25	180.889
1983.28	188.889
1985.31	187.556
1987.33	193.111
1989.36	190.667
1991.38	187.778
1993.4	191.778
1995.42	188.444
1997.45	195.333
1999.47	191.778
2001.49	186
2003.51	184.667
2005.53	188.667
2007.55	189.111
2009.56	190
2011.58	187.111
2013.6	194.444
2015.61	190.444
2017.63	183.778
2019.65	187.778
2021.66	194.889
2023.67	196
2025.69	192
2027.7	195.778
2029.71	188.444
2031.72	190.444
2033.73	190.667
2035.74	189.111
2037.75	192.667
2039.76	190.444
2041.77	192.444
2043.78	194.667
2045.79	194
2047.79	189.333
2049.8	193.111
2051.8	192.889
2053.81	192.889
2055.81	186
2057.82	191.778
2059.82	193.333
2061.82	190.444
2063.82	187.778
2065.83	189.111
2067.83	190.889
2069.83	190
2071.83	195.111
2073.82	192.889
2075.82	191.111
2077.82	194.667
2079.82	194.222
2081.81	190
2083.81	189.778
2085.8	188.222
2087.8	189.556
2089.79	190.667
2091.79	193.333
2093.78	190.667
2095.77	197.111
2097.76	187.333
2099.76	192.444
2101.75	188.889
2103.74	195.111
2105.72	192.222
2107.71	192
2109.7	190.889
2111.69	192
2113.68	190.444
2115.66	192.889
2117.65	187.778
2119.63	192.222
2121.62	198.889
2123.6	190.444
2125.59	194
2127.57	188.889
2129.55	193.778
2131.53	194.667
2133.51	194.889
2135.49	195.333
2137.47	196
2139.45	192.222
2141.43	187.556
2143.41	191.556
2145.39	193.556
2147.36	188.444
2149.34	188.889
2151.32	192.889
2153.29	192.222
2155.27	190.222
2157.24	191.111
2159.21	190
2161.19	189.778
2163.16	192.889
2165.13	190.889
2167.1	198.444
2169.07	189.333
2171.04	190
2173.01	196.889
2174.98	202.222
2176.95	192.889
2178.92	196
2180.88	197.333
2182.85	193.333
2184.81	204
2186.78	195.556
2188.74	203.333
2190.71	195.111
2192.67	193.556
2194.63	189.556
2196.6	193.111
2198.56	192.222
2200.52	189.778
2202.48	188
2204.44	194.222
2206.4	193.111
2208.36	186.444
2210.32	194.889
2212.28	202.222
2214.23	195.778
2216.19	191.111
2218.14	192.222
2220.1	191.111
2222.05	196.222
2224.01	194
2225.96	196.889
2227.91	190.444
2229.87	190
2231.82	195.111
2233.77	185.778
2235.72	194.667
2237.67	189.556
2239.62	192
2241.57	185.333
2243.52	186.889
2245.47	190
2247.41	190.667
2249.36	189.111
2251.31	190.444
2253.25	192.222
2255.2	195.778
2257.14	191.556
2259.09	190.889
2261.03	189.333
2262.97	189.333
2264.91	194
2266.85	192.889
2268.8	187.556
2270.74	190.444
2272.68	189.556
2274.61	187.111
2276.55	189.778
2278.49	183.111
2280.43	191.556
2282.37	199.333
2284.3	188.889
2286.24	187.111
2288.17	191.333
2290.11	194.667
2292.04	192.444
2293.98	195.778
2295.91	199.333
2297.84	197.556
2299.77	197.556
2301.7	190.667
2303.64	193.111
2305.56	188.889
2307.49	191.556
2309.42	189.778
2311.35	186.444
2313.28	184
2315.21	190.889
2317.13	200.667
2319.06	193.111
2320.99	190.222
2322.91	191.778
2324.84	189.333
2326.76	190.222
2328.68	188.667
2330.6	195.333
2332.53	192.222
2334.45	192.444
2336.37	190.889
2338.29	190.222
2340.21	194.222
2342.13	188.222
2344.05	190.667
2345.97	193.333
2347.89	190.889
2349.8	188.222
2351.72	191.111
2353.63	190.667
2355.55	192.444
2357.47	192.667
2359.38	194
2361.29	187.778
2363.21	197.111
2365.12	189.333
2367.03	191.778
2368.94	188.222
2370.85	191.333
2372.76	185.111
2374.67	184
2376.58	189.333
2378.49	193.111
2380.4	186.889
2382.31	193.556
2384.21	192.222
2386.12	192.444
2388.03	188
2389.93	191.111
2391.84	191.556
2393.74	186.667
2395.64	186.444
2397.55	189.111
2399.45	192
2401.35	186.667
2403.25	186.667
2405.15	186.889
2407.05	185.333
2408.95	188.667
2410.85	190.222
2412.75	193.111
2414.65	187.778
2416.55	194.667
2418.45	191.111
2420.34	194
2422.24	190.444
2424.13	197.556
2426.03	190.444
2427.92	186.222
2429.82	196.444
2431.71	194.667
2433.6	193.778
2435.49	193.333
2437.39	187.111
2439.28	194.667
2441.17	189.333
2443.06	190.889
2444.95	195.333
2446.83	198.667
2448.72	194.444
2450.61	199.111
2452.5	203.333
2454.39	202.444
