188.706	301.778
191.305	290
193.902	281.333
196.499	274.444
199.096	265.333
201.69	256
204.284	246.667
206.877	242.444
209.47	245.111
212.062	231.111
214.652	227.556
217.242	232.222
219.83	227.111
222.419	233.556
225.005	236.444
227.592	235.778
230.177	239.556
232.762	240.222
235.345	242.222
237.928	255.333
240.509	256.444
243.09	256.444
245.671	266
248.249	285.556
250.829	282.222
253.405	289.333
255.983	280.667
258.558	269.111
261.132	267.556
263.707	266.889
266.28	254.444
268.852	251.333
271.424	246.667
273.994	244.667
276.564	243.556
279.133	235.556
281.701	222.222
284.268	217.778
286.835	210.667
289.4	199.333
291.964	195.778
294.527	190.222
297.091	182.444
299.653	172.889
302.214	169.111
304.774	176
307.334	164.889
309.892	159.111
312.45	157.778
315.006	160.667
317.562	163.778
320.118	158
322.672	159.111
325.225	161.333
327.778	164.667
330.329	162.667
332.88	160.667
335.43	163.778
337.978	157.556
340.528	169.556
343.075	169.556
345.622	173.556
348.167	175.111
350.712	185.333
353.256	190.667
355.799	190.889
358.341	194
360.883	196
363.423	189.778
365.963	176.667
368.502	171.556
371.04	165.111
373.577	166.667
376.114	163.556
378.649	159.111
381.184	161.556
383.718	154.667
386.251	157.111
388.783	157.778
391.314	152.667
393.844	156
396.373	157.333
398.902	157.111
401.43	165.778
403.957	160.889
406.484	161.333
409.009	167.111
411.534	160
414.057	165.333
416.58	166.889
419.102	161.556
421.624	163.333
424.144	163.111
426.663	160
429.181	157.111
431.7	159.111
434.217	164.667
436.732	161.111
439.248	166.667
441.763	166
444.277	163.333
446.788	169.111
449.301	172
451.812	172.667
454.322	167.778
456.831	163.778
459.341	166.222
461.847	159.111
464.355	161.111
466.861	162
469.366	159.333
471.871	157.778
474.374	154.444
476.877	159.556
479.378	158.667
481.88	152.444
484.381	156.889
486.879	155.556
489.379	157.111
491.876	155.111
494.373	158.444
496.869	161.333
499.365	165.333
501.858	162
504.353	160
506.845	170.444
509.338	173.778
511.828	174.444
514.319	174.889
516.808	166.889
519.296	168.222
521.785	168.222
524.272	166.889
526.759	169.333
529.244	168
531.728	170.889
534.212	162.667
536.695	164.889
539.178	162
541.659	162.889
544.139	154.222
546.619	163.556
549.098	164
551.575	165.111
554.052	160.222
556.529	159.111
559.005	158.222
561.479	157.111
563.953	156.667
566.427	160
568.899	158.889
571.37	163.778
573.84	164.444
576.311	167.333
578.78	164.889
581.248	168.889
583.715	172.222
586.181	171.333
588.647	174.889
591.113	187.111
593.577	195.778
596.04	204.889
598.503	218.444
600.964	251.333
603.425	322
605.885	440
608.344	593.556
610.803	558.222
613.26	429.333
615.718	315.556
618.174	262.222
620.63	226.667
623.084	204.444
625.538	204.444
627.99	193.111
630.443	198.889
632.894	198
635.344	203.778
637.792	210
640.241	227.111
642.689	243.111
645.137	267.556
647.583	300
650.029	355.333
652.474	401.333
654.918	448.667
657.361	454.667
659.804	432.889
662.246	362
664.685	300.444
667.125	252.889
669.565	233.556
672.003	206.444
674.441	200.222
676.877	199.778
679.313	190.667
681.749	199.778
684.183	197.556
686.617	193.556
689.049	198.222
691.481	203.333
693.913	205.333
696.342	217.333
698.772	219.111
701.201	236
703.63	245.333
706.056	252.222
708.483	256.667
710.909	257.556
713.333	246.667
715.758	253.111
718.18	251.556
720.603	248.222
723.025	254
725.445	255.111
727.866	267.778
730.284	274.222
732.703	278.889
735.122	277.333
737.538	286.889
739.955	287.111
742.369	287.778
744.784	264.444
747.197	269.778
749.611	257.556
752.023	254
754.435	248.444
756.845	236.667
759.255	231.333
761.664	226.667
764.071	216.889
766.48	224.889
768.886	214.222
771.292	210.222
773.697	207.778
776.102	211.778
778.505	209.556
780.907	208.889
783.31	211.333
785.711	208.222
788.111	215.778
790.511	222
792.91	210.889
795.308	216
797.706	212.444
800.102	217.556
802.497	221.556
804.892	226
807.287	220.667
809.68	216.889
812.072	199.111
814.464	205.556
816.855	197.556
819.246	197.333
821.635	196.222
824.024	197.556
826.412	202
828.799	209.111
831.186	216.889
833.572	221.333
835.956	228.222
838.34	231.556
840.723	251.333
843.106	256.444
845.487	269.556
847.868	277.778
850.248	300.444
852.628	298.667
855.006	290.444
857.384	283.333
859.761	265.556
862.138	251.556
864.513	244.667
866.888	242.667
869.262	243.333
871.636	241.333
874.008	254
876.38	249.111
878.751	250.222
881.121	242.889
883.491	234.667
885.86	226.444
888.228	218.444
890.595	210.444
892.962	204.222
895.327	211.556
897.691	208.222
900.055	210.667
902.419	211.556
904.782	214.667
907.144	211.556
909.505	206.222
911.864	214.222
914.224	208.889
916.583	205.778
918.941	206.444
921.298	202.444
923.654	210
926.01	203.778
928.366	199.333
930.719	206.222
933.073	196.667
935.426	204.444
937.777	197.556
940.129	196.889
942.479	198.667
944.828	194.889
947.178	198.444
949.526	193.333
951.873	198.222
954.22	206.222
956.565	202.667
958.911	203.111
961.254	207.556
963.598	220
965.942	217.556
968.283	234
970.625	248.444
972.965	272.667
975.305	316.444
977.644	398.667
979.983	549.556
982.32	737.333
984.657	973.778
986.993	1048.44
989.327	1733.78
991.663	5387.56
993.996	8591.78
996.33	6040.44
998.662	2785.78
1000.99	1302.67
1003.32	723.556
1005.65	484.889
1007.98	400.444
1010.31	333.778
1012.64	278.667
1014.97	262.444
1017.29	248.444
1019.62	234.222
1021.94	226.889
1024.27	228.889
1026.59	219.333
1028.91	227.333
1031.24	220.667
1033.56	223.111
1035.88	221.111
1038.2	223.111
1040.51	214
1042.83	215.778
1045.15	213.778
1047.47	219.556
1049.78	221.111
1052.1	227.111
1054.41	245.333
1056.73	255.333
1059.04	260.222
1061.35	265.333
1063.66	253.778
1065.97	263.111
1068.28	256
1070.59	269.556
1072.9	286.667
1075.21	298.222
1077.52	302.889
1079.82	295.333
1082.13	296.444
1084.43	305.111
1086.74	285.333
1089.04	282.444
1091.34	265.778
1093.65	256.222
1095.95	245.778
1098.25	234.444
1100.55	236.222
1102.85	225.111
1105.14	213.556
1107.44	211.778
1109.74	202.667
1112.03	191.333
1114.33	192
1116.62	186.667
1118.92	184.222
1121.21	174.889
1123.5	179.778
1125.79	179.556
1128.09	183.778
1130.38	184.667
1132.67	184.444
1134.95	192
1137.24	191.778
1139.53	195.778
1141.82	196.667
1144.1	209.556
1146.39	203.333
1148.67	210.444
1150.95	212
1153.24	216
1155.52	212.444
1157.8	222.444
1160.08	224
1162.36	237.778
1164.64	254.444
1166.92	282.667
1169.2	315.556
1171.47	382.667
1173.75	476
1176.03	573.556
1178.3	626.667
1180.58	600.889
1182.85	511.556
1185.12	405.111
1187.39	341.778
1189.66	292.889
1191.94	268.667
1194.21	246.444
1196.48	232.444
1198.74	210.444
1201.01	213.111
1203.28	204.667
1205.54	197.556
1207.81	206
1210.07	194.444
1212.34	192.889
1214.6	193.111
1216.86	192.667
1219.13	193.111
1221.39	194.222
1223.65	193.778
1225.91	189.111
1228.17	191.111
1230.43	195.111
1232.68	186.444
1234.94	191.556
1237.2	194.889
1239.45	195.111
1241.71	191.111
1243.96	198
1246.22	196
1248.47	195.111
1250.72	198.667
1252.97	192.889
1255.22	183.778
1257.47	180
1259.72	179.333
1261.97	188.444
1264.22	192.222
1266.46	194.667
1268.71	198.444
1270.95	205.333
1273.2	206.667
1275.44	209.333
1277.69	218
1279.93	220.222
1282.17	212.444
1284.41	227.556
1286.65	236.444
1288.89	237.333
1291.13	249.778
1293.37	252.222
1295.61	266.222
1297.85	274.889
1300.08	299.556
1302.32	307.778
1304.55	324.667
1306.79	312
1309.02	302.889
1311.26	284.222
1313.49	256.444
1315.72	233.778
1317.95	237.556
1320.18	226.667
1322.41	218.889
1324.64	210.222
1326.86	204.444
1329.09	192.667
1331.32	190.444
1333.55	186.667
1335.77	180.889
1337.99	177.111
1340.22	177.778
1342.44	184.444
1344.66	174
1346.89	187.556
1349.11	178.889
1351.33	179.111
1353.55	181.333
1355.77	181.111
1357.98	177.333
1360.2	177.778
1362.42	177.333
1364.63	182
1366.85	182.222
1369.06	182.667
1371.28	185.111
1373.49	182.889
1375.7	179.333
1377.92	177.333
1380.13	169.556
1382.34	172.667
1384.55	171.333
1386.76	173.556
1388.97	172.667
1391.17	171.556
1393.38	178
1395.59	170.222
1397.79	171.111
1400	175.556
1402.2	184.222
1404.41	190.667
1406.61	210.222
1408.81	196
1411.01	199.556
1413.21	191.556
1415.41	201.333
1417.61	202.222
1419.81	208.667
1422.01	222.667
1424.21	239.556
1426.4	262.444
1428.6	300.889
1430.8	334.444
1432.99	376.444
1435.18	403.556
1437.38	414
1439.57	417.556
1441.76	397.333
1443.95	382.667
1446.14	363.111
1448.33	328
1450.52	315.333
1452.71	289.556
1454.9	282.222
1457.09	278.222
1459.27	269.333
1461.46	256.889
1463.64	244.889
1465.83	245.778
1468.01	242
1470.2	247.333
1472.38	241.333
1474.56	238.889
1476.74	243.111
1478.92	244
1481.1	230
1483.28	221.778
1485.46	207.111
1487.64	193.333
1489.81	193.111
1491.99	180.667
1494.16	180.667
1496.34	177.111
1498.51	180.444
1500.69	171.556
1502.86	173.111
1505.03	169.778
1507.21	167.333
1509.38	167.333
1511.55	165.111
1513.72	169.778
1515.89	163.111
1518.05	168
1520.22	163.111
1522.39	163.111
1524.55	167.111
1526.72	162.667
1528.88	162.667
1531.05	164.889
1533.21	170
1535.37	166.667
1537.54	171.111
1539.7	168.222
1541.86	170
1544.02	173.556
1546.18	170.222
1548.34	177.556
1550.5	177.111
1552.65	178.222
1554.81	179.333
1556.97	185.111
1559.12	188
1561.28	194.222
1563.43	194.667
1565.58	203.333
1567.74	204
1569.89	215.778
1572.04	230.222
1574.19	249.556
1576.34	261.778
1578.49	297.111
1580.64	333.333
1582.79	376.667
1584.94	440
1587.08	494.444
1589.23	486
1591.37	434.889
1593.52	366.222
1595.66	325.556
1597.81	301.333
1599.95	298
1602.09	309.778
1604.23	352.889
1606.37	394.222
1608.51	394.222
1610.65	372.889
1612.79	315.778
1614.93	274.444
1617.07	256.444
1619.21	230.222
1621.34	223.333
1623.48	220.667
1625.61	199.333
1627.75	193.333
1629.88	191.556
1632.01	193.333
1634.15	191.778
1636.28	187.111
1638.41	180
1640.54	173.556
1642.67	174.667
1644.8	174
1646.93	171.333
1649.05	168.889
1651.18	170.889
1653.31	168.667
1655.43	167.778
1657.56	166.667
1659.68	165.111
1661.81	169.333
1663.93	164
1666.05	169.333
1668.17	164.889
1670.3	166
1672.42	166.667
1674.54	166.667
1676.66	167.111
1678.77	167.778
1680.89	170.667
1683.01	170
1685.13	166
1687.24	166.444
1689.36	173.778
1691.47	169.111
1693.59	169.333
1695.7	168.667
1697.81	175.333
1699.92	168.667
1702.04	173.333
1704.15	172
1706.26	167.778
1708.37	175.111
1710.47	174.889
1712.58	170
1714.69	166.444
1716.8	172
1718.9	169.778
1721.01	170
1723.11	169.556
1725.22	169.111
1727.32	163.111
1729.42	168
1731.53	171.778
1733.63	168
1735.73	165.333
1737.83	169.556
1739.93	167.333
1742.03	166.222
1744.13	167.333
1746.23	172
1748.32	169.111
1750.42	169.111
1752.52	162.222
1754.61	166
1756.71	168.667
1758.8	172.667
1760.89	168.889
1762.99	171.556
1765.08	168.222
1767.17	165.556
1769.26	165.333
1771.35	166
1773.44	167.111
1775.53	167.111
1777.62	168.667
1779.71	170.222
1781.79	170.444
1783.88	168
1785.96	166
1788.05	175.111
1790.13	170.889
1792.22	173.111
1794.3	170.889
1796.38	173.778
1798.47	170.444
1800.55	167.111
1802.63	169.556
1804.71	173.111
1806.79	171.778
1808.87	170
1810.95	168
1813.02	171.556
1815.1	170.889
1817.18	169.556
1819.25	168.889
1821.33	173.111
1823.4	169.556
1825.47	173.333
1827.55	172.222
1829.62	173.333
1831.69	173.111
1833.76	173.556
1835.83	172.667
1837.9	167.778
1839.97	173.556
1842.04	168.889
1844.11	179.556
1846.18	169.556
1848.24	168.222
1850.31	174.222
1852.38	173.556
1854.44	175.556
1856.51	173.778
1858.57	172.667
1860.63	167.333
1862.69	174.889
1864.76	170.444
1866.82	176.444
1868.88	174.889
1870.94	179.111
1873	174.667
1875.06	175.556
1877.11	172
1879.17	176
1881.23	176.222
1883.28	170
1885.34	180.889
1887.4	171.556
1889.45	174.667
1891.5	181.111
1893.56	174.667
1895.61	180.667
1897.66	172.222
1899.71	169.778
1901.76	178.667
1903.81	178.222
1905.86	180.667
1907.91	182.222
1909.96	182.889
1912.01	180.444
1914.05	181.556
1916.1	181.111
1918.15	179.333
1920.19	174.889
1922.23	176.222
1924.28	186.222
1926.32	180
1928.36	183.556
1930.41	177.333
1932.45	179.111
1934.49	183.333
1936.53	184.889
1938.57	179.111
1940.61	186.444
1942.64	178.222
1944.68	179.778
1946.72	177.111
1948.76	176.222
1950.79	175.556
1952.83	176.222
1954.86	171.778
1956.89	183.111
1958.93	181.333
1960.96	179.111
1962.99	175.778
1965.03	172.444
1967.06	178.444
1969.09	179.111
1971.12	174.667
1973.14	182.222
1975.17	183.778
1977.2	177.333
1979.23	180.222
1981.25	181.556
1983.28	176.889
1985.31	179.333
1987.33	184.889
1989.36	182.889
1991.38	175.556
1993.4	178
1995.42	179.333
1997.45	178
1999.47	177.111
2001.49	184
2003.51	172.222
2005.53	180.444
2007.55	182.444
2009.56	182.222
2011.58	183.111
2013.6	176.889
2015.61	183.111
2017.63	178
2019.65	179.778
2021.66	186.889
2023.67	187.111
2025.69	185.778
2027.7	180.222
2029.71	180
2031.72	181.778
2033.73	182.222
2035.74	180
2037.75	184
2039.76	192.222
2041.77	177.778
2043.78	183.556
2045.79	182.444
2047.79	179.333
2049.8	169.111
2051.8	176.444
2053.81	182.222
2055.81	180.667
2057.82	185.333
2059.82	180.444
2061.82	181.111
2063.82	186
2065.83	180.667
2067.83	181.778
2069.83	182.667
2071.83	186.444
2073.82	179.778
2075.82	184.889
2077.82	178.667
2079.82	185.778
2081.81	177.111
2083.81	178.222
2085.8	182.444
2087.8	182.667
2089.79	186.667
2091.79	178
2093.78	181.556
2095.77	181.333
2097.76	179.556
2099.76	181.111
2101.75	185.333
2103.74	178
2105.72	179.333
2107.71	178.667
2109.7	185.778
2111.69	183.111
2113.68	178.222
2115.66	183.778
2117.65	188
2119.63	184.222
2121.62	184.667
2123.6	186.667
2125.59	185.778
2127.57	185.111
2129.55	180.889
2131.53	181.778
2133.51	175.778
2135.49	185.778
2137.47	180.889
2139.45	182
2141.43	179.778
2143.41	185.333
2145.39	181.556
2147.36	185.111
2149.34	182.444
2151.32	182.889
2153.29	182
2155.27	191.111
2157.24	183.111
2159.21	185.333
2161.19	180.444
2163.16	183.333
2165.13	182.222
2167.1	183.556
2169.07	177.333
2171.04	188.889
2173.01	178.667
2174.98	182.667
2176.95	189.556
2178.92	182.889
2180.88	181.333
2182.85	183.556
2184.81	185.111
2186.78	182.889
2188.74	190.444
2190.71	192.222
2192.67	185.778
2194.63	186.889
2196.6	182.222
2198.56	184
2200.52	178
2202.48	184.667
2204.44	179.333
2206.4	182.667
2208.36	178.667
2210.32	184.667
2212.28	184.667
2214.23	178.222
2216.19	182.667
2218.14	182.889
2220.1	186
2222.05	185.778
2224.01	183.111
2225.96	180.444
2227.91	181.333
2229.87	187.556
2231.82	184.889
2233.77	185.778
2235.72	175.111
2237.67	182.667
2239.62	183.111
2241.57	178.889
2243.52	181.778
2245.47	180
2247.41	185.778
2249.36	177.778
2251.31	180.667
2253.25	179.556
2255.2	173.333
2257.14	180.889
2259.09	184.667
2261.03	182.222
2262.97	178
2264.91	175.778
2266.85	179.778
2268.8	182.444
2270.74	176.667
2272.68	184
2274.61	181.778
2276.55	182.444
2278.49	180.222
2280.43	179.111
2282.37	179.111
2284.3	186.667
2286.24	184.222
2288.17	172.222
2290.11	178.444
2292.04	188
2293.98	188.889
2295.91	182.889
2297.84	189.333
2299.77	187.778
2301.7	185.556
2303.64	182.667
2305.56	180.667
2307.49	178.222
2309.42	179.333
2311.35	178.889
2313.28	181.111
2315.21	177.111
2317.13	180.444
2319.06	181.778
2320.99	176.444
2322.91	173.111
2324.84	180.667
2326.76	174.444
2328.68	177.778
2330.6	176.444
2332.53	179.556
2334.45	182.667
2336.37	182.222
2338.29	184.444
2340.21	175.333
2342.13	178.667
2344.05	178.444
2345.97	180.222
2347.89	181.556
2349.8	181.778
2351.72	182.667
2353.63	182.889
2355.55	187.556
2357.47	180.222
2359.38	173.556
2361.29	183.111
2363.21	176.222
2365.12	182.889
2367.03	174.222
2368.94	181.111
2370.85	178.667
2372.76	184.889
2374.67	181.111
2376.58	176
2378.49	174.667
2380.4	184
2382.31	180
2384.21	187.778
2386.12	179.556
2388.03	182.444
2389.93	182.889
2391.84	180.667
2393.74	181.333
2395.64	181.111
2397.55	178.889
2399.45	178.222
2401.35	179.333
2403.25	173.556
2405.15	186.889
2407.05	176
2408.95	176
2410.85	183.333
2412.75	176.444
2414.65	174.889
2416.55	177.778
2418.45	181.556
2420.34	185.111
2422.24	179.778
2424.13	184
2426.03	183.111
2427.92	183.333
2429.82	179.778
2431.71	181.111
2433.6	185.333
2435.49	182
2437.39	183.778
2439.28	188.667
2441.17	187.111
2443.06	184.889
2444.95	185.333
2446.83	185.111
2448.72	188.667
2450.61	191.778
2452.5	191.333
2454.39	192
