425.605	399.778
427.215	404.889
428.823	395.111
430.432	402.667
432.04	399.556
433.648	404
435.255	413.556
436.862	409.111
438.468	407.333
440.075	401.111
441.68	395.778
443.285	396.889
444.89	384.889
446.494	381.333
448.098	383.778
449.702	383.556
451.305	379.111
452.907	378.889
454.509	384.222
456.112	389.556
457.713	380.222
459.313	394.667
460.914	385.556
462.513	378.444
464.114	370.667
465.713	366.444
467.311	364.889
468.91	359.111
470.507	345.556
472.105	355.778
473.703	349.778
475.299	346.667
476.895	354
478.491	342.889
480.086	348.889
481.681	348.444
483.276	344.222
484.87	334.889
486.463	337.778
488.056	348.444
489.649	343.556
491.242	343.333
492.833	339.556
494.425	337.333
496.016	338.222
497.607	340
499.197	338.222
500.787	349.556
502.377	336
503.966	340
505.554	331.778
507.143	334.889
508.729	330.444
510.317	333.111
511.904	330.222
513.491	332
515.077	330
516.662	337.556
518.248	344.889
519.832	336.667
521.416	333.556
523.001	328.667
524.584	318.889
526.168	318.222
527.75	315.111
529.332	316
530.914	320
532.496	301.556
534.076	305.556
535.657	302.222
537.237	308.889
538.817	306.222
540.396	304.667
541.975	303.111
543.553	305.556
545.132	298
546.71	303.556
548.286	298.444
549.864	310
551.439	289.778
553.016	303.333
554.592	295.333
556.166	295.778
557.742	288.667
559.315	294.889
560.89	299.778
562.463	301.333
564.036	302
565.608	303.556
567.181	306.889
568.753	307.333
570.324	293.111
571.895	300.667
573.466	288.444
575.036	290
576.605	300.889
578.175	296.889
579.744	303.778
581.313	296.889
582.88	290.667
584.448	287.111
586.016	291.778
587.582	287.556
589.148	292.222
590.715	292.889
592.28	290.889
593.845	287.333
595.411	297.778
596.975	287.556
598.538	281.333
600.102	282.889
601.666	289.333
603.228	287.111
604.79	278.444
606.352	282
607.914	286.444
609.475	287.556
611.035	281.556
612.596	287.778
614.155	281.333
615.714	290.667
617.274	282.444
618.833	288
620.391	286.889
621.949	282.889
623.506	288.667
625.063	287.778
626.619	291.778
628.175	282.444
629.731	284.889
631.286	295.333
632.841	294.444
634.396	289.111
635.95	291.778
637.503	286.444
639.057	287.333
640.61	289.333
642.162	297.778
643.714	291.556
645.266	284
646.817	287.778
648.368	286
649.919	287.778
651.469	286.444
653.018	280
654.568	277.556
656.116	284.889
657.664	280.444
659.213	278.889
660.76	283.778
662.308	279.111
663.854	282.889
665.4	281.778
666.946	286.889
668.492	283.333
670.037	281.111
671.581	280.222
673.126	284.222
674.67	278.667
676.214	276.444
677.757	280.222
679.299	287.778
680.842	282
682.383	288.889
683.925	287.333
685.467	278.444
687.007	280.444
688.547	290.667
690.087	287.333
691.627	280
693.166	286
694.704	284.444
696.243	279.778
697.78	286.444
699.318	286.667
700.855	276.889
702.392	283.556
703.928	284.222
705.464	282.667
706.999	286
708.534	279.778
710.069	285.778
711.603	278
713.137	283.556
714.671	280.889
716.203	283.111
717.736	283.778
719.269	280.667
720.8	271.556
722.332	278.222
723.863	276.667
725.393	276.222
726.924	274.667
728.453	270.222
729.983	266.889
731.512	261.778
733.041	272
734.569	264.667
736.096	265.556
737.624	260.889
739.151	265.556
740.678	270.222
742.204	265.111
743.73	260.444
745.256	258
746.781	256.222
748.305	257.111
749.829	254.889
751.353	268.889
752.877	255.556
754.4	255.333
755.923	249.778
757.445	265.333
758.967	249.778
760.488	256.667
762.009	255.778
763.53	253.111
765.05	253.556
766.57	254.222
768.089	256.444
769.608	244.222
771.127	249.556
772.646	249.333
774.163	251.333
775.681	250.889
777.198	251.556
778.715	252.444
780.231	247.556
781.747	257.333
783.263	254
784.778	249.111
786.293	258.222
787.808	258.444
789.322	256.889
790.835	254
792.348	253.556
793.861	252.667
795.373	255.556
796.886	252
798.397	258
799.908	260.667
801.419	255.333
802.93	256.222
804.44	258
805.949	261.333
807.458	251.778
808.968	261.556
810.476	256.444
811.984	256.889
813.492	267.111
814.999	262.444
816.506	263.333
818.013	266.222
819.518	269.333
821.024	275.556
822.53	262.222
824.035	269.111
825.539	268.222
827.043	260.667
828.547	266.444
830.05	269.556
831.554	263.111
833.056	265.111
834.559	265.778
836.06	260.667
837.562	269.111
839.063	269.333
840.564	260.667
842.064	260.222
843.564	269.556
845.063	268.444
846.563	262.889
848.061	261.333
849.559	259.111
851.058	263.778
852.555	266.444
854.052	267.556
855.549	263.778
857.045	264.444
858.541	265.111
860.037	258.222
861.532	261.778
863.027	264.667
864.522	262.222
866.016	264
867.51	261.778
869.003	257.556
870.496	272
871.989	266.667
873.481	264.222
874.972	269.333
876.464	263.778
877.955	265.333
879.446	265.333
880.936	262.444
882.426	266
883.915	269.556
885.404	267.333
886.893	268.222
888.381	264
889.869	261.778
891.356	252.889
892.843	260.889
894.331	267.778
895.818	267.111
897.304	264
898.789	260.444
900.274	262
901.758	255.556
903.243	257.556
904.727	254
906.211	255.556
907.694	248.222
909.177	260
910.66	255.778
912.142	254
913.624	250.889
915.106	252.667
916.587	248.222
918.067	245.778
919.547	245.556
921.028	254.667
922.507	242.444
923.987	252
925.465	249.333
926.943	245.111
928.422	252.667
929.899	240.889
931.376	244
932.853	241.556
934.33	241.111
935.805	239.778
937.281	243.778
938.757	243.778
940.231	252.222
941.706	240.889
943.181	247.778
944.654	246.667
946.128	246.667
947.601	245.556
949.074	242.889
950.546	241.778
952.018	243.556
953.49	246.889
954.961	240.444
956.432	242
957.902	239.556
959.372	241.111
960.841	235.778
962.311	240.889
963.78	238.667
965.249	240.444
966.717	241.333
968.185	249.556
969.652	241.111
971.119	238.889
972.586	235.778
974.052	237.111
975.518	228.667
976.984	230.667
978.448	233.778
979.913	225.111
981.378	232.667
982.842	228.222
984.305	225.333
985.769	229.556
987.232	230
988.694	230
990.156	226.889
991.619	227.556
993.08	238.889
994.541	240.667
996.001	242
997.461	236
998.921	236.444
1000.38	243.556
1001.84	233.333
1003.3	240.444
1004.76	233.111
1006.22	231.556
1007.67	231.333
1009.13	232.667
1010.59	233.778
1012.04	240.222
1013.5	234
1014.96	231.778
1016.41	229.556
1017.87	238.667
1019.32	238
1020.78	236
1022.23	235.556
1023.68	236.222
1025.14	238.889
1026.59	235.111
1028.04	240.222
1029.49	239.778
1030.95	245.333
1032.4	237.333
1033.85	238.222
1035.3	237.778
1036.75	233.333
1038.2	240.222
1039.65	237.778
1041.1	239.111
1042.55	237.333
1043.99	238.667
1045.44	242
1046.89	245.556
1048.34	243.778
1049.78	246
1051.23	256
1052.68	245.333
1054.12	256.667
1055.57	246
1057.01	256.222
1058.46	258
1059.9	249.556
1061.35	255.778
1062.79	252
1064.23	253.556
1065.68	251.556
1067.12	251.111
1068.56	255.778
1070	259.556
1071.44	256.889
1072.89	257.111
1074.33	258
1075.77	257.778
1077.21	265.111
1078.65	274
1080.09	256.444
1081.53	266.667
1082.96	267.111
1084.4	274.667
1085.84	288
1087.28	288.667
1088.71	296.444
1090.15	308.889
1091.59	322.222
1093.02	333.333
1094.46	340.889
1095.89	339.111
1097.33	338.444
1098.76	328.889
1100.2	322.444
1101.63	319.778
1103.06	318
1104.5	320.667
1105.93	301.556
1107.36	305.778
1108.79	309.333
1110.23	312.222
1111.66	310.222
1113.09	322.889
1114.52	321.111
1115.95	326.667
1117.38	320.222
1118.81	330.889
1120.24	331.111
1121.67	328.222
1123.09	325.111
1124.52	326.667
1125.95	318.667
1127.38	321.333
1128.8	316.667
1130.23	314.222
1131.66	310
1133.08	308.667
1134.51	308.444
1135.93	306.222
1137.36	294.444
1138.78	295.556
1140.21	300.889
1141.63	302.444
1143.05	297.333
1144.47	302.889
1145.9	302
1147.32	312
1148.74	306.667
1150.16	308.444
1151.58	305.333
1153	302
1154.43	298.667
1155.85	300.444
1157.27	299.111
1158.68	294.444
1160.1	291.556
1161.52	294
1162.94	292.222
1164.36	295.111
1165.78	284.222
1167.19	290.222
1168.61	285.111
1170.03	283.111
1171.44	281.778
1172.86	285.556
1174.27	291.333
1175.69	285.778
1177.1	282.444
1178.52	282.222
1179.93	282.889
1181.34	279.778
1182.76	273.556
1184.17	276.444
1185.58	283.556
1187	274.889
1188.41	281.333
1189.82	271.333
1191.23	275.778
1192.64	285.111
1194.05	284.444
1195.46	278.889
1196.87	284.889
1198.28	284.222
1199.69	294.444
1201.1	284.889
1202.51	287.778
1203.91	284.667
1205.32	285.556
1206.73	288.667
1208.14	286.667
1209.54	289.333
1210.95	294.444
1212.35	294.444
1213.76	295.556
1215.17	289.556
1216.57	297.556
1217.97	296
1219.38	293.556
1220.78	290.222
1222.19	293.111
1223.59	305.111
1224.99	299.556
1226.39	301.111
1227.8	302.222
1229.2	300.222
1230.6	303.111
1232	303.556
1233.4	307.111
1234.8	305.333
1236.2	309.556
1237.6	308.667
1239	310.889
1240.4	315.778
1241.8	309.778
1243.19	314.444
1244.59	306.889
1245.99	312
1247.38	306.667
1248.78	310.222
1250.18	311.778
1251.57	319.778
1252.97	313.111
1254.36	309.111
1255.76	309.111
1257.15	317.333
1258.55	312.889
1259.94	318.444
1261.34	315.556
1262.73	306.889
1264.12	314.889
1265.51	303.556
1266.91	320.667
1268.3	318.444
1269.69	320
1271.08	318.222
1272.47	312.889
1273.86	297.778
1275.25	314.667
1276.64	318.889
1278.03	312.222
1279.42	316.667
1280.81	314.222
1282.2	317.333
1283.58	316
1284.97	319.556
1286.36	323.778
1287.75	316.667
1289.13	325.778
1290.52	322.444
1291.9	314.889
1293.29	319.778
1294.68	321.111
1296.06	322.222
1297.44	311.778
1298.83	310.444
1300.21	321.778
1301.6	304.667
1302.98	310.667
1304.36	313.111
1305.74	317.111
1307.13	307.556
1308.51	305.111
1309.89	311.333
1311.27	318.222
1312.65	310.667
1314.03	316.444
1315.41	305.778
1316.79	308.667
1318.17	309.778
1319.55	306
1320.93	313.333
1322.31	306.444
1323.68	307.333
1325.06	306.222
1326.44	314.444
1327.82	313.556
1329.19	316.222
1330.57	308.889
1331.94	312
1333.32	305.556
1334.7	313.111
1336.07	306
1337.44	317.556
1338.82	302.222
1340.19	315.333
1341.57	308
1342.94	307.111
1344.31	300
1345.68	302.889
1347.06	305.333
1348.43	296.222
1349.8	294.667
1351.17	297.333
1352.54	299.333
1353.91	295.333
1355.28	293.556
1356.65	298.667
1358.02	294
1359.39	297.111
1360.76	298.667
1362.13	292.889
1363.5	301.778
1364.86	296.667
1366.23	297.556
1367.6	295.556
1368.96	291.333
1370.33	289.111
1371.7	301.556
1373.06	304
1374.43	299.778
1375.79	293.556
1377.16	300
1378.52	297.556
1379.89	310.444
1381.25	300.444
1382.61	301.111
1383.98	288
1385.34	290.444
1386.7	286.222
1388.06	289.778
1389.42	285.778
1390.78	286.222
1392.15	281.778
1393.51	281.556
1394.87	274
1396.23	281.778
1397.59	277.333
1398.95	277.778
1400.3	284.444
1401.66	280.889
1403.02	267.333
1404.38	276.667
1405.74	274.444
1407.09	279.556
1408.45	284.667
1409.81	288.222
1411.16	277.333
1412.52	286
1413.87	270.444
1415.23	280.222
1416.58	283.333
1417.94	286
1419.29	287.111
1420.65	281.778
1422	285.556
1423.35	280.889
1424.71	282.889
1426.06	282
1427.41	296.222
1428.76	289.111
1430.11	289.556
1431.47	285.556
1432.82	284.667
1434.17	293.556
1435.52	290.889
1436.87	294
1438.22	295.333
1439.57	294.444
1440.91	290.889
1442.26	295.333
1443.61	298
1444.96	296.889
1446.31	297.778
1447.65	290.444
1449	305.111
1450.35	308
1451.69	297.333
1453.04	300.444
1454.39	299.111
1455.73	298.444
1457.08	294.889
1458.42	300.444
1459.76	298.667
1461.11	306.222
1462.45	304.889
1463.79	310.222
1465.14	299.333
1466.48	303.111
1467.82	308.222
1469.16	311.778
1470.51	304.889
1471.85	314.889
1473.19	314.667
1474.53	314
1475.87	308.222
1477.21	314.667
1478.55	303.556
1479.89	315.778
1481.23	313.778
1482.56	318.222
1483.9	309.333
1485.24	320.889
1486.58	310
1487.92	307.778
1489.25	310
1490.59	313.111
1491.93	312.889
1493.26	307.556
1494.6	306.889
1495.93	318.222
1497.27	313.111
1498.6	315.111
1499.94	315.111
1501.27	327.556
1502.6	314.889
1503.94	320.444
1505.27	316
1506.6	331.556
1507.94	333.111
1509.27	329.333
1510.6	324.444
1511.93	340
1513.26	319.556
1514.59	340
1515.92	334
1517.25	335.333
1518.58	343.111
1519.91	335.111
1521.24	340.667
1522.57	335.778
1523.9	339.111
1525.23	337.778
1526.55	336.222
1527.88	344.444
1529.21	342
1530.54	331.778
1531.86	329.333
1533.19	338.667
1534.51	339.778
1535.84	336.889
1537.16	334.444
1538.49	334.667
1539.81	335.556
1541.14	337.556
1542.46	336.667
1543.79	331.778
1545.11	338.222
1546.43	341.333
1547.75	340.444
1549.08	342.444
1550.4	341.111
1551.72	346.667
1553.04	350.889
1554.36	352.222
1555.68	344.889
1557	351.556
1558.32	341.111
1559.64	351.556
1560.96	355.111
1562.28	353.111
1563.6	350
1564.92	355.333
1566.24	350.222
1567.55	352.444
1568.87	349.778
1570.19	346.667
1571.51	353.556
1572.82	353.556
1574.14	349.556
1575.45	340.444
1576.77	356
1578.09	344.444
1579.4	349.333
1580.71	348.889
1582.03	345.333
1583.34	349.556
1584.66	350.444
1585.97	353.333
1587.28	344
1588.59	350
1589.91	352.444
1591.22	346.889
1592.53	342.667
1593.84	347.556
1595.15	348.222
1596.46	337.333
1597.77	336.222
1599.08	338.222
1600.39	325.333
1601.7	314
1603.01	320.889
1604.32	310.667
1605.63	309.778
1606.94	313.556
1608.25	302.444
1609.55	306.889
1610.86	300.889
1612.17	295.556
1613.47	287.111
1614.78	286.889
1616.09	285.778
1617.39	273.778
1618.7	269.111
1620	266.444
1621.31	269.111
1622.61	254.889
1623.92	259.556
1625.22	251.333
1626.52	248.889
1627.82	246.889
1629.13	233.778
1630.43	237.333
1631.73	229.556
1633.03	238.889
1634.34	228.889
1635.64	214.667
1636.94	216.667
1638.24	214.667
1639.54	212.889
1640.84	214.222
1642.14	207.111
1643.44	206.444
1644.74	205.111
1646.03	204.667
1647.33	199.111
1648.63	194.222
1649.93	199.111
1651.23	190.889
1652.52	197.333
1653.82	196
1655.12	192.444
1656.41	191.111
1657.71	189.778
1659	193.556
1660.3	180.222
1661.59	183.778
1662.89	180.222
1664.18	184.222
1665.48	180
1666.77	179.556
1668.06	178.444
1669.36	172.889
1670.65	169.333
1671.94	167.333
1673.23	170
1674.53	164
1675.82	169.556
1677.11	167.333
1678.4	165.333
1679.69	166
1680.98	161.333
1682.27	166.444
1683.56	161.778
1684.85	160
1686.14	160
1687.43	161.556
1688.71	159.111
1690	153.556
1691.29	151.778
1692.58	154.667
1693.86	148.667
1695.15	151.778
1696.44	150.222
1697.72	154
1699.01	145.333
1700.29	148.667
1701.58	151.778
1702.86	148.222
1704.15	139.333
1705.43	147.556
1706.72	146.889
1708	150.222
1709.28	144.222
1710.57	145.333
1711.85	147.556
1713.13	143.556
1714.41	146
1715.7	145.333
1716.98	142
1718.26	141.556
1719.54	139.556
1720.82	144.667
1722.1	142
1723.38	142
1724.66	139.778
1725.94	138.667
1727.22	136.444
1728.5	137.333
1729.78	143.333
1731.05	138.222
1732.33	142
1733.61	136.889
1734.89	136.222
1736.16	137.778
1737.44	140.444
1738.72	135.111
1739.99	135.778
1741.27	139.778
1742.54	130.889
1743.82	130.222
1745.09	130.222
1746.37	135.111
1747.64	135.333
1748.91	136.222
1750.19	136.444
1751.46	130.889
1752.73	132.222
1754.01	130
1755.28	135.111
1756.55	131.778
1757.82	132.444
1759.09	128.444
1760.36	132.444
1761.63	129.778
1762.91	132.222
1764.18	129.778
1765.45	128.222
1766.71	132.667
1767.98	131.333
1769.25	130.222
1770.52	128.889
1771.79	127.111
1773.06	130.222
1774.33	126.222
1775.59	125.111
1776.86	122.444
1778.13	129.778
1779.39	128.222
1780.66	126
1781.92	126.444
1783.19	122.444
1784.46	121.556
1785.72	123.556
1786.99	122.889
1788.25	123.778
1789.51	122.889
1790.78	124.889
1792.04	121.778
1793.3	116.667
1794.57	123.556
1795.83	120.222
1797.09	119.556
1798.35	121.111
1799.61	122.889
1800.88	123.111
1802.14	117.111
1803.4	115.556
1804.66	118.444
1805.92	119.778
1807.18	122.444
1808.44	121.333
1809.7	117.778
1810.96	118.444
1812.21	116.667
1813.47	119.556
1814.73	116.444
1815.99	116.889
1817.25	116.889
1818.5	119.333
1819.76	117.111
1821.02	113.556
1822.27	114.667
1823.53	116.667
1824.78	116.667
1826.04	119.111
1827.29	113.111
1828.55	115.556
1829.8	113.333
1831.06	117.778
1832.31	114.222
1833.56	111.333
1834.82	117.111
1836.07	114.889
1837.32	114.222
1838.58	110.667
1839.83	111.778
1841.08	110.222
1842.33	111.778
1843.58	115.111
1844.83	113.333
1846.08	112.222
1847.33	112
1848.58	112.667
1849.83	112.889
1851.08	110.667
1852.33	111.111
1853.58	118.222
1854.83	106.889
1856.08	111.556
1857.32	111.778
1858.57	111.778
1859.82	110.222
1861.07	106.222
1862.31	108.222
1863.56	114.444
1864.8	110
1866.05	111.556
1867.3	108.667
1868.54	114.667
1869.79	112.444
1871.03	112.444
1872.27	106.889
1873.52	108.222
