425.605	358.667
427.215	355.333
428.823	359.778
430.432	365.333
432.04	372.889
433.648	373.778
435.255	374
436.862	374.667
438.468	370.667
440.075	360.889
441.68	353.778
443.285	348.667
444.89	339.556
446.494	338.444
448.098	344
449.702	337.333
451.305	341.333
452.907	353.778
454.509	348.444
456.112	339.556
457.713	346.444
459.313	353.333
460.914	338
462.513	331.556
464.114	330
465.713	324.222
467.311	325.333
468.91	315.778
470.507	323.333
472.105	315.556
473.703	310.667
475.299	313.111
476.895	320.667
478.491	307.556
480.086	313.111
481.681	315.333
483.276	318.889
484.87	320.889
486.463	318
488.056	316.222
489.649	317.556
491.242	318.667
492.833	310.444
494.425	316.889
496.016	309.778
497.607	309.556
499.197	310.667
500.787	311.778
502.377	301.333
503.966	296.222
505.554	306.222
507.143	294
508.729	301.778
510.317	303.111
511.904	308.444
513.491	303.333
515.077	298.222
516.662	305.556
518.248	310.667
519.832	311.111
521.416	311.556
523.001	293.333
524.584	292.667
526.168	288
527.75	279.556
529.332	280.889
530.914	286.889
532.496	285.333
534.076	271.333
535.657	280.444
537.237	283.778
538.817	275.556
540.396	288.444
541.975	279.111
543.553	278.667
545.132	273.111
546.71	276.222
548.286	283.111
549.864	277.778
551.439	284.444
553.016	275.556
554.592	275.111
556.166	281.333
557.742	267.111
559.315	273.778
560.89	277.333
562.463	274
564.036	274.222
565.608	280.222
567.181	270.444
568.753	282
570.324	278.667
571.895	272.222
573.466	263.778
575.036	270.667
576.605	268.889
578.175	264.667
579.744	273.111
581.313	265.333
582.88	273.778
584.448	268.444
586.016	264
587.582	264.889
589.148	266.222
590.715	264.889
592.28	259.333
593.845	262
595.411	262
596.975	259.111
598.538	260.222
600.102	257.556
601.666	258.667
603.228	258
604.79	257.556
606.352	252.667
607.914	257.111
609.475	257.333
611.035	256.889
612.596	261.556
614.155	261.778
615.714	253.556
617.274	264.222
618.833	265.778
620.391	254.667
621.949	256.667
623.506	258.667
625.063	256.444
626.619	263.778
628.175	257.778
629.731	255.111
631.286	259.778
632.841	256.667
634.396	264
635.95	259.111
637.503	251.111
639.057	260
640.61	264
642.162	264.667
643.714	251.111
645.266	253.333
646.817	259.333
648.368	262.222
649.919	266
651.469	257.778
653.018	262.889
654.568	258.667
656.116	254.889
657.664	261.556
659.213	265.778
660.76	255.556
662.308	258.222
663.854	266.667
665.4	259.333
666.946	250.444
668.492	257.333
670.037	252.667
671.581	263.556
673.126	246.889
674.67	252
676.214	256.444
677.757	252.667
679.299	254
680.842	257.556
682.383	265.111
683.925	264.444
685.467	262
687.007	255.778
688.547	260.889
690.087	242.444
691.627	255.778
693.166	251.778
694.704	253.111
696.243	257.556
697.78	265.111
699.318	256.444
700.855	259.778
702.392	259.778
703.928	258
705.464	252.444
706.999	256.667
708.534	261.333
710.069	255.778
711.603	252.667
713.137	254.444
714.671	247.333
716.203	252.222
717.736	252
719.269	240.222
720.8	245.778
722.332	251.778
723.863	250.667
725.393	244.222
726.924	242.444
728.453	249.556
729.983	241.333
731.512	243.333
733.041	244.222
734.569	247.333
736.096	241.333
737.624	243.556
739.151	230
740.678	234.667
742.204	238
743.73	234.222
745.256	236.222
746.781	230.667
748.305	234
749.829	230
751.353	233.556
752.877	230.667
754.4	233.333
755.923	230.667
757.445	238.222
758.967	231.556
760.488	227.111
762.009	228.889
763.53	230
765.05	221.778
766.57	233.333
768.089	223.556
769.608	230.222
771.127	232.889
772.646	221.556
774.163	236.667
775.681	233.111
777.198	233.556
778.715	227.333
780.231	233.111
781.747	230.444
783.263	222.667
784.778	234.889
786.293	235.778
787.808	234.889
789.322	230.889
790.835	221.333
792.348	227.333
793.861	224.222
795.373	227.111
796.886	219.556
798.397	231.556
799.908	229.111
801.419	232.889
802.93	229.111
804.44	225.778
805.949	231.778
807.458	235.778
808.968	230.444
810.476	238
811.984	232.222
813.492	242
814.999	237.556
816.506	235.333
818.013	237.333
819.518	235.333
821.024	238.889
822.53	238.444
824.035	233.111
825.539	242.222
827.043	234.667
828.547	230.222
830.05	238
831.554	240.889
833.056	232.889
834.559	231.778
836.06	230.222
837.562	234.444
839.063	230.667
840.564	233.111
842.064	242
843.564	234.444
845.063	237.556
846.563	236.667
848.061	237.778
849.559	234.444
851.058	241.778
852.555	239.111
854.052	233.778
855.549	230
857.045	234.222
858.541	236.667
860.037	241.333
861.532	240.889
863.027	242.667
864.522	236.222
866.016	229.556
867.51	240.667
869.003	234.889
870.496	232.444
871.989	238
873.481	239.778
874.972	243.778
876.464	228.667
877.955	240.222
879.446	241.556
880.936	242.444
882.426	242
883.915	239.333
885.404	232.222
886.893	241.556
888.381	239.556
889.869	233.333
891.356	235.556
892.843	238
894.331	237.111
895.818	233.556
897.304	240.667
898.789	236
900.274	239.778
901.758	230
903.243	238.667
904.727	232.222
906.211	224
907.694	222.222
909.177	227.778
910.66	224.222
912.142	231.778
913.624	226.222
915.106	226.667
916.587	223.333
918.067	222.444
919.547	225.778
921.028	224.889
922.507	220.667
923.987	219.556
925.465	218.889
926.943	224.889
928.422	231.333
929.899	217.556
931.376	224.222
932.853	225.333
934.33	224.889
935.805	230
937.281	237.556
938.757	227.556
940.231	221.111
941.706	223.556
943.181	226.667
944.654	231.111
946.128	227.778
947.601	224.889
949.074	221.556
950.546	218.889
952.018	215.111
953.49	225.111
954.961	215.333
956.432	219.111
957.902	215.778
959.372	213.333
960.841	219.778
962.311	215.778
963.78	225.111
965.249	212.667
966.717	213.333
968.185	216.889
969.652	222.444
971.119	216.667
972.586	212.222
974.052	214.222
975.518	209.556
976.984	211.111
978.448	213.111
979.913	208
981.378	209.111
982.842	210.222
984.305	215.778
985.769	218.667
987.232	214.222
988.694	219.556
990.156	221.333
991.619	222
993.08	214.889
994.541	217.111
996.001	224
997.461	216.444
998.921	219.333
1000.38	217.778
1001.84	220.444
1003.3	214
1004.76	212.222
1006.22	210
1007.67	216
1009.13	205.778
1010.59	208.889
1012.04	207.556
1013.5	212.667
1014.96	212.222
1016.41	215.111
1017.87	214.444
1019.32	215.333
1020.78	213.111
1022.23	212.222
1023.68	218.889
1025.14	216.444
1026.59	214.889
1028.04	217.333
1029.49	220.222
1030.95	221.333
1032.4	212.667
1033.85	218
1035.3	222
1036.75	215.556
1038.2	217.333
1039.65	221.778
1041.1	215.778
1042.55	219.333
1043.99	215.778
1045.44	213.556
1046.89	221.556
1048.34	221.111
1049.78	220.889
1051.23	222.444
1052.68	229.111
1054.12	230
1055.57	237.111
1057.01	234.444
1058.46	230.667
1059.9	224.667
1061.35	229.333
1062.79	223.556
1064.23	232.889
1065.68	232.667
1067.12	236.444
1068.56	232.222
1070	241.111
1071.44	237.333
1072.89	239.111
1074.33	247.556
1075.77	244.667
1077.21	242.667
1078.65	241.778
1080.09	240.444
1081.53	249.778
1082.96	262.667
1084.4	255.111
1085.84	266.222
1087.28	266.667
1088.71	271.556
1090.15	282.667
1091.59	301.333
1093.02	310.667
1094.46	325.778
1095.89	334.222
1097.33	322.889
1098.76	306.444
1100.2	296.667
1101.63	299.333
1103.06	282.889
1104.5	286.444
1105.93	283.556
1107.36	288.667
1108.79	286.667
1110.23	281.333
1111.66	293.778
1113.09	293.111
1114.52	292
1115.95	303.333
1117.38	314.889
1118.81	310.222
1120.24	304.889
1121.67	312
1123.09	311.556
1124.52	301.556
1125.95	310.667
1127.38	298.667
1128.8	290.667
1130.23	292.667
1131.66	280
1133.08	280.667
1134.51	267.333
1135.93	275.778
1137.36	271.111
1138.78	268.889
1140.21	260.222
1141.63	273.333
1143.05	267.111
1144.47	272.222
1145.9	276.222
1147.32	270.444
1148.74	268.667
1150.16	269.111
1151.58	274.889
1153	279.111
1154.43	274.889
1155.85	277.111
1157.27	281.333
1158.68	275.333
1160.1	266.444
1161.52	267.111
1162.94	274.889
1164.36	271.556
1165.78	266.444
1167.19	271.333
1168.61	260.667
1170.03	256.889
1171.44	260.444
1172.86	276.889
1174.27	258.889
1175.69	268.222
1177.1	266.222
1178.52	256.444
1179.93	252.667
1181.34	257.333
1182.76	259.333
1184.17	261.333
1185.58	251.556
1187	262.889
1188.41	259.556
1189.82	256.667
1191.23	253.333
1192.64	255.556
1194.05	257.111
1195.46	259.778
1196.87	258
1198.28	260.889
1199.69	258
1201.1	261.333
1202.51	261.333
1203.91	261.778
1205.32	264.444
1206.73	265.333
1208.14	253.111
1209.54	261.778
1210.95	260.667
1212.35	260.444
1213.76	261.333
1215.17	258.889
1216.57	257.556
1217.97	267.556
1219.38	259.111
1220.78	264.889
1222.19	263.333
1223.59	266.444
1224.99	261.111
1226.39	268
1227.8	266.222
1229.2	267.333
1230.6	269.556
1232	272.667
1233.4	271.111
1234.8	260.889
1236.2	270
1237.6	274.667
1239	269.556
1240.4	271.111
1241.8	270
1243.19	272.222
1244.59	269.333
1245.99	273.111
1247.38	280.667
1248.78	273.778
1250.18	273.333
1251.57	278.667
1252.97	281.778
1254.36	275.333
1255.76	285.333
1257.15	274.222
1258.55	281.111
1259.94	286.889
1261.34	279.556
1262.73	275.333
1264.12	285.778
1265.51	277.778
1266.91	278.667
1268.3	279.333
1269.69	277.556
1271.08	280.889
1272.47	292.222
1273.86	284.222
1275.25	283.333
1276.64	283.778
1278.03	288.667
1279.42	285.333
1280.81	290.889
1282.2	289.111
1283.58	281.111
1284.97	283.111
1286.36	290.222
1287.75	282.889
1289.13	286.889
1290.52	286
1291.9	286.889
1293.29	282.889
1294.68	286
1296.06	278.889
1297.44	284.889
1298.83	280.667
1300.21	275.556
1301.6	277.111
1302.98	280.222
1304.36	278.222
1305.74	284
1307.13	278.444
1308.51	276.444
1309.89	271.111
1311.27	275.778
1312.65	274
1314.03	274.444
1315.41	281.111
1316.79	279.556
1318.17	274
1319.55	276.889
1320.93	282.889
1322.31	272.222
1323.68	276.889
1325.06	270.889
1326.44	274.444
1327.82	273.333
1329.19	277.111
1330.57	277.111
1331.94	280.222
1333.32	278.889
1334.7	282.444
1336.07	286.889
1337.44	280.889
1338.82	293.778
1340.19	279.111
1341.57	281.778
1342.94	277.556
1344.31	280.889
1345.68	273.111
1347.06	269.778
1348.43	274.444
1349.8	272
1351.17	264
1352.54	268.667
1353.91	265.333
1355.28	262.444
1356.65	267.111
1358.02	256.667
1359.39	266.889
1360.76	273.333
1362.13	268.222
1363.5	267.111
1364.86	267.333
1366.23	258.667
1367.6	268.222
1368.96	266.889
1370.33	277.111
1371.7	272.222
1373.06	269.333
1374.43	275.111
1375.79	269.556
1377.16	271.333
1378.52	271.333
1379.89	277.556
1381.25	265.778
1382.61	274.444
1383.98	266.889
1385.34	266
1386.7	256.667
1388.06	262.444
1389.42	254.444
1390.78	254.889
1392.15	257.778
1393.51	251.333
1394.87	250.222
1396.23	250.222
1397.59	249.111
1398.95	251.778
1400.3	247.556
1401.66	251.556
1403.02	246.444
1404.38	252.444
1405.74	244.222
1407.09	253.556
1408.45	257.111
1409.81	260
1411.16	251.556
1412.52	252
1413.87	251.556
1415.23	258.667
1416.58	258.444
1417.94	250.667
1419.29	256.667
1420.65	253.778
1422	258.667
1423.35	254.667
1424.71	256.444
1426.06	252.222
1427.41	250.889
1428.76	255.333
1430.11	246.222
1431.47	252
1432.82	252
1434.17	256
1435.52	253.778
1436.87	253.111
1438.22	258.222
1439.57	258.889
1440.91	253.111
1442.26	259.333
1443.61	260.222
1444.96	260.444
1446.31	253.111
1447.65	269.333
1449	254.444
1450.35	258.444
1451.69	262.444
1453.04	266.222
1454.39	265.778
1455.73	271.111
1457.08	274.889
1458.42	270.667
1459.76	272
1461.11	271.111
1462.45	277.556
1463.79	256.222
1465.14	266.222
1466.48	261.778
1467.82	269.111
1469.16	268
1470.51	264
1471.85	262.444
1473.19	266
1474.53	258.667
1475.87	262
1477.21	258.667
1478.55	257.333
1479.89	265.333
1481.23	270.444
1482.56	263.333
1483.9	267.778
1485.24	262.667
1486.58	253.333
1487.92	257.111
1489.25	258.889
1490.59	258.222
1491.93	251.556
1493.26	260.667
1494.6	256
1495.93	259.556
1497.27	256.222
1498.6	255.111
1499.94	258.889
1501.27	262
1502.6	259.556
1503.94	262.667
1505.27	269.333
1506.6	264.222
1507.94	274
1509.27	268.222
1510.6	269.333
1511.93	266.889
1513.26	264.222
1514.59	271.556
1515.92	273.556
1517.25	274.222
1518.58	267.111
1519.91	265.778
1521.24	266.222
1522.57	265.333
1523.9	267.778
1525.23	267.333
1526.55	264.444
1527.88	271.778
1529.21	272.222
1530.54	275.778
1531.86	274
1533.19	274
1534.51	276.444
1535.84	268.889
1537.16	280.889
1538.49	274
1539.81	280.889
1541.14	276
1542.46	280.667
1543.79	285.778
1545.11	288.444
1546.43	283.556
1547.75	277.333
1549.08	282.667
1550.4	282.889
1551.72	281.111
1553.04	287.111
1554.36	282.889
1555.68	289.333
1557	283.556
1558.32	287.556
1559.64	292.222
1560.96	289.333
1562.28	292.444
1563.6	293.333
1564.92	286.889
1566.24	289.556
1567.55	297.333
1568.87	286.444
1570.19	283.556
1571.51	291.556
1572.82	289.778
1574.14	292
1575.45	283.333
1576.77	285.333
1578.09	283.333
1579.4	279.556
1580.71	296.444
1582.03	285.778
1583.34	292.444
1584.66	288.667
1585.97	281.111
1587.28	286.889
1588.59	282.667
1589.91	285.333
1591.22	286
1592.53	281.556
1593.84	286.889
1595.15	282.889
1596.46	276
1597.77	276.889
1599.08	276
1600.39	276
1601.7	270.222
1603.01	262.444
1604.32	263.333
1605.63	263.556
1606.94	259.333
1608.25	256.444
1609.55	262
1610.86	250.889
1612.17	249.778
1613.47	246.889
1614.78	243.778
1616.09	239.333
1617.39	234.222
1618.7	234
1620	220
1621.31	218.889
1622.61	220.444
1623.92	211.778
1625.22	214.667
1626.52	204.222
1627.82	206.889
1629.13	205.556
1630.43	196
1631.73	203.333
1633.03	199.333
1634.34	196.444
1635.64	189.556
1636.94	189.556
1638.24	184.889
1639.54	183.333
1640.84	180.444
1642.14	176.222
1643.44	176.889
1644.74	168.889
1646.03	170
1647.33	175.778
1648.63	167.556
1649.93	164.667
1651.23	168
1652.52	162.444
1653.82	160.667
1655.12	160.444
1656.41	160
1657.71	156
1659	157.556
1660.3	155.333
1661.59	152.222
1662.89	156.444
1664.18	150.444
1665.48	147.778
1666.77	150.444
1668.06	141.333
1669.36	145.333
1670.65	144.667
1671.94	140.444
1673.23	142.444
1674.53	137.333
1675.82	142.222
1677.11	138.222
1678.4	138.222
1679.69	140.889
1680.98	136.222
1682.27	134
1683.56	135.333
1684.85	138
1686.14	133.333
1687.43	132.889
1688.71	133.111
1690	132.222
1691.29	131.556
1692.58	130.444
1693.86	126
1695.15	128
1696.44	126.889
1697.72	128.444
1699.01	130.444
1700.29	130.889
1701.58	127.778
1702.86	130.667
1704.15	128.444
1705.43	129.778
1706.72	122.889
1708	120.222
1709.28	119.556
1710.57	127.778
1711.85	125.333
1713.13	125.778
1714.41	123.556
1715.7	124.667
1716.98	122.222
1718.26	125.333
1719.54	124.444
1720.82	124.222
1722.1	125.778
1723.38	120.667
1724.66	123.111
1725.94	121.556
1727.22	119.333
1728.5	120.444
1729.78	117.333
1731.05	116
1732.33	115.556
1733.61	117.778
1734.89	119.111
1736.16	118.889
1737.44	117.556
1738.72	118.667
1739.99	110.889
1741.27	117.556
1742.54	117.778
1743.82	113.333
1745.09	114.222
1746.37	116.444
1747.64	112.889
1748.91	114.667
1750.19	108.889
1751.46	111.333
1752.73	113.111
1754.01	112.889
1755.28	114.889
1756.55	112.222
1757.82	114.444
1759.09	110.222
1760.36	113.556
1761.63	107.778
1762.91	107.333
1764.18	102.444
1765.45	108.667
1766.71	113.556
1767.98	109.111
1769.25	107.333
1770.52	105.333
1771.79	108.222
1773.06	109.778
1774.33	103.778
1775.59	112.444
1776.86	105.556
1778.13	105.333
1779.39	111.111
1780.66	106.444
1781.92	105.556
1783.19	106.222
1784.46	104.889
1785.72	108.222
1786.99	107.333
1788.25	106.444
1789.51	107.111
1790.78	105.333
1792.04	102.444
1793.3	108.222
1794.57	105.111
1795.83	107.111
1797.09	102.444
1798.35	105.111
1799.61	106.222
1800.88	99.1111
1802.14	105.333
1803.4	104.222
1804.66	101.111
1805.92	98.6667
1807.18	102.667
1808.44	101.333
1809.7	100.889
1810.96	103.333
1812.21	101.111
1813.47	98.4444
1814.73	100.667
1815.99	101.333
1817.25	105.778
1818.5	101.111
1819.76	100.667
1821.02	101.111
1822.27	98.6667
1823.53	97.1111
1824.78	100.222
1826.04	97.3333
1827.29	94.4444
1828.55	99.3333
1829.8	101.556
1831.06	94.4444
1832.31	98.6667
1833.56	98
1834.82	99.5556
1836.07	102.889
1837.32	101.111
1838.58	97.1111
1839.83	96.8889
1841.08	101.778
1842.33	99.3333
1843.58	100
1844.83	100.444
1846.08	95.3333
1847.33	97.3333
1848.58	93.5556
1849.83	97.3333
1851.08	95.5556
1852.33	95.5556
1853.58	99.1111
1854.83	94.8889
1856.08	95.5556
1857.32	98.6667
1858.57	94.2222
1859.82	92.8889
1861.07	97.5556
1862.31	93.5555
1863.56	90.8889
1864.8	95.5556
1866.05	94.2222
1867.3	96
1868.54	97.5556
1869.79	92.2222
1871.03	94
1872.27	93.3333
1873.52	96.8889
