182.393	930
184.993	932
187.593	906
190.193	874
192.79	876
195.387	848
197.983	820
200.578	852
203.174	804
205.766	846
208.36	820
210.951	828
213.542	830
216.131	886
218.721	842
221.309	864
223.897	866
226.483	944
229.069	938
231.654	1036
234.238	1086
236.821	1154
239.404	1106
241.984	1014
244.566	878
247.145	784
249.723	642
252.302	576
254.878	496
257.455	462
260.03	394
262.604	380
265.178	358
267.75	340
270.322	342
272.893	296
275.463	346
278.032	318
280.601	316
283.168	320
285.734	320
288.301	318
290.866	394
293.429	416
295.992	454
298.556	474
301.117	460
303.677	414
306.236	384
308.795	366
311.354	336
313.911	338
316.467	302
319.022	320
321.577	328
324.13	310
326.684	320
329.236	328
331.787	348
334.337	356
336.887	358
339.435	340
341.983	316
344.529	312
347.075	316
349.621	302
352.165	324
354.708	320
357.251	320
359.793	310
362.334	294
364.874	292
367.413	284
369.951	300
372.489	312
375.026	308
377.562	310
380.097	260
382.631	266
385.164	288
387.697	268
390.229	270
392.76	258
395.29	288
397.819	282
400.346	282
402.873	302
405.4	312
407.926	344
410.451	346
412.976	350
415.499	360
418.02	350
420.542	324
423.063	312
425.583	296
428.101	258
430.619	252
433.137	218
435.654	222
438.169	208
440.684	220
443.198	200
445.712	206
448.223	202
450.735	192
453.246	198
455.755	196
458.264	180
460.771	196
463.279	182
465.786	198
468.291	198
470.796	234
473.301	248
475.803	272
478.306	284
480.807	294
483.308	330
485.807	364
488.307	374
490.804	318
493.302	276
495.798	222
498.294	210
500.788	214
503.283	208
505.775	216
508.269	224
510.759	244
513.251	270
515.74	306
518.23	286
520.718	256
523.204	258
525.692	262
528.177	288
530.663	332
533.147	408
535.629	478
538.113	508
540.594	540
543.074	530
545.555	496
548.034	418
550.512	352
552.989	334
555.467	322
557.942	352
560.417	380
562.892	492
565.365	680
567.838	1106
570.309	1728
572.78	2110
575.251	1880
577.72	1216
580.189	780
582.656	512
585.123	448
587.589	426
590.055	416
592.52	382
594.983	380
597.446	348
599.908	346
602.369	294
604.829	296
607.289	310
609.747	302
612.205	260
614.663	278
617.119	336
619.574	462
622.029	742
624.483	674
626.936	418
629.389	332
631.84	302
634.291	316
636.741	302
639.19	284
641.639	268
644.086	256
646.533	240
648.979	210
651.424	214
653.869	206
656.313	192
658.754	182
661.196	184
663.638	184
666.078	166
668.518	184
670.957	176
673.394	172
675.831	168
678.268	184
680.703	174
683.137	182
685.571	168
688.005	172
690.437	176
692.868	172
695.299	168
697.729	168
700.159	168
702.586	180
705.014	214
707.441	198
709.866	214
712.292	210
714.716	210
717.14	238
719.563	226
721.984	224
724.406	238
726.825	236
729.246	260
731.665	216
734.082	234
736.5	254
738.916	276
741.332	304
743.746	340
746.161	350
748.574	350
750.987	384
753.398	372
755.81	372
758.219	366
760.629	378
763.037	366
765.445	364
767.852	340
770.258	348
772.664	336
775.068	332
777.472	328
779.876	312
782.278	354
784.679	366
787.08	414
789.48	460
791.879	448
794.278	430
796.675	464
799.072	424
801.467	410
803.864	386
806.258	340
808.651	336
811.044	302
813.437	290
815.828	256
818.218	260
820.608	244
822.997	246
825.385	282
827.773	294
830.16	394
832.546	574
834.931	790
837.315	658
839.699	476
842.081	374
844.463	350
846.844	310
849.226	310
851.606	290
853.985	276
856.363	276
858.741	278
861.117	280
863.493	258
865.868	244
868.243	260
870.616	228
872.989	252
875.36	236
877.731	228
880.102	254
882.472	232
884.841	228
887.209	224
889.577	240
891.944	230
894.31	212
896.674	238
899.039	234
901.403	230
903.766	248
906.128	268
908.49	274
910.849	270
913.209	246
915.569	246
917.927	208
920.284	218
922.641	204
924.997	222
927.353	218
929.707	206
932.061	228
934.414	230
936.765	236
939.117	232
941.469	200
943.818	238
946.167	256
948.515	254
950.863	338
953.211	344
955.556	424
957.902	504
960.246	624
962.59	642
964.933	606
967.276	484
969.617	472
971.958	428
974.298	364
976.638	336
978.976	352
981.314	402
983.651	418
985.988	466
988.323	590
990.659	972
992.992	1506
995.325	1514
997.658	1532
999.99	2560
1002.32	3906
1004.65	3480
1006.98	1890
1009.31	890
1011.64	532
1013.97	398
1016.29	342
1018.62	340
1020.94	366
1023.27	416
1025.59	564
1027.91	810
1030.24	1086
1032.56	1246
1034.88	1116
1037.2	850
1039.52	610
1041.84	484
1044.15	404
1046.47	372
1048.79	350
1051.1	314
1053.42	302
1055.73	292
1058.04	306
1060.36	308
1062.67	288
1064.98	302
1067.29	332
1069.6	316
1071.91	304
1074.22	322
1076.52	316
1078.83	300
1081.14	306
1083.44	300
1085.75	304
1088.05	304
1090.35	306
1092.65	308
1094.95	306
1097.26	320
1099.56	298
1101.86	308
1104.15	346
1106.45	340
1108.75	414
1111.05	546
1113.34	606
1115.64	558
1117.93	452
1120.22	344
1122.52	292
1124.81	270
1127.1	274
1129.39	262
1131.68	230
1133.97	256
1136.26	244
1138.54	248
1140.83	278
1143.12	262
1145.4	280
1147.69	306
1149.97	372
1152.25	420
1154.54	536
1156.82	646
1159.1	566
1161.38	438
1163.66	394
1165.94	394
1168.22	372
1170.49	406
1172.77	406
1175.05	428
1177.32	558
1179.6	700
1181.87	784
1184.14	898
1186.42	888
1188.69	836
1190.96	814
1193.23	814
1195.5	864
1197.77	834
1200.03	842
1202.3	838
1204.57	796
1206.83	720
1209.1	592
1211.36	528
1213.63	436
1215.89	388
1218.15	366
1220.41	364
1222.67	348
1224.93	344
1227.19	346
1229.45	368
1231.71	358
1233.97	336
1236.22	328
1238.48	288
1240.73	280
1242.99	256
1245.24	254
1247.5	264
1249.75	256
1252	268
1254.25	252
1256.5	246
1258.75	246
1261	264
1263.25	278
1265.49	248
1267.74	264
1269.99	262
1272.23	270
1274.48	248
1276.72	260
1278.96	264
1281.21	298
1283.45	310
1285.69	324
1287.93	350
1290.17	368
1292.41	388
1294.64	416
1296.88	508
1299.12	628
1301.36	794
1303.59	1050
1305.82	1310
1308.06	1252
1310.29	1002
1312.52	762
1314.76	616
1316.99	534
1319.22	472
1321.45	494
1323.68	484
1325.9	462
1328.13	472
1330.36	508
1332.58	464
1334.81	402
1337.04	376
1339.26	358
1341.48	340
1343.71	344
1345.93	350
1348.15	362
1350.37	340
1352.59	346
1354.81	330
1357.03	316
1359.24	320
1361.46	306
1363.68	320
1365.89	318
1368.11	308
1370.32	352
1372.54	376
1374.75	474
1376.96	568
1379.17	698
1381.38	708
1383.59	672
1385.8	578
1388.01	442
1390.22	336
1392.43	278
1394.63	274
1396.84	266
1399.05	238
1401.25	236
1403.45	222
1405.66	246
1407.86	244
1410.06	230
1412.26	218
1414.46	232
1416.66	252
1418.86	250
1421.06	276
1423.26	294
1425.46	270
1427.65	318
1429.85	300
1432.04	346
1434.24	340
1436.43	402
1438.62	420
1440.82	472
1443.01	464
1445.2	466
1447.39	504
1449.58	502
1451.77	510
1453.95	460
1456.14	406
1458.33	404
1460.52	352
1462.7	322
1464.89	306
1467.07	300
1469.25	284
1471.44	280
1473.62	280
1475.8	280
1477.98	278
1480.16	264
1482.34	266
1484.52	240
1486.7	264
1488.87	264
1491.05	242
1493.23	260
1495.4	246
1497.58	242
1499.75	242
1501.92	236
1504.1	224
1506.27	232
1508.44	214
1510.61	222
1512.78	214
1514.95	244
1517.12	216
1519.28	218
1521.45	218
1523.62	220
1525.78	214
1527.95	222
1530.11	232
1532.28	244
1534.44	210
1536.6	216
1538.76	246
1540.93	222
1543.09	222
1545.25	234
1547.41	240
1549.56	224
1551.72	246
1553.88	222
1556.03	218
1558.19	238
1560.35	244
1562.5	228
1564.65	258
1566.81	260
1568.96	276
1571.11	306
1573.26	320
1575.41	328
1577.56	400
1579.71	456
1581.86	626
1584.01	740
1586.15	700
1588.3	662
1590.45	642
1592.59	708
1594.74	780
1596.88	978
1599.02	1230
1601.17	1542
1603.31	1664
1605.45	1520
1607.59	1310
1609.73	1014
1611.87	800
1614.01	692
1616.14	560
1618.28	476
1620.42	420
1622.55	368
1624.69	326
1626.82	302
1628.96	282
1631.09	254
1633.22	260
1635.36	246
1637.49	248
1639.62	250
1641.75	254
1643.88	226
1646	242
1648.13	242
1650.26	216
1652.39	226
1654.51	236
1656.64	210
1658.76	216
1660.89	200
1663.01	200
1665.13	208
1667.26	198
1669.38	196
1671.5	210
1673.62	186
1675.74	212
1677.86	202
1679.97	208
1682.09	198
1684.21	216
1686.33	208
1688.44	208
1690.56	210
1692.67	210
1694.78	210
1696.9	206
1699.01	192
1701.12	208
1703.23	198
1705.34	194
1707.45	202
1709.56	204
1711.67	202
1713.78	196
1715.88	196
1717.99	196
1720.1	196
1722.2	198
1724.31	184
1726.41	184
1728.51	190
1730.62	180
1732.72	206
1734.82	186
1736.92	196
1739.02	194
1741.12	180
1743.22	186
1745.32	190
1747.42	186
1749.51	182
1751.61	176
1753.7	190
1755.8	174
1757.89	190
1759.99	198
1762.08	164
1764.17	172
1766.26	190
1768.36	188
1770.45	170
1772.54	176
1774.62	180
1776.71	182
1778.8	186
1780.89	176
1782.98	182
1785.06	172
1787.15	172
1789.23	170
1791.32	186
1793.4	184
1795.48	182
1797.56	172
1799.65	178
1801.73	184
1803.81	166
1805.89	188
1807.97	194
1810.04	178
1812.12	180
1814.2	180
1816.28	172
1818.35	176
1820.43	172
1822.5	196
1824.58	188
1826.65	178
1828.72	170
1830.79	190
1832.86	190
1834.94	170
1837.01	178
1839.08	174
1841.15	186
1843.21	184
1845.28	182
1847.35	174
1849.41	182
1851.48	174
1853.55	180
1855.61	180
1857.67	190
1859.74	182
1861.8	174
1863.86	170
1865.92	184
1867.98	168
1870.05	162
1872.1	170
1874.16	166
1876.22	174
1878.28	168
1880.34	176
1882.39	180
1884.45	170
1886.5	182
1888.56	180
1890.61	184
1892.67	190
1894.72	188
1896.77	190
1898.82	166
1900.87	186
1902.92	176
1904.97	170
1907.02	184
1909.07	182
1911.12	172
1913.17	186
1915.21	166
1917.26	204
1919.3	178
1921.35	194
1923.39	190
1925.43	200
1927.48	194
1929.52	174
1931.56	166
1933.6	168
1935.64	180
1937.68	196
1939.72	180
1941.76	160
1943.8	180
1945.83	172
1947.87	166
1949.91	186
1951.94	170
1953.98	176
1956.01	180
1958.05	190
1960.08	176
1962.11	174
1964.14	188
1966.17	170
1968.2	170
1970.23	166
1972.26	176
1974.29	182
1976.32	184
1978.35	186
1980.37	170
1982.4	174
1984.43	168
1986.45	182
1988.48	192
1990.5	168
1992.52	170
1994.55	178
1996.57	170
1998.59	184
2000.61	178
2002.63	166
2004.65	164
2006.67	170
2008.69	174
2010.7	164
2012.72	178
2014.74	172
2016.75	166
2018.77	176
2020.78	154
2022.8	172
2024.81	176
2026.83	168
2028.84	182
2030.85	166
2032.86	164
2034.87	176
2036.88	164
2038.89	162
2040.9	164
2042.91	174
2044.91	164
2046.92	168
2048.93	176
2050.93	172
2052.94	168
2054.94	178
2056.95	176
2058.95	168
2060.95	158
2062.95	178
2064.96	158
2066.96	158
2068.96	176
2070.96	170
2072.96	182
2074.95	178
2076.95	184
2078.95	178
2080.95	186
2082.94	168
2084.94	166
2086.93	174
2088.93	162
2090.92	176
2092.91	174
2094.91	168
2096.9	180
2098.89	166
2100.88	190
2102.87	168
2104.86	164
2106.85	168
2108.84	172
2110.83	164
2112.81	156
2114.8	166
2116.78	162
2118.77	166
2120.75	168
2122.74	172
2124.72	166
2126.71	166
2128.69	150
2130.67	164
2132.65	168
2134.63	170
2136.61	176
2138.59	164
2140.57	182
2142.55	180
2144.53	172
2146.5	186
2148.48	158
2150.46	176
2152.43	172
2154.41	170
2156.38	174
2158.35	160
2160.33	166
2162.3	180
2164.27	160
2166.24	178
2168.21	160
2170.18	164
2172.15	166
2174.12	166
2176.09	166
2178.06	158
2180.03	180
2181.99	176
2183.96	170
2185.92	162
2187.89	176
2189.85	172
2191.82	166
2193.78	172
2195.74	166
2197.7	178
2199.67	170
2201.63	160
2203.59	164
2205.55	160
2207.51	162
2209.46	170
2211.42	180
2213.38	150
2215.34	156
2217.29	176
2219.25	144
2221.2	176
2223.16	146
2225.11	152
2227.06	168
2229.02	152
2230.97	180
2232.92	168
2234.87	156
2236.82	176
2238.77	162
2240.72	162
2242.67	160
2244.62	158
2246.57	154
2248.51	166
2250.46	176
2252.4	166
2254.35	172
2256.29	162
2258.24	180
2260.18	170
2262.13	166
2264.07	170
2266.01	168
2267.95	178
2269.89	158
2271.83	168
2273.77	172
2275.71	168
2277.65	162
2279.58	164
2281.52	150
2283.46	164
2285.4	182
2287.33	164
2289.27	154
2291.2	162
2293.13	160
2295.07	164
2297	160
2298.93	164
2300.86	162
2302.79	180
2304.72	168
2306.65	168
2308.58	176
2310.51	182
2312.44	182
2314.37	174
2316.29	168
2318.22	174
2320.15	168
2322.07	156
2324	162
2325.92	166
2327.84	164
2329.77	152
2331.69	180
2333.61	168
2335.53	158
2337.45	172
2339.37	170
2341.29	154
2343.21	160
2345.13	162
2347.05	164
2348.97	152
2350.88	172
2352.8	154
2354.71	176
2356.63	168
2358.54	172
2360.46	166
2362.37	168
2364.28	168
2366.2	158
2368.11	166
2370.02	164
2371.93	168
2373.84	174
2375.75	170
2377.66	154
2379.57	156
2381.47	158
2383.38	172
2385.29	152
2387.2	170
2389.1	176
2391.01	152
2392.91	180
2394.81	162
2396.72	164
2398.62	162
2400.52	164
2402.42	160
2404.33	170
2406.23	158
2408.13	154
2410.03	156
2411.92	166
2413.82	182
2415.72	174
2417.62	162
2419.51	182
2421.41	162
2423.31	144
2425.2	158
2427.1	156
2428.99	172
2430.88	170
2432.78	156
2434.67	162
2436.56	162
2438.45	170
2440.34	164
2442.23	158
2444.12	154
2446.01	164
2447.9	158
2449.79	174
