182.393	902
184.993	908
187.593	904
190.193	866
192.79	882
195.387	836
197.983	830
200.578	816
203.174	830
205.766	844
208.36	824
210.951	828
213.542	808
216.131	852
218.721	874
221.309	860
223.897	874
226.483	934
229.069	946
231.654	1016
234.238	1080
236.821	1098
239.404	1106
241.984	1016
244.566	882
247.145	742
249.723	690
252.302	608
254.878	516
257.455	472
260.03	424
262.604	356
265.178	392
267.75	356
270.322	352
272.893	334
275.463	336
278.032	338
280.601	326
283.168	334
285.734	320
288.301	366
290.866	410
293.429	412
295.992	464
298.556	500
301.117	446
303.677	428
306.236	382
308.795	378
311.354	366
313.911	342
316.467	332
319.022	336
321.577	324
324.13	324
326.684	342
329.236	334
331.787	346
334.337	364
336.887	346
339.435	362
341.983	332
344.529	324
347.075	326
349.621	322
352.165	334
354.708	316
357.251	334
359.793	346
362.334	314
364.874	298
367.413	306
369.951	324
372.489	294
375.026	296
377.562	292
380.097	310
382.631	284
385.164	274
387.697	260
390.229	282
392.76	302
395.29	292
397.819	274
400.346	296
402.873	324
405.4	322
407.926	348
410.451	350
412.976	364
415.499	388
418.02	366
420.542	362
423.063	320
425.583	296
428.101	282
430.619	270
433.137	234
435.654	246
438.169	232
440.684	246
443.198	226
445.712	220
448.223	230
450.735	200
453.246	212
455.755	196
458.264	190
460.771	212
463.279	224
465.786	218
468.291	218
470.796	228
473.301	268
475.803	282
478.306	296
480.807	314
483.308	352
485.807	372
488.307	372
490.804	332
493.302	304
495.798	256
498.294	240
500.788	222
503.283	204
505.775	224
508.269	236
510.759	248
513.251	280
515.74	322
518.23	304
520.718	272
523.204	258
525.692	292
528.177	294
530.663	342
533.147	394
535.629	450
538.113	530
540.594	562
543.074	540
545.555	500
548.034	406
550.512	366
552.989	368
555.467	344
557.942	364
560.417	416
562.892	492
565.365	676
567.838	1094
570.309	1672
572.78	2086
575.251	1806
577.72	1218
580.189	738
582.656	516
585.123	442
587.589	442
590.055	412
592.52	370
594.983	388
597.446	382
599.908	346
602.369	304
604.829	292
607.289	300
609.747	302
612.205	294
614.663	298
617.119	364
619.574	502
622.029	748
624.483	694
626.936	466
629.389	354
631.84	330
634.291	314
636.741	300
639.19	296
641.639	282
644.086	258
646.533	248
648.979	228
651.424	242
653.869	208
656.313	220
658.754	206
661.196	218
663.638	210
666.078	198
668.518	188
670.957	192
673.394	182
675.831	180
678.268	198
680.703	188
683.137	204
685.571	182
688.005	194
690.437	198
692.868	198
695.299	202
697.729	210
700.159	202
702.586	202
705.014	208
707.441	230
709.866	212
712.292	242
714.716	240
717.14	250
719.563	256
721.984	264
724.406	298
726.825	266
729.246	266
731.665	264
734.082	282
736.5	260
738.916	310
741.332	320
743.746	338
746.161	360
748.574	398
750.987	392
753.398	414
755.81	408
758.219	424
760.629	406
763.037	392
765.445	390
767.852	344
770.258	344
772.664	326
775.068	358
777.472	332
779.876	368
782.278	384
784.679	432
787.08	438
789.48	460
791.879	474
794.278	490
796.675	490
799.072	452
801.467	434
803.864	410
806.258	362
808.651	346
811.044	318
813.437	282
815.828	290
818.218	286
820.608	250
822.997	260
825.385	292
827.773	354
830.16	402
832.546	588
834.931	764
837.315	690
839.699	462
842.081	394
844.463	348
846.844	368
849.226	326
851.606	300
853.985	304
856.363	310
858.741	292
861.117	284
863.493	290
865.868	264
868.243	276
870.616	270
872.989	256
875.36	272
877.731	254
880.102	242
882.472	254
884.841	260
887.209	252
889.577	256
891.944	246
894.31	268
896.674	244
899.039	270
901.403	252
903.766	298
906.128	296
908.49	310
910.849	288
913.209	296
915.569	262
917.927	242
920.284	242
922.641	236
924.997	238
927.353	240
929.707	232
932.061	252
934.414	232
936.765	254
939.117	234
941.469	282
943.818	262
946.167	282
948.515	312
950.863	334
953.211	396
955.556	478
957.902	534
960.246	640
962.59	644
964.933	600
967.276	548
969.617	448
971.958	432
974.298	388
976.638	366
978.976	354
981.314	386
983.651	426
985.988	500
988.323	600
990.659	946
992.992	1422
995.325	1486
997.658	1552
999.99	2616
1002.32	3902
1004.65	3544
1006.98	1886
1009.31	884
1011.64	552
1013.97	410
1016.29	374
1018.62	360
1020.94	384
1023.27	488
1025.59	580
1027.91	780
1030.24	1076
1032.56	1226
1034.88	1166
1037.2	920
1039.52	656
1041.84	520
1044.15	402
1046.47	406
1048.79	358
1051.1	338
1053.42	346
1055.73	330
1058.04	340
1060.36	322
1062.67	322
1064.98	336
1067.29	332
1069.6	348
1071.91	340
1074.22	334
1076.52	330
1078.83	330
1081.14	350
1083.44	330
1085.75	310
1088.05	334
1090.35	318
1092.65	352
1094.95	324
1097.26	334
1099.56	336
1101.86	358
1104.15	334
1106.45	376
1108.75	454
1111.05	538
1113.34	640
1115.64	576
1117.93	436
1120.22	382
1122.52	302
1124.81	302
1127.1	286
1129.39	274
1131.68	250
1133.97	246
1136.26	276
1138.54	280
1140.83	284
1143.12	282
1145.4	296
1147.69	336
1149.97	374
1152.25	468
1154.54	582
1156.82	646
1159.1	570
1161.38	504
1163.66	430
1165.94	394
1168.22	406
1170.49	376
1172.77	430
1175.05	490
1177.32	560
1179.6	678
1181.87	846
1184.14	890
1186.42	916
1188.69	872
1190.96	872
1193.23	832
1195.5	826
1197.77	878
1200.03	832
1202.3	860
1204.57	784
1206.83	716
1209.1	618
1211.36	530
1213.63	476
1215.89	400
1218.15	388
1220.41	358
1222.67	362
1224.93	362
1227.19	370
1229.45	386
1231.71	392
1233.97	340
1236.22	304
1238.48	302
1240.73	288
1242.99	280
1245.24	298
1247.5	276
1249.75	284
1252	288
1254.25	282
1256.5	286
1258.75	278
1261	292
1263.25	278
1265.49	284
1267.74	282
1269.99	274
1272.23	300
1274.48	292
1276.72	278
1278.96	294
1281.21	296
1283.45	316
1285.69	356
1287.93	352
1290.17	382
1292.41	392
1294.64	436
1296.88	488
1299.12	612
1301.36	814
1303.59	1040
1305.82	1318
1308.06	1246
1310.29	1000
1312.52	726
1314.76	612
1316.99	544
1319.22	490
1321.45	476
1323.68	490
1325.9	494
1328.13	516
1330.36	466
1332.58	470
1334.81	446
1337.04	398
1339.26	388
1341.48	368
1343.71	366
1345.93	364
1348.15	366
1350.37	350
1352.59	366
1354.81	362
1357.03	364
1359.24	342
1361.46	326
1363.68	346
1365.89	338
1368.11	354
1370.32	372
1372.54	396
1374.75	514
1376.96	618
1379.17	708
1381.38	730
1383.59	688
1385.8	544
1388.01	438
1390.22	340
1392.43	306
1394.63	270
1396.84	254
1399.05	246
1401.25	238
1403.45	266
1405.66	236
1407.86	270
1410.06	254
1412.26	274
1414.46	266
1416.66	280
1418.86	266
1421.06	278
1423.26	310
1425.46	308
1427.65	320
1429.85	356
1432.04	320
1434.24	360
1436.43	404
1438.62	424
1440.82	440
1443.01	444
1445.2	508
1447.39	522
1449.58	510
1451.77	522
1453.95	474
1456.14	470
1458.33	390
1460.52	380
1462.7	336
1464.89	328
1467.07	286
1469.25	308
1471.44	300
1473.62	296
1475.8	300
1477.98	292
1480.16	274
1482.34	256
1484.52	282
1486.7	266
1488.87	272
1491.05	256
1493.23	266
1495.4	246
1497.58	250
1499.75	230
1501.92	250
1504.1	222
1506.27	238
1508.44	228
1510.61	242
1512.78	242
1514.95	252
1517.12	242
1519.28	252
1521.45	240
1523.62	232
1525.78	258
1527.95	222
1530.11	236
1532.28	242
1534.44	238
1536.6	242
1538.76	250
1540.93	248
1543.09	258
1545.25	244
1547.41	248
1549.56	230
1551.72	258
1553.88	246
1556.03	266
1558.19	258
1560.35	236
1562.5	270
1564.65	270
1566.81	280
1568.96	280
1571.11	306
1573.26	342
1575.41	358
1577.56	418
1579.71	460
1581.86	622
1584.01	738
1586.15	732
1588.3	702
1590.45	640
1592.59	750
1594.74	804
1596.88	978
1599.02	1274
1601.17	1552
1603.31	1720
1605.45	1604
1607.59	1340
1609.73	1048
1611.87	822
1614.01	690
1616.14	586
1618.28	492
1620.42	444
1622.55	394
1624.69	318
1626.82	318
1628.96	308
1631.09	298
1633.22	280
1635.36	296
1637.49	268
1639.62	270
1641.75	242
1643.88	260
1646	252
1648.13	258
1650.26	232
1652.39	266
1654.51	246
1656.64	222
1658.76	218
1660.89	230
1663.01	218
1665.13	204
1667.26	200
1669.38	232
1671.5	236
1673.62	222
1675.74	206
1677.86	220
1679.97	212
1682.09	216
1684.21	218
1686.33	220
1688.44	226
1690.56	216
1692.67	236
1694.78	216
1696.9	236
1699.01	218
1701.12	212
1703.23	224
1705.34	224
1707.45	230
1709.56	204
1711.67	212
1713.78	204
1715.88	208
1717.99	208
1720.1	212
1722.2	218
1724.31	222
1726.41	208
1728.51	208
1730.62	210
1732.72	198
1734.82	208
1736.92	210
1739.02	184
1741.12	204
1743.22	204
1745.32	204
1747.42	220
1749.51	194
1751.61	212
1753.7	196
1755.8	204
1757.89	216
1759.99	200
1762.08	202
1764.17	196
1766.26	204
1768.36	196
1770.45	188
1772.54	202
1774.62	212
1776.71	208
1778.8	200
1780.89	182
1782.98	216
1785.06	178
1787.15	188
1789.23	204
1791.32	198
1793.4	192
1795.48	184
1797.56	206
1799.65	192
1801.73	196
1803.81	196
1805.89	188
1807.97	204
1810.04	196
1812.12	196
1814.2	188
1816.28	200
1818.35	216
1820.43	188
1822.5	204
1824.58	188
1826.65	204
1828.72	196
1830.79	210
1832.86	200
1834.94	186
1837.01	210
1839.08	196
1841.15	210
1843.21	194
1845.28	172
1847.35	196
1849.41	198
1851.48	204
1853.55	202
1855.61	202
1857.67	198
1859.74	186
1861.8	202
1863.86	196
1865.92	202
1867.98	190
1870.05	188
1872.1	180
1874.16	184
1876.22	196
1878.28	210
1880.34	184
1882.39	198
1884.45	192
1886.5	198
1888.56	212
1890.61	196
1892.67	176
1894.72	194
1896.77	204
1898.82	190
1900.87	188
1902.92	196
1904.97	216
1907.02	184
1909.07	198
1911.12	188
1913.17	194
1915.21	178
1917.26	186
1919.3	200
1921.35	198
1923.39	202
1925.43	186
1927.48	198
1929.52	208
1931.56	180
1933.6	180
1935.64	202
1937.68	198
1939.72	202
1941.76	202
1943.8	196
1945.83	192
1947.87	198
1949.91	178
1951.94	186
1953.98	174
1956.01	204
1958.05	184
1960.08	184
1962.11	206
1964.14	202
1966.17	190
1968.2	184
1970.23	182
1972.26	182
1974.29	190
1976.32	188
1978.35	192
1980.37	188
1982.4	180
1984.43	178
1986.45	196
1988.48	184
1990.5	196
1992.52	170
1994.55	158
1996.57	182
1998.59	194
2000.61	186
2002.63	178
2004.65	196
2006.67	198
2008.69	176
2010.7	202
2012.72	166
2014.74	184
2016.75	196
2018.77	180
2020.78	188
2022.8	180
2024.81	180
2026.83	174
2028.84	190
2030.85	174
2032.86	178
2034.87	198
2036.88	200
2038.89	164
2040.9	186
2042.91	176
2044.91	192
2046.92	178
2048.93	192
2050.93	182
2052.94	174
2054.94	174
2056.95	186
2058.95	194
2060.95	194
2062.95	174
2064.96	172
2066.96	172
2068.96	188
2070.96	190
2072.96	192
2074.95	182
2076.95	174
2078.95	178
2080.95	176
2082.94	198
2084.94	184
2086.93	182
2088.93	188
2090.92	166
2092.91	188
2094.91	180
2096.9	176
2098.89	200
2100.88	184
2102.87	174
2104.86	176
2106.85	180
2108.84	196
2110.83	184
2112.81	184
2114.8	172
2116.78	178
2118.77	184
2120.75	192
2122.74	184
2124.72	186
2126.71	190
2128.69	190
2130.67	186
2132.65	180
2134.63	184
2136.61	182
2138.59	170
2140.57	190
2142.55	176
2144.53	184
2146.5	178
2148.48	178
2150.46	182
2152.43	174
2154.41	186
2156.38	180
2158.35	192
2160.33	166
2162.3	174
2164.27	178
2166.24	160
2168.21	172
2170.18	184
2172.15	172
2174.12	180
2176.09	184
2178.06	168
2180.03	180
2181.99	176
2183.96	182
2185.92	184
2187.89	188
2189.85	166
2191.82	182
2193.78	186
2195.74	176
2197.7	172
2199.67	172
2201.63	178
2203.59	184
2205.55	180
2207.51	172
2209.46	170
2211.42	180
2213.38	182
2215.34	168
2217.29	184
2219.25	172
2221.2	182
2223.16	184
2225.11	162
2227.06	182
2229.02	174
2230.97	178
2232.92	172
2234.87	182
2236.82	182
2238.77	172
2240.72	176
2242.67	166
2244.62	176
2246.57	186
2248.51	186
2250.46	182
2252.4	182
2254.35	174
2256.29	190
2258.24	162
2260.18	178
2262.13	182
2264.07	172
2266.01	174
2267.95	174
2269.89	184
2271.83	198
2273.77	176
2275.71	162
2277.65	168
2279.58	172
2281.52	174
2283.46	176
2285.4	174
2287.33	180
2289.27	166
2291.2	172
2293.13	174
2295.07	176
2297	168
2298.93	166
2300.86	156
2302.79	166
2304.72	188
2306.65	184
2308.58	170
2310.51	200
2312.44	176
2314.37	180
2316.29	178
2318.22	180
2320.15	174
2322.07	180
2324	178
2325.92	164
2327.84	174
2329.77	188
2331.69	166
2333.61	170
2335.53	176
2337.45	170
2339.37	178
2341.29	194
2343.21	174
2345.13	168
2347.05	180
2348.97	184
2350.88	174
2352.8	178
2354.71	172
2356.63	160
2358.54	182
2360.46	180
2362.37	178
2364.28	158
2366.2	168
2368.11	178
2370.02	196
2371.93	176
2373.84	178
2375.75	170
2377.66	176
2379.57	164
2381.47	166
2383.38	188
2385.29	188
2387.2	170
2389.1	166
2391.01	172
2392.91	170
2394.81	170
2396.72	182
2398.62	178
2400.52	182
2402.42	162
2404.33	182
2406.23	176
2408.13	184
2410.03	182
2411.92	176
2413.82	182
2415.72	176
2417.62	176
2419.51	164
2421.41	194
2423.31	174
2425.2	180
2427.1	154
2428.99	176
2430.88	186
2432.78	170
2434.67	170
2436.56	174
2438.45	184
2440.34	158
2442.23	162
2444.12	178
2446.01	180
2447.9	168
2449.79	186
