182.393	966
184.993	954
187.593	922
190.193	884
192.79	896
195.387	858
197.983	842
200.578	872
203.174	838
205.766	816
208.36	826
210.951	858
213.542	840
216.131	834
218.721	826
221.309	866
223.897	862
226.483	894
229.069	960
231.654	1020
234.238	1142
236.821	1198
239.404	1164
241.984	1054
244.566	890
247.145	772
249.723	694
252.302	578
254.878	516
257.455	472
260.03	432
262.604	402
265.178	362
267.75	356
270.322	338
272.893	350
275.463	326
278.032	356
280.601	334
283.168	344
285.734	340
288.301	346
290.866	398
293.429	454
295.992	486
298.556	504
301.117	450
303.677	436
306.236	400
308.795	396
311.354	352
313.911	360
316.467	342
319.022	352
321.577	340
324.13	336
326.684	362
329.236	356
331.787	352
334.337	378
336.887	376
339.435	350
341.983	362
344.529	338
347.075	338
349.621	344
352.165	332
354.708	346
357.251	344
359.793	348
362.334	310
364.874	302
367.413	316
369.951	334
372.489	324
375.026	316
377.562	298
380.097	314
382.631	300
385.164	282
387.697	274
390.229	294
392.76	292
395.29	306
397.819	306
400.346	302
402.873	310
405.4	334
407.926	356
410.451	354
412.976	398
415.499	380
418.02	380
420.542	360
423.063	334
425.583	306
428.101	276
430.619	258
433.137	224
435.654	236
438.169	238
440.684	248
443.198	220
445.712	222
448.223	228
450.735	226
453.246	212
455.755	208
458.264	216
460.771	206
463.279	216
465.786	226
468.291	224
470.796	250
473.301	260
475.803	296
478.306	296
480.807	336
483.308	360
485.807	410
488.307	410
490.804	348
493.302	284
495.798	276
498.294	244
500.788	242
503.283	242
505.775	228
508.269	246
510.759	260
513.251	298
515.74	294
518.23	304
520.718	276
523.204	282
525.692	272
528.177	300
530.663	326
533.147	406
535.629	500
538.113	564
540.594	566
543.074	548
545.555	534
548.034	464
550.512	372
552.989	356
555.467	348
557.942	362
560.417	440
562.892	518
565.365	734
567.838	1244
570.309	1876
572.78	2258
575.251	1934
577.72	1274
580.189	784
582.656	528
585.123	466
587.589	436
590.055	448
592.52	428
594.983	382
597.446	398
599.908	336
602.369	326
604.829	310
607.289	350
609.747	318
612.205	312
614.663	316
617.119	382
619.574	504
622.029	770
624.483	660
626.936	458
629.389	356
631.84	332
634.291	308
636.741	308
639.19	294
641.639	280
644.086	276
646.533	258
648.979	268
651.424	230
653.869	208
656.313	226
658.754	222
661.196	184
663.638	192
666.078	188
668.518	190
670.957	202
673.394	202
675.831	200
678.268	210
680.703	196
683.137	212
685.571	188
688.005	206
690.437	196
692.868	204
695.299	202
697.729	222
700.159	212
702.586	224
705.014	222
707.441	216
709.866	220
712.292	248
714.716	258
717.14	260
719.563	264
721.984	246
724.406	270
726.825	270
729.246	278
731.665	266
734.082	278
736.5	260
738.916	300
741.332	310
743.746	328
746.161	392
748.574	394
750.987	410
753.398	398
755.81	426
758.219	390
760.629	386
763.037	394
765.445	350
767.852	368
770.258	360
772.664	356
775.068	344
777.472	382
779.876	370
782.278	362
784.679	410
787.08	414
789.48	454
791.879	494
794.278	472
796.675	488
799.072	466
801.467	414
803.864	400
806.258	342
808.651	330
811.044	302
813.437	312
815.828	298
818.218	264
820.608	270
822.997	262
825.385	292
827.773	330
830.16	426
832.546	652
834.931	808
837.315	696
839.699	514
842.081	380
844.463	356
846.844	352
849.226	322
851.606	324
853.985	302
856.363	312
858.741	282
861.117	292
863.493	278
865.868	284
868.243	286
870.616	254
872.989	254
875.36	254
877.731	266
880.102	264
882.472	244
884.841	268
887.209	264
889.577	268
891.944	258
894.31	256
896.674	260
899.039	256
901.403	272
903.766	274
906.128	270
908.49	278
910.849	274
913.209	268
915.569	240
917.927	262
920.284	246
922.641	236
924.997	250
927.353	246
929.707	234
932.061	244
934.414	232
936.765	226
939.117	250
941.469	276
943.818	274
946.167	290
948.515	336
950.863	352
953.211	404
955.556	496
957.902	610
960.246	668
962.59	634
964.933	626
967.276	560
969.617	490
971.958	460
974.298	394
976.638	382
978.976	378
981.314	412
983.651	442
985.988	498
988.323	650
990.659	990
992.992	1620
995.325	1604
997.658	1642
999.99	2660
1002.32	3826
1004.65	3276
1006.98	1722
1009.31	834
1011.64	524
1013.97	406
1016.29	368
1018.62	364
1020.94	394
1023.27	444
1025.59	608
1027.91	826
1030.24	1030
1032.56	1212
1034.88	1104
1037.2	890
1039.52	634
1041.84	516
1044.15	428
1046.47	376
1048.79	354
1051.1	348
1053.42	308
1055.73	318
1058.04	316
1060.36	342
1062.67	338
1064.98	354
1067.29	336
1069.6	358
1071.91	340
1074.22	334
1076.52	308
1078.83	316
1081.14	342
1083.44	322
1085.75	326
1088.05	314
1090.35	344
1092.65	330
1094.95	352
1097.26	332
1099.56	334
1101.86	330
1104.15	344
1106.45	388
1108.75	452
1111.05	594
1113.34	686
1115.64	596
1117.93	468
1120.22	348
1122.52	344
1124.81	308
1127.1	292
1129.39	268
1131.68	254
1133.97	262
1136.26	262
1138.54	288
1140.83	300
1143.12	304
1145.4	314
1147.69	304
1149.97	366
1152.25	450
1154.54	558
1156.82	640
1159.1	538
1161.38	480
1163.66	424
1165.94	394
1168.22	388
1170.49	390
1172.77	436
1175.05	470
1177.32	594
1179.6	738
1181.87	844
1184.14	886
1186.42	918
1188.69	860
1190.96	848
1193.23	846
1195.5	896
1197.77	830
1200.03	820
1202.3	828
1204.57	796
1206.83	698
1209.1	626
1211.36	538
1213.63	452
1215.89	412
1218.15	390
1220.41	344
1222.67	354
1224.93	372
1227.19	372
1229.45	370
1231.71	386
1233.97	378
1236.22	332
1238.48	296
1240.73	306
1242.99	304
1245.24	286
1247.5	304
1249.75	290
1252	276
1254.25	280
1256.5	276
1258.75	286
1261	278
1263.25	280
1265.49	280
1267.74	298
1269.99	294
1272.23	264
1274.48	292
1276.72	290
1278.96	310
1281.21	318
1283.45	332
1285.69	360
1287.93	364
1290.17	388
1292.41	420
1294.64	470
1296.88	570
1299.12	670
1301.36	896
1303.59	1198
1305.82	1386
1308.06	1260
1310.29	1030
1312.52	768
1314.76	622
1316.99	574
1319.22	502
1321.45	480
1323.68	470
1325.9	494
1328.13	502
1330.36	486
1332.58	458
1334.81	430
1337.04	396
1339.26	386
1341.48	372
1343.71	354
1345.93	364
1348.15	360
1350.37	352
1352.59	354
1354.81	374
1357.03	342
1359.24	352
1361.46	354
1363.68	352
1365.89	316
1368.11	338
1370.32	376
1372.54	426
1374.75	498
1376.96	624
1379.17	708
1381.38	748
1383.59	716
1385.8	610
1388.01	464
1390.22	376
1392.43	290
1394.63	278
1396.84	276
1399.05	272
1401.25	258
1403.45	268
1405.66	268
1407.86	268
1410.06	266
1412.26	268
1414.46	270
1416.66	284
1418.86	312
1421.06	298
1423.26	322
1425.46	326
1427.65	346
1429.85	356
1432.04	362
1434.24	400
1436.43	436
1438.62	460
1440.82	486
1443.01	492
1445.2	500
1447.39	504
1449.58	498
1451.77	514
1453.95	486
1456.14	460
1458.33	396
1460.52	380
1462.7	350
1464.89	352
1467.07	324
1469.25	304
1471.44	314
1473.62	308
1475.8	336
1477.98	294
1480.16	310
1482.34	286
1484.52	294
1486.7	278
1488.87	268
1491.05	256
1493.23	268
1495.4	262
1497.58	268
1499.75	268
1501.92	252
1504.1	248
1506.27	254
1508.44	268
1510.61	254
1512.78	260
1514.95	256
1517.12	260
1519.28	246
1521.45	256
1523.62	240
1525.78	236
1527.95	254
1530.11	228
1532.28	254
1534.44	250
1536.6	244
1538.76	236
1540.93	238
1543.09	252
1545.25	250
1547.41	248
1549.56	256
1551.72	274
1553.88	260
1556.03	266
1558.19	278
1560.35	274
1562.5	278
1564.65	258
1566.81	296
1568.96	300
1571.11	318
1573.26	344
1575.41	402
1577.56	416
1579.71	494
1581.86	642
1584.01	748
1586.15	744
1588.3	676
1590.45	688
1592.59	750
1594.74	866
1596.88	986
1599.02	1310
1601.17	1540
1603.31	1722
1605.45	1604
1607.59	1284
1609.73	1060
1611.87	784
1614.01	678
1616.14	616
1618.28	518
1620.42	458
1622.55	388
1624.69	344
1626.82	320
1628.96	300
1631.09	310
1633.22	286
1635.36	296
1637.49	262
1639.62	250
1641.75	272
1643.88	276
1646	276
1648.13	264
1650.26	264
1652.39	250
1654.51	258
1656.64	222
1658.76	242
1660.89	230
1663.01	238
1665.13	228
1667.26	236
1669.38	228
1671.5	236
1673.62	222
1675.74	232
1677.86	228
1679.97	228
1682.09	224
1684.21	222
1686.33	220
1688.44	220
1690.56	236
1692.67	238
1694.78	216
1696.9	226
1699.01	224
1701.12	228
1703.23	222
1705.34	222
1707.45	230
1709.56	224
1711.67	226
1713.78	214
1715.88	214
1717.99	216
1720.1	230
1722.2	206
1724.31	218
1726.41	226
1728.51	210
1730.62	182
1732.72	220
1734.82	194
1736.92	212
1739.02	212
1741.12	210
1743.22	218
1745.32	220
1747.42	192
1749.51	204
1751.61	226
1753.7	222
1755.8	214
1757.89	202
1759.99	222
1762.08	218
1764.17	200
1766.26	210
1768.36	214
1770.45	194
1772.54	206
1774.62	222
1776.71	210
1778.8	212
1780.89	216
1782.98	208
1785.06	206
1787.15	202
1789.23	208
1791.32	198
1793.4	198
1795.48	226
1797.56	206
1799.65	214
1801.73	218
1803.81	214
1805.89	200
1807.97	220
1810.04	222
1812.12	196
1814.2	212
1816.28	202
1818.35	204
1820.43	218
1822.5	218
1824.58	208
1826.65	214
1828.72	194
1830.79	222
1832.86	210
1834.94	200
1837.01	198
1839.08	198
1841.15	190
1843.21	196
1845.28	210
1847.35	196
1849.41	202
1851.48	206
1853.55	212
1855.61	212
1857.67	206
1859.74	200
1861.8	212
1863.86	198
1865.92	202
1867.98	198
1870.05	190
1872.1	208
1874.16	198
1876.22	196
1878.28	212
1880.34	208
1882.39	194
1884.45	198
1886.5	202
1888.56	194
1890.61	206
1892.67	194
1894.72	202
1896.77	214
1898.82	214
1900.87	204
1902.92	210
1904.97	224
1907.02	204
1909.07	196
1911.12	206
1913.17	212
1915.21	200
1917.26	204
1919.3	214
1921.35	202
1923.39	214
1925.43	216
1927.48	194
1929.52	228
1931.56	220
1933.6	200
1935.64	218
1937.68	214
1939.72	206
1941.76	204
1943.8	214
1945.83	192
1947.87	200
1949.91	192
1951.94	208
1953.98	228
1956.01	196
1958.05	190
1960.08	202
1962.11	198
1964.14	230
1966.17	192
1968.2	184
1970.23	190
1972.26	202
1974.29	190
1976.32	188
1978.35	200
1980.37	208
1982.4	192
1984.43	214
1986.45	194
1988.48	192
1990.5	198
1992.52	206
1994.55	194
1996.57	198
1998.59	180
2000.61	198
2002.63	198
2004.65	194
2006.67	210
2008.69	198
2010.7	182
2012.72	198
2014.74	198
2016.75	188
2018.77	204
2020.78	180
2022.8	214
2024.81	204
2026.83	200
2028.84	202
2030.85	212
2032.86	208
2034.87	182
2036.88	202
2038.89	208
2040.9	188
2042.91	186
2044.91	224
2046.92	198
2048.93	200
2050.93	194
2052.94	184
2054.94	182
2056.95	204
2058.95	210
2060.95	204
2062.95	194
2064.96	196
2066.96	202
2068.96	198
2070.96	214
2072.96	204
2074.95	200
2076.95	192
2078.95	196
2080.95	192
2082.94	196
2084.94	198
2086.93	194
2088.93	182
2090.92	194
2092.91	186
2094.91	198
2096.9	200
2098.89	198
2100.88	192
2102.87	198
2104.86	204
2106.85	196
2108.84	194
2110.83	190
2112.81	192
2114.8	192
2116.78	204
2118.77	200
2120.75	180
2122.74	198
2124.72	192
2126.71	210
2128.69	200
2130.67	194
2132.65	196
2134.63	198
2136.61	198
2138.59	182
2140.57	194
2142.55	206
2144.53	188
2146.5	186
2148.48	198
2150.46	202
2152.43	186
2154.41	202
2156.38	190
2158.35	200
2160.33	192
2162.3	186
2164.27	194
2166.24	186
2168.21	186
2170.18	204
2172.15	194
2174.12	190
2176.09	188
2178.06	194
2180.03	198
2181.99	192
2183.96	182
2185.92	182
2187.89	210
2189.85	186
2191.82	188
2193.78	196
2195.74	184
2197.7	192
2199.67	184
2201.63	194
2203.59	200
2205.55	192
2207.51	194
2209.46	182
2211.42	220
2213.38	162
2215.34	180
2217.29	196
2219.25	192
2221.2	202
2223.16	180
2225.11	190
2227.06	162
2229.02	186
2230.97	190
2232.92	174
2234.87	194
2236.82	186
2238.77	202
2240.72	204
2242.67	192
2244.62	188
2246.57	206
2248.51	188
2250.46	194
2252.4	162
2254.35	202
2256.29	178
2258.24	182
2260.18	204
2262.13	184
2264.07	206
2266.01	198
2267.95	186
2269.89	176
2271.83	184
2273.77	180
2275.71	196
2277.65	180
2279.58	190
2281.52	194
2283.46	184
2285.4	184
2287.33	206
2289.27	184
2291.2	208
2293.13	198
2295.07	196
2297	188
2298.93	180
2300.86	190
2302.79	206
2304.72	174
2306.65	180
2308.58	180
2310.51	206
2312.44	176
2314.37	194
2316.29	188
2318.22	194
2320.15	214
2322.07	182
2324	198
2325.92	198
2327.84	192
2329.77	196
2331.69	190
2333.61	196
2335.53	190
2337.45	212
2339.37	194
2341.29	198
2343.21	186
2345.13	192
2347.05	202
2348.97	184
2350.88	194
2352.8	198
2354.71	188
2356.63	192
2358.54	190
2360.46	176
2362.37	184
2364.28	188
2366.2	198
2368.11	196
2370.02	198
2371.93	182
2373.84	194
2375.75	202
2377.66	204
2379.57	202
2381.47	168
2383.38	174
2385.29	188
2387.2	186
2389.1	178
2391.01	192
2392.91	182
2394.81	194
2396.72	188
2398.62	208
2400.52	184
2402.42	182
2404.33	190
2406.23	196
2408.13	192
2410.03	194
2411.92	176
2413.82	190
2415.72	190
2417.62	182
2419.51	176
2421.41	176
2423.31	184
2425.2	188
2427.1	196
2428.99	182
2430.88	186
2432.78	172
2434.67	170
2436.56	172
2438.45	194
2440.34	200
2442.23	196
2444.12	188
2446.01	200
2447.9	184
2449.79	172
