182.393	1004
184.993	928
187.593	910
190.193	904
192.79	896
195.387	854
197.983	872
200.578	846
203.174	886
205.766	858
208.36	874
210.951	838
213.542	868
216.131	844
218.721	860
221.309	904
223.897	902
226.483	974
229.069	1022
231.654	1116
234.238	1152
236.821	1252
239.404	1226
241.984	1114
244.566	1004
247.145	828
249.723	696
252.302	632
254.878	560
257.455	480
260.03	466
262.604	412
265.178	406
267.75	392
270.322	374
272.893	392
275.463	374
278.032	360
280.601	362
283.168	390
285.734	352
288.301	378
290.866	442
293.429	484
295.992	534
298.556	546
301.117	516
303.677	524
306.236	434
308.795	432
311.354	416
313.911	404
316.467	364
319.022	386
321.577	364
324.13	360
326.684	378
329.236	384
331.787	430
334.337	396
336.887	380
339.435	386
341.983	394
344.529	398
347.075	382
349.621	350
352.165	394
354.708	388
357.251	394
359.793	376
362.334	350
364.874	328
367.413	352
369.951	352
372.489	352
375.026	346
377.562	332
380.097	314
382.631	342
385.164	324
387.697	318
390.229	312
392.76	326
395.29	318
397.819	346
400.346	320
402.873	346
405.4	356
407.926	380
410.451	392
412.976	422
415.499	418
418.02	416
420.542	396
423.063	366
425.583	322
428.101	310
430.619	292
433.137	284
435.654	268
438.169	272
440.684	266
443.198	268
445.712	274
448.223	244
450.735	242
453.246	244
455.755	236
458.264	234
460.771	250
463.279	256
465.786	240
468.291	242
470.796	290
473.301	308
475.803	300
478.306	342
480.807	360
483.308	396
485.807	450
488.307	434
490.804	376
493.302	312
495.798	296
498.294	280
500.788	260
503.283	264
505.775	270
508.269	278
510.759	282
513.251	352
515.74	366
518.23	348
520.718	318
523.204	304
525.692	310
528.177	346
530.663	388
533.147	456
535.629	548
538.113	600
540.594	636
543.074	602
545.555	528
548.034	468
550.512	404
552.989	374
555.467	380
557.942	434
560.417	484
562.892	590
565.365	814
567.838	1314
570.309	2026
572.78	2434
575.251	1992
577.72	1296
580.189	784
582.656	586
585.123	512
587.589	522
590.055	456
592.52	474
594.983	428
597.446	416
599.908	402
602.369	372
604.829	344
607.289	362
609.747	370
612.205	340
614.663	364
617.119	388
619.574	550
622.029	764
624.483	672
626.936	464
629.389	390
631.84	360
634.291	378
636.741	364
639.19	352
641.639	328
644.086	314
646.533	302
648.979	288
651.424	264
653.869	248
656.313	240
658.754	250
661.196	246
663.638	240
666.078	230
668.518	212
670.957	232
673.394	234
675.831	230
678.268	238
680.703	236
683.137	210
685.571	242
688.005	224
690.437	210
692.868	234
695.299	256
697.729	232
700.159	234
702.586	252
705.014	236
707.441	264
709.866	250
712.292	280
714.716	284
717.14	292
719.563	290
721.984	300
724.406	314
726.825	316
729.246	312
731.665	290
734.082	298
736.5	296
738.916	332
741.332	366
743.746	364
746.161	392
748.574	444
750.987	434
753.398	428
755.81	456
758.219	446
760.629	420
763.037	394
765.445	384
767.852	390
770.258	374
772.664	378
775.068	392
777.472	384
779.876	388
782.278	412
784.679	430
787.08	450
789.48	468
791.879	492
794.278	494
796.675	470
799.072	486
801.467	454
803.864	418
806.258	394
808.651	368
811.044	340
813.437	344
815.828	322
818.218	316
820.608	310
822.997	314
825.385	336
827.773	356
830.16	484
832.546	694
834.931	862
837.315	736
839.699	536
842.081	426
844.463	400
846.844	376
849.226	354
851.606	346
853.985	366
856.363	326
858.741	362
861.117	338
863.493	322
865.868	304
868.243	294
870.616	326
872.989	298
875.36	296
877.731	288
880.102	286
882.472	296
884.841	278
887.209	284
889.577	288
891.944	282
894.31	276
896.674	302
899.039	284
901.403	294
903.766	308
906.128	322
908.49	328
910.849	302
913.209	308
915.569	292
917.927	286
920.284	272
922.641	286
924.997	288
927.353	276
929.707	276
932.061	264
934.414	284
936.765	274
939.117	272
941.469	288
943.818	302
946.167	290
948.515	346
950.863	382
953.211	422
955.556	518
957.902	630
960.246	724
962.59	708
964.933	676
967.276	610
969.617	520
971.958	488
974.298	442
976.638	410
978.976	440
981.314	454
983.651	502
985.988	554
988.323	652
990.659	1084
992.992	1676
995.325	1660
997.658	1650
999.99	2640
1002.32	3802
1004.65	3204
1006.98	1740
1009.31	850
1011.64	536
1013.97	448
1016.29	390
1018.62	410
1020.94	438
1023.27	510
1025.59	648
1027.91	854
1030.24	1046
1032.56	1170
1034.88	1116
1037.2	898
1039.52	670
1041.84	516
1044.15	470
1046.47	404
1048.79	392
1051.1	370
1053.42	366
1055.73	358
1058.04	358
1060.36	356
1062.67	382
1064.98	364
1067.29	386
1069.6	394
1071.91	360
1074.22	370
1076.52	366
1078.83	356
1081.14	362
1083.44	348
1085.75	380
1088.05	360
1090.35	376
1092.65	352
1094.95	380
1097.26	386
1099.56	372
1101.86	362
1104.15	416
1106.45	418
1108.75	510
1111.05	642
1113.34	720
1115.64	616
1117.93	518
1120.22	412
1122.52	362
1124.81	330
1127.1	310
1129.39	316
1131.68	322
1133.97	294
1136.26	322
1138.54	322
1140.83	338
1143.12	340
1145.4	376
1147.69	360
1149.97	390
1152.25	512
1154.54	604
1156.82	626
1159.1	612
1161.38	536
1163.66	450
1165.94	474
1168.22	446
1170.49	456
1172.77	462
1175.05	538
1177.32	600
1179.6	772
1181.87	846
1184.14	914
1186.42	920
1188.69	926
1190.96	858
1193.23	844
1195.5	884
1197.77	868
1200.03	854
1202.3	868
1204.57	818
1206.83	742
1209.1	646
1211.36	560
1213.63	496
1215.89	440
1218.15	410
1220.41	406
1222.67	402
1224.93	380
1227.19	412
1229.45	416
1231.71	404
1233.97	382
1236.22	362
1238.48	336
1240.73	342
1242.99	324
1245.24	316
1247.5	352
1249.75	302
1252	316
1254.25	320
1256.5	310
1258.75	318
1261	330
1263.25	328
1265.49	328
1267.74	328
1269.99	346
1272.23	322
1274.48	354
1276.72	344
1278.96	368
1281.21	362
1283.45	392
1285.69	390
1287.93	420
1290.17	440
1292.41	448
1294.64	522
1296.88	590
1299.12	722
1301.36	922
1303.59	1262
1305.82	1472
1308.06	1384
1310.29	1098
1312.52	798
1314.76	694
1316.99	576
1319.22	552
1321.45	540
1323.68	542
1325.9	544
1328.13	544
1330.36	526
1332.58	508
1334.81	474
1337.04	494
1339.26	420
1341.48	400
1343.71	390
1345.93	406
1348.15	408
1350.37	416
1352.59	416
1354.81	404
1357.03	396
1359.24	400
1361.46	398
1363.68	390
1365.89	400
1368.11	394
1370.32	422
1372.54	476
1374.75	578
1376.96	670
1379.17	796
1381.38	790
1383.59	764
1385.8	614
1388.01	488
1390.22	396
1392.43	346
1394.63	326
1396.84	310
1399.05	314
1401.25	304
1403.45	302
1405.66	288
1407.86	320
1410.06	310
1412.26	288
1414.46	312
1416.66	324
1418.86	344
1421.06	348
1423.26	350
1425.46	388
1427.65	368
1429.85	386
1432.04	412
1434.24	422
1436.43	446
1438.62	500
1440.82	528
1443.01	570
1445.2	538
1447.39	554
1449.58	558
1451.77	554
1453.95	506
1456.14	496
1458.33	480
1460.52	424
1462.7	394
1464.89	364
1467.07	384
1469.25	362
1471.44	348
1473.62	356
1475.8	366
1477.98	330
1480.16	342
1482.34	332
1484.52	332
1486.7	328
1488.87	288
1491.05	328
1493.23	330
1495.4	332
1497.58	300
1499.75	318
1501.92	298
1504.1	306
1506.27	290
1508.44	286
1510.61	302
1512.78	308
1514.95	290
1517.12	290
1519.28	278
1521.45	294
1523.62	292
1525.78	310
1527.95	312
1530.11	286
1532.28	274
1534.44	298
1536.6	310
1538.76	304
1540.93	298
1543.09	306
1545.25	302
1547.41	292
1549.56	300
1551.72	290
1553.88	314
1556.03	306
1558.19	302
1560.35	316
1562.5	324
1564.65	352
1566.81	338
1568.96	342
1571.11	370
1573.26	370
1575.41	416
1577.56	456
1579.71	530
1581.86	670
1584.01	788
1586.15	820
1588.3	754
1590.45	752
1592.59	816
1594.74	914
1596.88	1094
1599.02	1376
1601.17	1646
1603.31	1722
1605.45	1614
1607.59	1318
1609.73	1090
1611.87	880
1614.01	774
1616.14	642
1618.28	536
1620.42	486
1622.55	446
1624.69	398
1626.82	370
1628.96	342
1631.09	332
1633.22	314
1635.36	322
1637.49	318
1639.62	314
1641.75	304
1643.88	318
1646	302
1648.13	306
1650.26	300
1652.39	274
1654.51	280
1656.64	270
1658.76	268
1660.89	272
1663.01	280
1665.13	256
1667.26	262
1669.38	278
1671.5	258
1673.62	262
1675.74	268
1677.86	286
1679.97	256
1682.09	276
1684.21	280
1686.33	260
1688.44	262
1690.56	274
1692.67	274
1694.78	270
1696.9	276
1699.01	276
1701.12	260
1703.23	260
1705.34	274
1707.45	250
1709.56	268
1711.67	258
1713.78	262
1715.88	260
1717.99	258
1720.1	254
1722.2	252
1724.31	262
1726.41	230
1728.51	246
1730.62	236
1732.72	250
1734.82	268
1736.92	252
1739.02	244
1741.12	260
1743.22	258
1745.32	250
1747.42	238
1749.51	238
1751.61	228
1753.7	254
1755.8	230
1757.89	234
1759.99	256
1762.08	242
1764.17	254
1766.26	240
1768.36	236
1770.45	240
1772.54	236
1774.62	216
1776.71	234
1778.8	232
1780.89	250
1782.98	252
1785.06	226
1787.15	246
1789.23	252
1791.32	234
1793.4	244
1795.48	236
1797.56	234
1799.65	244
1801.73	230
1803.81	240
1805.89	240
1807.97	228
1810.04	246
1812.12	252
1814.2	242
1816.28	236
1818.35	228
1820.43	248
1822.5	232
1824.58	220
1826.65	232
1828.72	242
1830.79	214
1832.86	226
1834.94	248
1837.01	240
1839.08	234
1841.15	236
1843.21	224
1845.28	224
1847.35	246
1849.41	230
1851.48	224
1853.55	228
1855.61	226
1857.67	234
1859.74	246
1861.8	230
1863.86	232
1865.92	230
1867.98	224
1870.05	234
1872.1	230
1874.16	228
1876.22	232
1878.28	230
1880.34	252
1882.39	244
1884.45	222
1886.5	234
1888.56	228
1890.61	252
1892.67	224
1894.72	232
1896.77	218
1898.82	220
1900.87	234
1902.92	230
1904.97	236
1907.02	220
1909.07	230
1911.12	242
1913.17	244
1915.21	242
1917.26	236
1919.3	226
1921.35	234
1923.39	248
1925.43	236
1927.48	250
1929.52	236
1931.56	230
1933.6	232
1935.64	252
1937.68	222
1939.72	244
1941.76	248
1943.8	228
1945.83	232
1947.87	220
1949.91	236
1951.94	220
1953.98	234
1956.01	220
1958.05	224
1960.08	232
1962.11	228
1964.14	218
1966.17	236
1968.2	222
1970.23	218
1972.26	210
1974.29	220
1976.32	214
1978.35	236
1980.37	214
1982.4	228
1984.43	224
1986.45	232
1988.48	200
1990.5	212
1992.52	218
1994.55	238
1996.57	250
1998.59	232
2000.61	222
2002.63	218
2004.65	230
2006.67	228
2008.69	238
2010.7	242
2012.72	226
2014.74	234
2016.75	232
2018.77	220
2020.78	228
2022.8	238
2024.81	222
2026.83	232
2028.84	226
2030.85	224
2032.86	214
2034.87	224
2036.88	210
2038.89	232
2040.9	244
2042.91	230
2044.91	218
2046.92	230
2048.93	212
2050.93	236
2052.94	234
2054.94	224
2056.95	228
2058.95	234
2060.95	222
2062.95	208
2064.96	242
2066.96	226
2068.96	216
2070.96	240
2072.96	224
2074.95	222
2076.95	234
2078.95	224
2080.95	216
2082.94	226
2084.94	228
2086.93	212
2088.93	206
2090.92	216
2092.91	216
2094.91	212
2096.9	216
2098.89	212
2100.88	228
2102.87	212
2104.86	216
2106.85	202
2108.84	212
2110.83	208
2112.81	216
2114.8	210
2116.78	230
2118.77	216
2120.75	202
2122.74	204
2124.72	202
2126.71	214
2128.69	208
2130.67	214
2132.65	220
2134.63	218
2136.61	218
2138.59	200
2140.57	218
2142.55	212
2144.53	200
2146.5	214
2148.48	202
2150.46	222
2152.43	200
2154.41	224
2156.38	206
2158.35	206
2160.33	200
2162.3	230
2164.27	212
2166.24	222
2168.21	208
2170.18	212
2172.15	210
2174.12	230
2176.09	216
2178.06	218
2180.03	202
2181.99	226
2183.96	218
2185.92	212
2187.89	216
2189.85	212
2191.82	216
2193.78	236
2195.74	214
2197.7	204
2199.67	200
2201.63	212
2203.59	206
2205.55	212
2207.51	198
2209.46	200
2211.42	210
2213.38	208
2215.34	214
2217.29	224
2219.25	202
2221.2	232
2223.16	226
2225.11	200
2227.06	210
2229.02	192
2230.97	212
2232.92	198
2234.87	208
2236.82	224
2238.77	208
2240.72	210
2242.67	202
2244.62	216
2246.57	210
2248.51	204
2250.46	192
2252.4	200
2254.35	192
2256.29	212
2258.24	208
2260.18	190
2262.13	204
2264.07	220
2266.01	214
2267.95	200
2269.89	210
2271.83	196
2273.77	216
2275.71	192
2277.65	202
2279.58	218
2281.52	204
2283.46	190
2285.4	210
2287.33	204
2289.27	230
2291.2	206
2293.13	224
2295.07	222
2297	198
2298.93	196
2300.86	204
2302.79	204
2304.72	194
2306.65	196
2308.58	206
2310.51	214
2312.44	208
2314.37	218
2316.29	212
2318.22	208
2320.15	222
2322.07	190
2324	218
2325.92	228
2327.84	206
2329.77	218
2331.69	200
2333.61	200
2335.53	218
2337.45	212
2339.37	210
2341.29	188
2343.21	208
2345.13	208
2347.05	202
2348.97	204
2350.88	210
2352.8	210
2354.71	202
2356.63	190
2358.54	220
2360.46	198
2362.37	196
2364.28	206
2366.2	206
2368.11	208
2370.02	222
2371.93	196
2373.84	200
2375.75	208
2377.66	196
2379.57	204
2381.47	206
2383.38	200
2385.29	202
2387.2	212
2389.1	208
2391.01	200
2392.91	210
2394.81	208
2396.72	210
2398.62	188
2400.52	180
2402.42	214
2404.33	202
2406.23	222
2408.13	210
2410.03	198
2411.92	216
2413.82	210
2415.72	186
2417.62	192
2419.51	192
2421.41	200
2423.31	192
2425.2	202
2427.1	188
2428.99	214
2430.88	206
2432.78	200
2434.67	204
2436.56	202
2438.45	200
2440.34	208
2442.23	196
2444.12	202
2446.01	214
2447.9	206
2449.79	192
