182.393	1006
184.993	952
187.593	930
190.193	954
192.79	934
195.387	888
197.983	882
200.578	896
203.174	870
205.766	840
208.36	854
210.951	868
213.542	842
216.131	854
218.721	876
221.309	916
223.897	918
226.483	952
229.069	980
231.654	1062
234.238	1186
236.821	1194
239.404	1192
241.984	1076
244.566	920
247.145	822
249.723	676
252.302	592
254.878	542
257.455	470
260.03	440
262.604	432
265.178	394
267.75	376
270.322	388
272.893	372
275.463	350
278.032	384
280.601	352
283.168	366
285.734	382
288.301	384
290.866	430
293.429	470
295.992	514
298.556	514
301.117	494
303.677	446
306.236	432
308.795	416
311.354	370
313.911	384
316.467	354
319.022	360
321.577	372
324.13	342
326.684	360
329.236	370
331.787	390
334.337	384
336.887	388
339.435	380
341.983	386
344.529	360
347.075	326
349.621	348
352.165	364
354.708	348
357.251	352
359.793	356
362.334	330
364.874	342
367.413	352
369.951	338
372.489	334
375.026	332
377.562	326
380.097	320
382.631	322
385.164	310
387.697	308
390.229	306
392.76	292
395.29	300
397.819	314
400.346	328
402.873	334
405.4	350
407.926	366
410.451	378
412.976	416
415.499	416
418.02	420
420.542	386
423.063	342
425.583	322
428.101	308
430.619	292
433.137	294
435.654	262
438.169	244
440.684	258
443.198	258
445.712	254
448.223	244
450.735	230
453.246	220
455.755	256
458.264	222
460.771	234
463.279	240
465.786	218
468.291	238
470.796	272
473.301	274
475.803	288
478.306	358
480.807	372
483.308	404
485.807	408
488.307	430
490.804	340
493.302	324
495.798	270
498.294	254
500.788	256
503.283	252
505.775	250
508.269	272
510.759	272
513.251	302
515.74	344
518.23	336
520.718	308
523.204	272
525.692	308
528.177	322
530.663	364
533.147	432
535.629	510
538.113	596
540.594	586
543.074	558
545.555	538
548.034	458
550.512	406
552.989	362
555.467	382
557.942	394
560.417	436
562.892	510
565.365	714
567.838	1184
570.309	1842
572.78	2298
575.251	1952
577.72	1346
580.189	854
582.656	544
585.123	472
587.589	452
590.055	460
592.52	432
594.983	402
597.446	408
599.908	368
602.369	330
604.829	298
607.289	308
609.747	334
612.205	326
614.663	320
617.119	368
619.574	534
622.029	772
624.483	694
626.936	472
629.389	370
631.84	330
634.291	324
636.741	316
639.19	336
641.639	316
644.086	304
646.533	282
648.979	264
651.424	230
653.869	234
656.313	222
658.754	216
661.196	230
663.638	224
666.078	236
668.518	228
670.957	214
673.394	220
675.831	206
678.268	204
680.703	202
683.137	220
685.571	206
688.005	212
690.437	208
692.868	226
695.299	228
697.729	224
700.159	226
702.586	226
705.014	254
707.441	252
709.866	238
712.292	258
714.716	274
717.14	286
719.563	282
721.984	270
724.406	286
726.825	304
729.246	282
731.665	266
734.082	270
736.5	288
738.916	314
741.332	342
743.746	348
746.161	406
748.574	382
750.987	416
753.398	394
755.81	442
758.219	456
760.629	428
763.037	404
765.445	400
767.852	374
770.258	378
772.664	364
775.068	358
777.472	366
779.876	370
782.278	376
784.679	400
787.08	442
789.48	454
791.879	484
794.278	494
796.675	478
799.072	486
801.467	428
803.864	398
806.258	372
808.651	368
811.044	340
813.437	312
815.828	302
818.218	290
820.608	282
822.997	288
825.385	310
827.773	322
830.16	414
832.546	630
834.931	820
837.315	732
839.699	524
842.081	390
844.463	386
846.844	360
849.226	352
851.606	334
853.985	330
856.363	324
858.741	316
861.117	300
863.493	304
865.868	292
868.243	284
870.616	286
872.989	288
875.36	302
877.731	290
880.102	266
882.472	292
884.841	262
887.209	258
889.577	254
891.944	268
894.31	274
896.674	264
899.039	268
901.403	300
903.766	308
906.128	314
908.49	324
910.849	310
913.209	286
915.569	276
917.927	280
920.284	266
922.641	242
924.997	260
927.353	234
929.707	262
932.061	248
934.414	248
936.765	264
939.117	284
941.469	264
943.818	272
946.167	298
948.515	336
950.863	348
953.211	392
955.556	482
957.902	612
960.246	648
962.59	702
964.933	634
967.276	572
969.617	498
971.958	460
974.298	440
976.638	384
978.976	398
981.314	394
983.651	466
985.988	510
988.323	618
990.659	966
992.992	1522
995.325	1562
997.658	1614
999.99	2536
1002.32	3736
1004.65	3416
1006.98	1852
1009.31	922
1011.64	542
1013.97	414
1016.29	372
1018.62	388
1020.94	414
1023.27	484
1025.59	612
1027.91	794
1030.24	1048
1032.56	1204
1034.88	1138
1037.2	890
1039.52	680
1041.84	512
1044.15	454
1046.47	400
1048.79	372
1051.1	352
1053.42	340
1055.73	340
1058.04	332
1060.36	326
1062.67	316
1064.98	352
1067.29	328
1069.6	348
1071.91	342
1074.22	340
1076.52	328
1078.83	346
1081.14	336
1083.44	318
1085.75	344
1088.05	336
1090.35	352
1092.65	344
1094.95	344
1097.26	364
1099.56	338
1101.86	368
1104.15	344
1106.45	388
1108.75	476
1111.05	618
1113.34	672
1115.64	600
1117.93	482
1120.22	370
1122.52	350
1124.81	320
1127.1	292
1129.39	288
1131.68	296
1133.97	296
1136.26	280
1138.54	292
1140.83	282
1143.12	314
1145.4	326
1147.69	326
1149.97	382
1152.25	444
1154.54	582
1156.82	658
1159.1	604
1161.38	494
1163.66	440
1165.94	436
1168.22	378
1170.49	382
1172.77	428
1175.05	510
1177.32	584
1179.6	706
1181.87	882
1184.14	908
1186.42	902
1188.69	832
1190.96	810
1193.23	834
1195.5	882
1197.77	852
1200.03	860
1202.3	880
1204.57	810
1206.83	744
1209.1	652
1211.36	542
1213.63	460
1215.89	428
1218.15	372
1220.41	386
1222.67	376
1224.93	394
1227.19	398
1229.45	392
1231.71	390
1233.97	374
1236.22	338
1238.48	328
1240.73	330
1242.99	312
1245.24	308
1247.5	290
1249.75	296
1252	318
1254.25	290
1256.5	300
1258.75	282
1261	302
1263.25	302
1265.49	288
1267.74	296
1269.99	310
1272.23	300
1274.48	314
1276.72	292
1278.96	330
1281.21	320
1283.45	350
1285.69	344
1287.93	374
1290.17	402
1292.41	416
1294.64	470
1296.88	540
1299.12	686
1301.36	866
1303.59	1106
1305.82	1408
1308.06	1346
1310.29	1012
1312.52	804
1314.76	674
1316.99	574
1319.22	532
1321.45	516
1323.68	544
1325.9	520
1328.13	516
1330.36	504
1332.58	490
1334.81	458
1337.04	436
1339.26	398
1341.48	412
1343.71	382
1345.93	370
1348.15	400
1350.37	386
1352.59	388
1354.81	384
1357.03	336
1359.24	352
1361.46	330
1363.68	356
1365.89	372
1368.11	364
1370.32	398
1372.54	432
1374.75	506
1376.96	662
1379.17	692
1381.38	738
1383.59	712
1385.8	650
1388.01	472
1390.22	380
1392.43	332
1394.63	294
1396.84	278
1399.05	274
1401.25	264
1403.45	282
1405.66	296
1407.86	266
1410.06	284
1412.26	282
1414.46	284
1416.66	298
1418.86	304
1421.06	320
1423.26	354
1425.46	334
1427.65	342
1429.85	378
1432.04	350
1434.24	410
1436.43	416
1438.62	488
1440.82	492
1443.01	512
1445.2	516
1447.39	506
1449.58	494
1451.77	502
1453.95	522
1456.14	494
1458.33	414
1460.52	382
1462.7	354
1464.89	342
1467.07	342
1469.25	334
1471.44	312
1473.62	320
1475.8	324
1477.98	318
1480.16	302
1482.34	324
1484.52	294
1486.7	296
1488.87	274
1491.05	276
1493.23	280
1495.4	310
1497.58	290
1499.75	272
1501.92	274
1504.1	260
1506.27	250
1508.44	256
1510.61	266
1512.78	258
1514.95	266
1517.12	250
1519.28	256
1521.45	272
1523.62	248
1525.78	248
1527.95	266
1530.11	236
1532.28	260
1534.44	272
1536.6	280
1538.76	262
1540.93	258
1543.09	278
1545.25	278
1547.41	262
1549.56	274
1551.72	278
1553.88	274
1556.03	276
1558.19	268
1560.35	266
1562.5	282
1564.65	274
1566.81	316
1568.96	308
1571.11	332
1573.26	362
1575.41	382
1577.56	412
1579.71	486
1581.86	652
1584.01	748
1586.15	740
1588.3	700
1590.45	724
1592.59	732
1594.74	850
1596.88	1026
1599.02	1252
1601.17	1620
1603.31	1690
1605.45	1598
1607.59	1358
1609.73	1086
1611.87	862
1614.01	688
1616.14	604
1618.28	528
1620.42	462
1622.55	390
1624.69	362
1626.82	336
1628.96	294
1631.09	306
1633.22	284
1635.36	284
1637.49	288
1639.62	292
1641.75	256
1643.88	278
1646	280
1648.13	272
1650.26	268
1652.39	272
1654.51	264
1656.64	230
1658.76	240
1660.89	230
1663.01	242
1665.13	242
1667.26	226
1669.38	230
1671.5	238
1673.62	238
1675.74	230
1677.86	244
1679.97	232
1682.09	264
1684.21	232
1686.33	230
1688.44	228
1690.56	238
1692.67	244
1694.78	238
1696.9	262
1699.01	228
1701.12	246
1703.23	220
1705.34	220
1707.45	228
1709.56	222
1711.67	224
1713.78	236
1715.88	232
1717.99	216
1720.1	214
1722.2	214
1724.31	214
1726.41	232
1728.51	206
1730.62	240
1732.72	222
1734.82	226
1736.92	218
1739.02	206
1741.12	198
1743.22	214
1745.32	232
1747.42	208
1749.51	214
1751.61	214
1753.7	208
1755.8	218
1757.89	210
1759.99	226
1762.08	222
1764.17	218
1766.26	212
1768.36	204
1770.45	220
1772.54	218
1774.62	206
1776.71	214
1778.8	218
1780.89	220
1782.98	220
1785.06	218
1787.15	210
1789.23	222
1791.32	222
1793.4	224
1795.48	226
1797.56	214
1799.65	206
1801.73	220
1803.81	212
1805.89	218
1807.97	210
1810.04	210
1812.12	224
1814.2	234
1816.28	186
1818.35	206
1820.43	210
1822.5	218
1824.58	220
1826.65	208
1828.72	208
1830.79	200
1832.86	208
1834.94	224
1837.01	200
1839.08	206
1841.15	208
1843.21	220
1845.28	192
1847.35	206
1849.41	186
1851.48	212
1853.55	220
1855.61	200
1857.67	202
1859.74	204
1861.8	220
1863.86	200
1865.92	212
1867.98	224
1870.05	226
1872.1	194
1874.16	200
1876.22	218
1878.28	206
1880.34	198
1882.39	206
1884.45	228
1886.5	214
1888.56	184
1890.61	206
1892.67	188
1894.72	212
1896.77	196
1898.82	200
1900.87	200
1902.92	220
1904.97	210
1907.02	208
1909.07	214
1911.12	200
1913.17	220
1915.21	204
1917.26	200
1919.3	220
1921.35	214
1923.39	218
1925.43	208
1927.48	216
1929.52	216
1931.56	208
1933.6	196
1935.64	196
1937.68	216
1939.72	212
1941.76	206
1943.8	212
1945.83	198
1947.87	210
1949.91	206
1951.94	198
1953.98	194
1956.01	208
1958.05	206
1960.08	196
1962.11	214
1964.14	214
1966.17	198
1968.2	206
1970.23	222
1972.26	216
1974.29	194
1976.32	218
1978.35	198
1980.37	192
1982.4	218
1984.43	202
1986.45	184
1988.48	200
1990.5	192
1992.52	194
1994.55	196
1996.57	214
1998.59	176
2000.61	210
2002.63	188
2004.65	208
2006.67	202
2008.69	202
2010.7	200
2012.72	196
2014.74	202
2016.75	196
2018.77	190
2020.78	202
2022.8	214
2024.81	206
2026.83	196
2028.84	214
2030.85	202
2032.86	214
2034.87	182
2036.88	198
2038.89	202
2040.9	202
2042.91	194
2044.91	210
2046.92	200
2048.93	204
2050.93	196
2052.94	214
2054.94	182
2056.95	190
2058.95	188
2060.95	202
2062.95	210
2064.96	192
2066.96	196
2068.96	192
2070.96	204
2072.96	204
2074.95	200
2076.95	200
2078.95	206
2080.95	202
2082.94	194
2084.94	214
2086.93	198
2088.93	192
2090.92	204
2092.91	202
2094.91	202
2096.9	192
2098.89	200
2100.88	184
2102.87	200
2104.86	178
2106.85	178
2108.84	202
2110.83	192
2112.81	188
2114.8	196
2116.78	194
2118.77	200
2120.75	192
2122.74	194
2124.72	186
2126.71	196
2128.69	186
2130.67	184
2132.65	190
2134.63	196
2136.61	182
2138.59	198
2140.57	188
2142.55	202
2144.53	188
2146.5	198
2148.48	196
2150.46	200
2152.43	200
2154.41	184
2156.38	188
2158.35	188
2160.33	196
2162.3	208
2164.27	188
2166.24	188
2168.21	184
2170.18	202
2172.15	190
2174.12	180
2176.09	192
2178.06	186
2180.03	196
2181.99	178
2183.96	184
2185.92	190
2187.89	194
2189.85	208
2191.82	196
2193.78	188
2195.74	200
2197.7	182
2199.67	198
2201.63	180
2203.59	194
2205.55	194
2207.51	194
2209.46	172
2211.42	196
2213.38	198
2215.34	192
2217.29	196
2219.25	186
2221.2	168
2223.16	190
2225.11	188
2227.06	192
2229.02	188
2230.97	194
2232.92	192
2234.87	190
2236.82	178
2238.77	198
2240.72	176
2242.67	190
2244.62	202
2246.57	174
2248.51	196
2250.46	202
2252.4	184
2254.35	190
2256.29	186
2258.24	188
2260.18	182
2262.13	184
2264.07	170
2266.01	198
2267.95	178
2269.89	178
2271.83	194
2273.77	206
2275.71	188
2277.65	194
2279.58	186
2281.52	184
2283.46	188
2285.4	190
2287.33	184
2289.27	200
2291.2	174
2293.13	190
2295.07	190
2297	190
2298.93	188
2300.86	188
2302.79	180
2304.72	188
2306.65	180
2308.58	188
2310.51	204
2312.44	188
2314.37	192
2316.29	200
2318.22	186
2320.15	188
2322.07	182
2324	186
2325.92	200
2327.84	188
2329.77	180
2331.69	182
2333.61	190
2335.53	190
2337.45	178
2339.37	196
2341.29	190
2343.21	194
2345.13	186
2347.05	188
2348.97	202
2350.88	188
2352.8	182
2354.71	188
2356.63	182
2358.54	184
2360.46	188
2362.37	182
2364.28	202
2366.2	176
2368.11	184
2370.02	192
2371.93	182
2373.84	180
2375.75	176
2377.66	184
2379.57	184
2381.47	188
2383.38	186
2385.29	188
2387.2	180
2389.1	198
2391.01	182
2392.91	188
2394.81	184
2396.72	174
2398.62	196
2400.52	192
2402.42	180
2404.33	190
2406.23	186
2408.13	196
2410.03	178
2411.92	186
2413.82	194
2415.72	186
2417.62	170
2419.51	170
2421.41	170
2423.31	200
2425.2	186
2427.1	176
2428.99	174
2430.88	174
2432.78	188
2434.67	186
2436.56	180
2438.45	176
2440.34	204
2442.23	174
2444.12	176
2446.01	194
2447.9	186
2449.79	194
