186.85	570
189.449	577.333
192.047	588.444
194.645	586.222
197.241	592.667
199.837	585.111
202.431	587.556
205.025	586
207.619	587.555
210.21	585.333
212.802	593.111
215.392	576.889
217.982	589.555
220.57	591.111
223.158	599.778
225.744	584.889
228.331	603.333
230.915	592.444
233.5	612
236.083	599.333
238.666	602
241.247	607.333
243.827	609.333
246.408	606.667
248.986	603.111
251.565	610.222
254.142	617.333
256.719	605.778
259.294	602.222
261.868	621.556
264.443	615.778
267.015	607.111
269.587	599.333
272.159	599.111
274.729	603.556
277.298	611.556
279.867	606.444
282.435	608.222
285.001	604.667
287.568	620
290.133	600.667
292.697	616
295.26	616.222
297.824	625.556
300.385	621.556
302.945	605.556
305.505	611.333
308.064	622.222
310.623	624.889
313.18	629.333
315.737	627.333
318.292	636
320.847	624.889
323.402	616.222
325.955	635.555
328.507	631.333
331.058	629.333
333.609	638
336.158	648.222
338.707	632.889
341.255	632.444
343.802	650.667
346.349	653.778
348.895	656.222
351.439	649.556
353.983	657.778
356.526	651.556
359.068	669.333
361.609	644.667
364.149	672
366.689	664.445
369.227	662.889
371.765	670
374.302	665.333
376.838	678.889
379.374	699.778
381.908	684.667
384.442	680.222
386.973	664
389.505	652
392.036	660
394.567	650
397.096	643.333
399.625	653.778
402.153	661.333
404.68	651.333
407.206	651.778
409.73	657.778
412.254	669.556
414.778	657.333
417.301	649.333
419.823	655.778
422.343	664.222
424.863	654.444
427.383	667.778
429.901	672.444
432.418	688
434.935	672.222
437.451	679.556
439.966	688.667
442.48	672.222
444.993	671.778
447.506	684.222
450.019	665.778
452.528	660
455.039	693.778
457.549	694.889
460.056	680.667
462.564	669.778
465.07	676.667
467.576	669.111
470.082	675.556
472.585	670.667
475.089	670.889
477.591	670.889
480.093	677.333
482.595	676.667
485.094	675.778
487.594	671.556
490.091	676
492.59	683.778
495.086	688.444
497.582	673.556
500.076	674.222
502.571	680.444
505.064	670.222
507.558	671.111
510.049	678.222
512.54	675.556
515.03	684
517.518	694.667
520.008	690.222
522.495	674.222
524.983	684.889
527.468	672.444
529.954	680.444
532.438	690.222
534.921	678.444
537.404	668.889
539.886	672.444
542.366	685.556
544.848	671.111
547.327	688
549.805	680.444
552.284	675.333
554.76	691.556
557.236	686.667
559.711	691.778
562.186	677.556
564.66	689.333
567.132	684
569.604	684.667
572.076	680.444
574.547	686.889
577.016	696
579.484	687.778
581.952	705.333
584.419	713.778
586.887	692.444
589.352	688.222
591.816	691.778
594.28	675.111
596.743	680.889
599.205	679.333
601.667	669.333
604.127	675.333
606.588	690.889
609.047	676.222
611.505	683.778
613.963	675.333
616.419	674.444
618.875	684
621.33	688.444
623.784	686.889
626.238	684.889
628.69	690.889
631.142	686.222
633.593	691.556
636.043	683.556
638.493	685.556
640.941	681.333
643.389	689.555
645.835	689.333
648.281	693.556
650.727	685.333
653.171	678.222
655.615	682.222
658.058	683.111
660.501	684.444
662.942	679.111
665.382	676.444
667.822	676
670.261	677.111
672.699	684.667
675.137	667.778
677.574	679.111
680.008	665.333
682.443	675.333
684.878	691.556
687.312	686
689.743	671.778
692.175	681.778
694.607	683.333
697.037	681.555
699.466	670.222
701.895	687.333
704.323	682.889
706.749	680.889
709.175	681.333
711.601	699.778
714.025	693.556
716.449	690
718.871	674.889
721.294	688.667
723.716	689.778
726.136	685.778
728.556	684.444
730.975	678.444
733.394	671.556
735.812	681.556
738.228	679.111
740.644	679.111
743.058	678.667
745.473	684.222
747.886	676.667
750.3	665.778
752.711	672.444
755.123	686
757.533	672.889
759.942	662.889
762.351	672.889
764.759	683.333
767.167	673.333
769.573	671.556
771.979	687.111
774.383	674.889
776.787	684.667
779.191	683.556
781.593	684.889
783.994	691.333
786.396	676
788.796	692.222
791.195	676
793.595	691.333
795.992	680.222
798.389	683.556
800.786	695.778
803.181	680
805.576	679.333
807.969	672.222
810.363	669.333
812.755	673.778
815.147	678.444
817.537	687.111
819.927	680.667
822.318	663.333
824.706	672
827.093	679.111
829.48	683.556
831.866	676.667
834.251	673.111
836.636	660.667
839.021	668.889
841.404	665.556
843.786	669.556
846.167	664.889
848.548	674.889
850.928	677.111
853.307	671.778
855.685	661.333
858.063	676
860.44	664.222
862.816	660.667
865.192	662
867.566	678.667
869.94	675.333
872.313	668.667
874.685	670.667
877.057	681.333
879.428	669.333
881.798	689.333
884.167	676.222
886.536	672.667
888.902	680.222
891.269	672.889
893.636	683.555
896.001	692.222
898.366	680.889
900.73	671.556
903.094	672.667
905.455	675.778
907.817	679.333
910.178	668.222
912.538	676.667
914.898	664.889
917.255	676.222
919.613	665.778
921.971	664
924.327	664.444
926.682	661.778
929.037	656.222
931.391	665.111
933.744	661.556
936.096	672.889
938.449	670.667
940.799	658
943.149	662.444
945.499	669.333
947.847	668
950.195	671.778
952.542	662.222
954.889	662.667
957.235	678.222
959.579	665.556
961.924	676.444
964.266	668.889
966.609	666.889
968.951	663.333
971.292	665.111
973.632	678.667
975.972	670
978.31	687.333
980.649	678.444
982.986	663.333
985.323	665.333
987.659	666
989.994	675.778
992.328	675.556
994.662	675.333
996.995	667.556
999.326	664.444
1001.66	667.111
1003.99	677.556
1006.32	662.444
1008.65	670.667
1010.98	666.444
1013.3	668.444
1015.63	668.444
1017.96	672.889
1020.28	674.444
1022.61	669.556
1024.93	664.222
1027.25	669.111
1029.58	675.333
1031.9	672.444
1034.22	676
1036.54	669.778
1038.86	680.667
1041.18	680.889
1043.49	676.444
1045.81	669.111
1048.13	680.222
1050.44	674.222
1052.76	682.222
1055.07	682.667
1057.39	688.889
1059.7	690.667
1062.01	693.555
1064.32	693.778
1066.63	703.333
1068.94	714.222
1071.25	734.222
1073.56	746.889
1075.87	768.667
1078.17	776.222
1080.48	796
1082.79	802.667
1085.09	783.778
1087.39	783.778
1089.7	769.111
1092	752.667
1094.3	767.556
1096.6	761.778
1098.9	744.444
1101.2	729.556
1103.5	714.667
1105.8	712.222
1108.1	716.889
1110.39	714.889
1112.69	693.333
1114.98	707.556
1117.28	707.111
1119.57	718.889
1121.86	718.222
1124.16	714
1126.45	713.556
1128.74	707.778
1131.03	688.222
1133.32	688.222
1135.61	683.333
1137.89	685.556
1140.18	671.778
1142.47	678.222
1144.75	677.333
1147.04	671.111
1149.32	673.556
1151.61	679.556
1153.89	682.667
1156.17	684.889
1158.45	679.778
1160.73	671.778
1163.01	682.889
1165.29	665.778
1167.57	668.667
1169.85	673.778
1172.12	689.111
1174.4	688.222
1176.68	694.222
1178.95	713.556
1181.22	716
1183.5	712.667
1185.77	700.889
1188.04	690.222
1190.31	663.333
1192.58	662.667
1194.85	649.556
1197.12	664.889
1199.39	666.667
1201.66	672.222
1203.92	672.444
1206.19	655.333
1208.45	656
1210.72	658.889
1212.98	653.778
1215.25	650.667
1217.51	640.889
1219.77	644
1222.03	640.222
1224.29	654.444
1226.55	640.889
1228.81	658.222
1231.07	641.333
1233.33	650.222
1235.58	657.111
1237.84	656
1240.09	657.111
1242.35	652.667
1244.6	657.111
1246.86	652.222
1249.11	650.667
1251.36	655.333
1253.61	654.667
1255.86	644
1258.11	650.667
1260.36	652.889
1262.61	634.889
1264.86	660.667
1267.1	646
1269.35	649.111
1271.6	652.222
1273.84	654.444
1276.08	659.778
1278.33	640.444
1280.57	659.333
1282.81	655.778
1285.05	658
1287.29	645.111
1289.53	650.222
1291.77	662.222
1294.01	656
1296.25	649.333
1298.48	651.111
1300.72	640
1302.96	648.222
1305.19	643.555
1307.42	655.556
1309.66	658.667
1311.89	655.333
1314.12	652.222
1316.35	651.778
1318.58	649.555
1320.81	650
1323.04	643.778
1325.27	649.556
1327.5	648.444
1329.73	652
1331.95	654.667
1334.18	656.444
1336.4	659.111
1338.63	664.445
1340.85	659.333
1343.08	659.778
1345.3	656
1347.52	658.445
1349.74	644.667
1351.96	656
1354.18	651.111
1356.4	656.222
1358.61	652.222
1360.83	650.667
1363.05	653.778
1365.27	663.556
1367.48	660.667
1369.69	659.333
1371.91	660.444
1374.12	656.667
1376.33	680.667
1378.55	673.111
1380.76	664
1382.97	666.222
1385.18	676.889
1387.39	659.556
1389.59	659.778
1391.8	655.333
1394.01	646.889
1396.21	644.667
1398.42	641.778
1400.63	649.111
1402.83	641.111
1405.03	635.333
1407.24	642.889
1409.44	644
1411.64	650.889
1413.84	646
1416.04	639.111
1418.24	642.444
1420.44	645.333
1422.64	634
1424.83	639.111
1427.03	638
1429.23	636.222
1431.42	634.445
1433.62	628.222
1435.81	631.333
1438	626
1440.19	633.333
1442.39	638.222
1444.58	623.333
1446.77	632.889
1448.96	646
1451.15	623.778
1453.34	633.333
1455.52	639.778
1457.71	622
1459.9	632.222
1462.08	634
1464.27	636.222
1466.45	634
1468.64	630.889
1470.82	650.222
1473	632.222
1475.18	651.333
1477.36	627.778
1479.54	636.444
1481.72	645.111
1483.9	620
1486.08	624.889
1488.26	621.111
1490.43	631.778
1492.61	607.111
1494.78	633.111
1496.96	620.889
1499.13	621.778
1501.31	631.778
1503.48	622.444
1505.65	624.667
1507.82	614.889
1509.99	617.778
1512.16	603.111
1514.33	612.445
1516.5	610.222
1518.67	602.444
1520.84	619.556
1523	625.556
1525.17	624
1527.34	608.444
1529.5	615.111
1531.66	614
1533.83	613.556
1535.99	613.778
1538.15	622.445
1540.31	616.444
1542.47	613.778
1544.63	612.444
1546.79	606.667
1548.95	619.111
1551.11	607.556
1553.27	627.778
1555.42	608.667
1557.58	618.444
1559.73	625.333
1561.89	620.222
1564.04	612.667
1566.2	616.444
1568.35	623.778
1570.5	633.778
1572.65	612
1574.8	626.889
1576.95	645.556
1579.1	651.111
1581.25	668.889
1583.4	692.222
1585.55	729.556
1587.69	758.222
1589.84	789.556
1591.99	765.556
1594.13	723.111
1596.27	687.556
1598.42	666.222
1600.56	654.222
1602.7	636
1604.84	628.222
1606.98	623.556
1609.12	609.111
1611.26	606.444
1613.4	615.111
1615.54	604.667
1617.68	604
1619.81	602.667
1621.95	593.556
1624.08	606.444
1626.22	586.444
1628.35	600.222
1630.49	591.556
1632.62	594.222
1634.75	583.111
1636.88	591.556
1639.01	599.778
1641.14	586.444
1643.27	588.444
1645.4	592.222
1647.53	586.222
1649.66	585.111
1651.79	582.222
1653.91	589.333
1656.04	587.333
1658.16	589.333
1660.29	586.667
1662.41	586.444
1664.53	588.444
1666.66	573.556
1668.78	574.889
1670.9	579.778
1673.02	583.556
1675.14	584
1677.26	570.222
1679.38	587.111
1681.49	584.444
1683.61	580.444
1685.73	590.889
1687.84	574.667
1689.96	584
1692.07	578.667
1694.19	568.222
1696.3	583.556
1698.41	577.778
1700.52	588.222
1702.64	585.778
1704.75	576
1706.86	568.444
1708.97	578.222
1711.07	571.778
1713.18	564
1715.29	583.778
1717.4	570.667
1719.5	563.778
1721.61	576.444
1723.71	566.667
1725.82	571.778
1727.92	571.778
1730.02	570.667
1732.12	576.667
1734.23	564
1736.33	565.333
1738.43	566.889
1740.53	567.778
1742.63	569.111
1744.72	564.889
1746.82	570.222
1748.92	562.445
1751.02	561.333
1753.11	563.556
1755.21	561.556
1757.3	567.333
1759.4	557.556
1761.49	556.667
1763.58	561.556
1765.67	552
1767.76	556.889
1769.86	563.556
1771.95	543.778
1774.03	551.778
1776.12	556.222
1778.21	555.111
1780.3	570
1782.39	546.222
1784.47	558
1786.56	553.333
1788.64	559.111
1790.73	543.333
1792.81	556.222
1794.89	559.556
1796.98	561.778
1799.06	569.333
1801.14	553.333
1803.22	565.333
1805.3	549.556
1807.38	548
1809.46	557.333
1811.54	545.111
1813.61	559.111
1815.69	545.333
1817.77	548.889
1819.84	549.333
1821.92	554.889
1823.99	555.556
1826.06	540.667
1828.14	550.889
1830.21	543.111
1832.28	551.333
1834.35	548
1836.42	544.444
1838.49	541.556
1840.56	555.778
1842.63	544.667
1844.7	544.444
1846.77	540.667
1848.83	532.667
1850.9	536.222
1852.96	542.667
1855.03	535.333
1857.09	529.778
1859.15	532.667
1861.22	536
1863.28	541.778
1865.34	527.778
1867.4	528.667
1869.46	534
1871.52	530.667
1873.58	523.778
1875.64	540.222
1877.7	529.111
1879.76	529.556
1881.81	538.444
1883.87	536.667
1885.92	531.111
1887.98	533.333
1890.03	518.222
1892.09	534.889
1894.14	525.333
1896.19	524.222
1898.24	527.778
1900.29	526.889
1902.34	523.556
1904.4	530.889
1906.44	527.778
1908.49	526.889
1910.54	524.667
1912.59	515.778
1914.63	526.667
1916.68	524.222
1918.73	525.111
1920.77	520
1922.81	513.556
1924.86	512
1926.9	518.222
1928.94	519.111
1930.99	526.667
1933.03	521.556
1935.07	509.556
1937.11	518.444
1939.15	508.444
1941.19	510.667
1943.22	506.889
1945.26	528.222
1947.3	499.111
1949.33	500
1951.37	495.333
1953.4	503.778
1955.44	517.778
1957.47	504
1959.51	504.444
1961.54	508.444
1963.57	500.889
1965.6	501.778
1967.63	500.444
1969.66	502.889
1971.69	496
1973.72	498.444
1975.75	499.111
1977.78	499.333
1979.8	496.444
1981.83	494.667
1983.86	496.667
1985.88	492
1987.91	490.667
1989.93	486.889
1991.95	491.556
1993.98	491.333
1996	485.778
1998.02	496.444
2000.04	482.222
2002.06	490.667
2004.08	489.111
2006.1	486.667
2008.12	487.556
2010.14	493.111
2012.15	500.889
2014.17	486
2016.19	490.444
2018.2	490.667
2020.22	494.444
2022.23	486.667
2024.25	493.111
2026.26	487.556
2028.27	490.222
2030.28	496.222
2032.29	486.889
2034.3	475.556
2036.32	489.333
2038.32	481.333
2040.33	491.111
2042.34	497.333
2044.35	493.111
2046.36	479.556
2048.36	486.222
2050.37	488.889
2052.37	478.889
2054.38	481.111
2056.38	479.556
2058.39	485.333
2060.39	477.111
2062.39	482.444
2064.39	480.444
2066.39	476
2068.39	467.778
2070.39	474.889
2072.39	461.778
2074.39	474.444
2076.39	472.444
2078.39	472.667
2080.39	472.667
2082.38	466.889
2084.38	466
2086.37	464.444
2088.37	468.667
2090.36	464
2092.35	466.667
2094.35	463.778
2096.34	461.778
2098.33	462.444
2100.32	466.444
2102.31	470.889
2104.3	454
2106.29	464
2108.28	464
2110.27	460.444
2112.25	453.111
2114.24	462.889
2116.23	455.333
2118.21	460.889
2120.2	458.444
2122.18	451.111
2124.17	457.778
2126.15	462
2128.13	451.778
2130.11	453.778
2132.09	463.778
2134.08	446.889
2136.06	454
2138.04	448.889
2140.02	452
2141.99	450.667
2143.97	442.889
2145.95	458.222
2147.93	441.778
2149.9	460.667
2151.88	448
2153.85	450.889
2155.83	440.889
2157.8	445.111
2159.77	438
2161.75	440.889
2163.72	446.889
2165.69	447.111
2167.66	448.667
2169.63	444.667
2171.6	442.444
2173.57	439.556
2175.54	430.222
2177.51	442.667
2179.47	438.222
2181.44	436.444
2183.41	431.333
2185.37	432.444
2187.34	438.222
2189.3	430.222
2191.27	427.778
2193.23	436
2195.19	435.111
2197.15	428.667
2199.11	437.111
2201.08	430
2203.04	430.889
2205	438.889
2206.96	431.111
2208.91	437.778
2210.87	431.778
2212.83	430.889
2214.79	437.111
2216.74	446.222
2218.7	447.556
2220.65	462.222
2222.61	478.444
2224.56	499.778
2226.52	505.556
2228.47	519.556
2230.42	526.222
2232.37	509.111
2234.32	490.222
2236.27	473.778
2238.22	453.111
2240.17	452.222
2242.12	440.444
2244.07	425.556
2246.02	428
2247.97	422.222
2249.91	418.222
2251.86	414.444
2253.8	421.333
2255.75	417.111
2257.69	413.333
2259.64	420.667
2261.58	424.222
2263.52	415.778
2265.46	410.444
2267.4	417.556
2269.35	411.778
2271.29	404.889
2273.23	413.111
2275.16	409.778
2277.1	405.333
2279.04	396.222
2280.98	404.889
2282.92	397.778
2284.85	406
2286.79	397.778
2288.72	396
2290.66	399.778
2292.59	401.333
2294.52	395.111
2296.46	395.111
2298.39	400.667
2300.32	404
2302.25	403.556
2304.18	392.667
2306.11	391.111
2308.04	394.222
2309.97	392.444
2311.9	388.667
2313.83	392.444
2315.75	386
2317.68	396
2319.61	388.889
2321.53	385.111
2323.46	390
2325.38	387.111
2327.3	392.222
2329.23	387.556
2331.15	388.222
2333.07	382.444
2334.99	386.889
2336.91	381.556
2338.83	384.889
2340.75	383.778
2342.67	388.667
2344.59	384.667
2346.51	390.667
2348.43	383.111
2350.35	378.667
2352.26	376.667
2354.18	368
2356.09	376.667
2358.01	387.333
2359.92	383.111
2361.83	378.444
2363.75	369.333
2365.66	376.222
2367.57	370.889
2369.48	372.889
2371.39	368.667
2373.31	370.444
2375.21	369.778
2377.12	373.556
2379.03	373.111
2380.94	372.889
2382.85	362.667
2384.76	373.556
2386.66	372
2388.57	365.333
2390.47	362.889
2392.38	363.556
2394.28	369.111
2396.18	370
2398.09	362.667
2399.99	366.889
2401.89	371.111
2403.79	366.222
2405.69	362.889
2407.59	351.556
2409.49	357.111
2411.39	364.222
2413.29	363.111
2415.19	350.667
2417.09	357.333
2418.98	356.667
2420.88	359.111
2422.78	349.333
2424.67	360.222
2426.57	358.444
2428.46	360.222
2430.35	355.778
2432.25	354.444
2434.14	355.556
2436.03	351.333
2437.92	356.444
2439.81	352
2441.7	357.778
2443.59	351.778
2445.48	357.333
2447.37	359.111
2449.26	354.889
2451.15	356.222
2453.03	352.889
