186.85	416.222
189.449	418
192.047	432.444
194.645	427.333
197.241	426.667
199.837	433.333
202.431	428.889
205.025	424.444
207.619	429.111
210.21	435.111
212.802	432.222
215.392	423.333
217.982	432.444
220.57	439.556
223.158	427.333
225.744	436.667
228.331	439.111
230.915	437.111
233.5	437.111
236.083	441.333
238.666	438.444
241.247	443.778
243.827	440.222
246.408	450.222
248.986	455.333
251.565	446.222
254.142	447.111
256.719	450.889
259.294	450.444
261.868	442
264.443	442.222
267.015	439.556
269.587	436
272.159	425.111
274.729	432.444
277.298	432.444
279.867	434.889
282.435	427.556
285.001	436.889
287.568	425.556
290.133	421.556
292.697	419.111
295.26	431.333
297.824	414
300.385	420.444
302.945	430.889
305.505	428.889
308.064	420.222
310.623	432.889
313.18	429.556
315.737	426.222
318.292	420.444
320.847	419.333
323.402	426.667
325.955	421.111
328.507	430.889
331.058	438
333.609	429.556
336.158	433.556
338.707	427.111
341.255	435.333
343.802	437.111
346.349	444.889
348.895	448.889
351.439	450.222
353.983	446.889
356.526	444
359.068	447.333
361.609	457.778
364.149	452.889
366.689	453.333
369.227	436.222
371.765	454.222
374.302	453.111
376.838	454
379.374	472.889
381.908	471.556
384.442	447.778
386.973	454.444
389.505	432.222
392.036	437.556
394.567	435.556
397.096	443.333
399.625	429.111
402.153	430.889
404.68	421.778
407.206	438.444
409.73	445.111
412.254	440.889
414.778	436.444
417.301	451.111
419.823	443.333
422.343	442.222
424.863	443.111
427.383	445.111
429.901	440.889
432.418	446.667
434.935	474.222
437.451	468.222
439.966	460.889
442.48	465.333
444.993	451.556
447.506	443.333
450.019	445.333
452.528	443.556
455.039	444.889
457.549	453.333
460.056	453.111
462.564	446.667
465.07	457.778
467.576	432.667
470.082	445.556
472.585	450
475.089	454
477.591	441.333
480.093	447.333
482.595	456.444
485.094	457.778
487.594	457.111
490.091	456
492.59	451.778
495.086	454.222
497.582	454.667
500.076	453.111
502.571	458.667
505.064	446.667
507.558	454.889
510.049	451.333
512.54	452.444
515.03	466.222
517.518	461.333
520.008	463.778
522.495	462.889
524.983	454
527.468	456
529.954	448.444
532.438	447.556
534.921	442.222
537.404	448
539.886	444.667
542.366	449.333
544.848	443.111
547.327	443.333
549.805	451.111
552.284	452.222
554.76	452.444
557.236	447.111
559.711	449.111
562.186	446
564.66	449.111
567.132	454.667
569.604	454.667
572.076	452.444
574.547	465.778
577.016	471.556
579.484	472.889
581.952	487.333
584.419	490.667
586.887	486.222
589.352	474.667
591.816	464.222
594.28	457.111
596.743	451.778
599.205	458
601.667	443.111
604.127	452
606.588	452.889
609.047	442.667
611.505	454.222
613.963	442.667
616.419	455.333
618.875	444.667
621.33	444.889
623.784	450.444
626.238	443.778
628.69	457.111
631.142	448.444
633.593	450
636.043	459.556
638.493	454.444
640.941	457.778
643.389	462.444
645.835	457.333
648.281	456
650.727	450
653.171	451.778
655.615	450.889
658.058	457.333
660.501	443.778
662.942	444.444
665.382	446.667
667.822	439.778
670.261	430.222
672.699	443.778
675.137	446.222
677.574	449.556
680.008	440
682.443	440.222
684.878	437.333
687.312	447.111
689.743	444.444
692.175	444.889
694.607	448.222
697.037	455.778
699.466	448.444
701.895	444.667
704.323	446.222
706.749	448.667
709.175	452.667
711.601	454.444
714.025	448.667
716.449	453.778
718.871	453.556
721.294	448.222
723.716	457.111
726.136	453.778
728.556	445.556
730.975	442.222
733.394	448.222
735.812	447.778
738.228	444.222
740.644	451.778
743.058	443.111
745.473	434.889
747.886	442.444
750.3	447.111
752.711	438.444
755.123	435.111
757.533	453.556
759.942	439.556
762.351	440.222
764.759	446.889
767.167	442.667
769.573	448.667
771.979	457.778
774.383	460.222
776.787	455.111
779.191	457.556
781.593	466
783.994	464.667
786.396	450.889
788.796	435.778
791.195	458.667
793.595	449.556
795.992	440.667
798.389	444.667
800.786	442.889
803.181	438.444
805.576	446.444
807.969	445.778
810.363	435.778
812.755	442.444
815.147	443.556
817.537	440.667
819.927	442.667
822.318	442.222
824.706	455.556
827.093	442.222
829.48	447.333
831.866	454
834.251	438.444
836.636	443.556
839.021	439.333
841.404	434.222
843.786	444
846.167	433.111
848.548	441.778
850.928	436.444
853.307	436.444
855.685	443.778
858.063	437.778
860.44	439.111
862.816	437.778
865.192	435.778
867.566	438
869.94	445.111
872.313	433.778
874.685	431.556
877.057	426.889
879.428	435.778
881.798	440
884.167	443.111
886.536	439.111
888.902	432.444
891.269	448
893.636	451.333
896.001	447.333
898.366	438.444
900.73	438
903.094	435.778
905.455	441.111
907.817	433.556
910.178	439.111
912.538	436.889
914.898	432.222
917.255	434.667
919.613	427.556
921.971	431.778
924.327	425.111
926.682	418.444
929.037	427.333
931.391	430.889
933.744	428
936.096	428.444
938.449	440.889
940.799	418.667
943.149	420
945.499	429.333
947.847	429.778
950.195	434.667
952.542	434.444
954.889	430
957.235	431.556
959.579	434
961.924	440.222
964.266	442.667
966.609	436.667
968.951	440.444
971.292	442.667
973.632	436.667
975.972	440.222
978.31	433.111
980.649	441.556
982.986	437.556
985.323	438.667
987.659	435.333
989.994	449.111
992.328	436.222
994.662	435.556
996.995	435.111
999.326	430
1001.66	446.444
1003.99	431.556
1006.32	421.556
1008.65	435.778
1010.98	431.778
1013.3	432.222
1015.63	441.556
1017.96	445.556
1020.28	424.444
1022.61	438.889
1024.93	442.444
1027.25	425.556
1029.58	430.444
1031.9	436.889
1034.22	442.222
1036.54	450.889
1038.86	434.222
1041.18	446.444
1043.49	449.778
1045.81	442.667
1048.13	454.667
1050.44	466.222
1052.76	456.667
1055.07	470
1057.39	462.222
1059.7	464.667
1062.01	460.667
1064.32	480.889
1066.63	485.333
1068.94	518.222
1071.25	555.333
1073.56	594.889
1075.87	632
1078.17	665.778
1080.48	697.111
1082.79	700.222
1085.09	671.556
1087.39	650
1089.7	593.333
1092	562
1094.3	547.333
1096.6	541.778
1098.9	531.778
1101.2	507.111
1103.5	502.889
1105.8	476.667
1108.1	471.111
1110.39	475.333
1112.69	475.111
1114.98	473.556
1117.28	476.667
1119.57	475.556
1121.86	474.889
1124.16	475.556
1126.45	473.778
1128.74	459.778
1131.03	463.333
1133.32	459.333
1135.61	448.667
1137.89	441.556
1140.18	444.889
1142.47	444.222
1144.75	446.444
1147.04	445.111
1149.32	454.889
1151.61	444.667
1153.89	443.111
1156.17	446.667
1158.45	447.111
1160.73	449.111
1163.01	451.333
1165.29	434.222
1167.57	458.667
1169.85	452.444
1172.12	471.556
1174.4	496.667
1176.68	546
1178.95	559.333
1181.22	566.667
1183.5	544.222
1185.77	515.556
1188.04	489.778
1190.31	464.667
1192.58	453.333
1194.85	453.778
1197.12	454.444
1199.39	454.889
1201.66	460.222
1203.92	458.444
1206.19	462
1208.45	443.111
1210.72	434.444
1212.98	435.333
1215.25	428.444
1217.51	434
1219.77	427.333
1222.03	419.556
1224.29	421.333
1226.55	418.889
1228.81	433.333
1231.07	432.444
1233.33	427.111
1235.58	426.889
1237.84	420.444
1240.09	426
1242.35	428
1244.6	428.222
1246.86	430.667
1249.11	423.778
1251.36	428.667
1253.61	438.222
1255.86	427.333
1258.11	427.111
1260.36	422.889
1262.61	434
1264.86	418
1267.1	422
1269.35	425.778
1271.6	427.778
1273.84	425.556
1276.08	422.444
1278.33	421.556
1280.57	434.444
1282.81	430
1285.05	422.667
1287.29	426.889
1289.53	435.111
1291.77	438
1294.01	436.222
1296.25	426
1298.48	431.556
1300.72	423.111
1302.96	428
1305.19	426
1307.42	429.556
1309.66	428
1311.89	425.556
1314.12	427.556
1316.35	429.111
1318.58	430
1320.81	427.556
1323.04	438.667
1325.27	433.778
1327.5	425.111
1329.73	425.333
1331.95	429.778
1334.18	442.222
1336.4	431.556
1338.63	446.889
1340.85	446.222
1343.08	442
1345.3	434.444
1347.52	434
1349.74	439.111
1351.96	424
1354.18	431.778
1356.4	440.444
1358.61	434
1360.83	436.889
1363.05	446.889
1365.27	445.778
1367.48	448.222
1369.69	443.333
1371.91	455.556
1374.12	450.667
1376.33	461.333
1378.55	443.778
1380.76	454.444
1382.97	449.333
1385.18	445.556
1387.39	443.111
1389.59	447.556
1391.8	436.222
1394.01	442.444
1396.21	429.333
1398.42	435.556
1400.63	429.556
1402.83	429.556
1405.03	440.222
1407.24	442.667
1409.44	434.222
1411.64	435.111
1413.84	438.667
1416.04	435.111
1418.24	426
1420.44	416.889
1422.64	422
1424.83	428
1427.03	419.333
1429.23	415.111
1431.42	426.889
1433.62	411.556
1435.81	408.444
1438	411.333
1440.19	420.889
1442.39	420
1444.58	418
1446.77	423.556
1448.96	419.333
1451.15	414.889
1453.34	425.333
1455.52	430.889
1457.71	417.778
1459.9	424.889
1462.08	433.556
1464.27	429.111
1466.45	426.222
1468.64	429.556
1470.82	418
1473	423.556
1475.18	428.889
1477.36	436.889
1479.54	432.222
1481.72	439.111
1483.9	413.556
1486.08	422.222
1488.26	416.667
1490.43	412.889
1492.61	414.667
1494.78	404.222
1496.96	407.556
1499.13	418.222
1501.31	415.778
1503.48	409.778
1505.65	408.889
1507.82	416.667
1509.99	417.111
1512.16	414.889
1514.33	420.222
1516.5	409.111
1518.67	418.222
1520.84	415.778
1523	411.333
1525.17	415.556
1527.34	416.444
1529.5	422.889
1531.66	425.111
1533.83	416.889
1535.99	407.778
1538.15	410.889
1540.31	415.556
1542.47	415.333
1544.63	420.222
1546.79	417.111
1548.95	415.111
1551.11	426
1553.27	417.333
1555.42	418.444
1557.58	417.778
1559.73	425.556
1561.89	422.667
1564.04	426.667
1566.2	440.444
1568.35	430.667
1570.5	451.556
1572.65	467.333
1574.8	482.667
1576.95	509.333
1579.1	536.667
1581.25	589.555
1583.4	659.111
1585.55	744.889
1587.69	808.444
1589.84	829.111
1591.99	764.222
1594.13	683.111
1596.27	586
1598.42	534.222
1600.56	491.778
1602.7	482.444
1604.84	461.556
1606.98	431.778
1609.12	432.222
1611.26	424.889
1613.4	410.889
1615.54	418.889
1617.68	408.667
1619.81	400
1621.95	404.444
1624.08	395.556
1626.22	391.111
1628.35	393.111
1630.49	392.667
1632.62	390.667
1634.75	396.444
1636.88	399.111
1639.01	396.889
1641.14	387.778
1643.27	388.667
1645.4	386.444
1647.53	396.667
1649.66	383.111
1651.79	388.222
1653.91	394.222
1656.04	385.556
1658.16	392
1660.29	381.778
1662.41	378.667
1664.53	388.222
1666.66	384
1668.78	377.111
1670.9	382.667
1673.02	380.222
1675.14	381.556
1677.26	387.778
1679.38	385.778
1681.49	385.556
1683.61	383.333
1685.73	375.556
1687.84	380.444
1689.96	378
1692.07	379.556
1694.19	376
1696.3	376.222
1698.41	369.778
1700.52	372.667
1702.64	374
1704.75	380.889
1706.86	379.778
1708.97	373.556
1711.07	373.333
1713.18	378.444
1715.29	381.333
1717.4	371.333
1719.5	368.222
1721.61	376.667
1723.71	361.333
1725.82	376.222
1727.92	373.778
1730.02	372.444
1732.12	368
1734.23	369.556
1736.33	366
1738.43	360.444
1740.53	357.556
1742.63	360.444
1744.72	368.889
1746.82	365.556
1748.92	358
1751.02	362.667
1753.11	362.222
1755.21	369.778
1757.3	366
1759.4	353.778
1761.49	368
1763.58	358.444
1765.67	356.889
1767.76	355.778
1769.86	363.778
1771.95	357.556
1774.03	360
1776.12	363.556
1778.21	350
1780.3	352
1782.39	352
1784.47	359.333
1786.56	364.889
1788.64	361.111
1790.73	369.333
1792.81	359.333
1794.89	352.222
1796.98	357.111
1799.06	356.444
1801.14	352.222
1803.22	360
1805.3	347.333
1807.38	358.444
1809.46	359.556
1811.54	351.111
1813.61	363.111
1815.69	355.778
1817.77	358.889
1819.84	358.444
1821.92	354.667
1823.99	347.333
1826.06	362.444
1828.14	340.889
1830.21	346.667
1832.28	360.667
1834.35	358.222
1836.42	343.333
1838.49	347.111
1840.56	348.667
1842.63	356.667
1844.7	345.556
1846.77	346.889
1848.83	351.111
1850.9	344.667
1852.96	345.778
1855.03	338.889
1857.09	346.222
1859.15	347.778
1861.22	339.333
1863.28	340.444
1865.34	348
1867.4	337.556
1869.46	343.778
1871.52	336.222
1873.58	336.444
1875.64	348.444
1877.7	346
1879.76	343.556
1881.81	339.111
1883.87	345.556
1885.92	332.444
1887.98	338.222
1890.03	344
1892.09	340.889
1894.14	340.444
1896.19	336.222
1898.24	344.444
1900.29	344.889
1902.34	346.222
1904.4	339.778
1906.44	334.222
1908.49	337.778
1910.54	341.111
1912.59	337.333
1914.63	335.111
1916.68	332
1918.73	343.556
1920.77	339.333
1922.81	337.778
1924.86	339.778
1926.9	328.667
1928.94	333.111
1930.99	340
1933.03	337.556
1935.07	330.444
1937.11	334.222
1939.15	322.889
1941.19	327.111
1943.22	324.889
1945.26	329.111
1947.3	319.333
1949.33	324.667
1951.37	325.333
1953.4	324.667
1955.44	321.333
1957.47	327.556
1959.51	323.111
1961.54	323.333
1963.57	317.778
1965.6	325.556
1967.63	332.222
1969.66	320.222
1971.69	320.889
1973.72	320.222
1975.75	318
1977.78	314.444
1979.8	316.889
1981.83	313.333
1983.86	319.778
1985.88	315.556
1987.91	314
1989.93	323.556
1991.95	315.111
1993.98	321.111
1996	323.111
1998.02	311.556
2000.04	318.889
2002.06	316.444
2004.08	315.778
2006.1	319.556
2008.12	312.889
2010.14	320
2012.15	310.667
2014.17	315.778
2016.19	314.222
2018.2	313.333
2020.22	316.889
2022.23	314.889
2024.25	317.556
2026.26	314.889
2028.27	318.222
2030.28	308.222
2032.29	311.333
2034.3	313.556
2036.32	317.778
2038.32	305.778
2040.33	309.111
2042.34	318
2044.35	312.444
2046.36	306.667
2048.36	312.889
2050.37	308.222
2052.37	315.778
2054.38	311.333
2056.38	307.333
2058.39	316.889
2060.39	302.889
2062.39	304
2064.39	313.556
2066.39	298.667
2068.39	312.222
2070.39	308
2072.39	311.111
2074.39	302.444
2076.39	305.556
2078.39	298.667
2080.39	305.111
2082.38	302
2084.38	305.333
2086.37	304.222
2088.37	304.889
2090.36	304
2092.35	294.889
2094.35	304.444
2096.34	299.111
2098.33	301.778
2100.32	304.222
2102.31	301.778
2104.3	299.111
2106.29	293.111
2108.28	291.778
2110.27	304.222
2112.25	295.556
2114.24	292
2116.23	297.778
2118.21	294
2120.2	302.444
2122.18	298.667
2124.17	296.444
2126.15	298.444
2128.13	303.111
2130.11	296
2132.09	289.333
2134.08	288.222
2136.06	295.111
2138.04	298.222
2140.02	295.556
2141.99	291.333
2143.97	288
2145.95	298.667
2147.93	289.333
2149.9	290.222
2151.88	287.333
2153.85	292.444
2155.83	290.222
2157.8	290.444
2159.77	289.556
2161.75	282.889
2163.72	285.333
2165.69	290.667
2167.66	280.444
2169.63	287.111
2171.6	290
2173.57	285.778
2175.54	281.556
2177.51	285.556
2179.47	286
2181.44	286.444
2183.41	287.556
2185.37	284.444
2187.34	288.444
2189.3	284.444
2191.27	280
2193.23	274.444
2195.19	285.333
2197.15	280.444
2199.11	280.444
2201.08	279.111
2203.04	283.778
2205	283.778
2206.96	282.444
2208.91	284.444
2210.87	295.111
2212.83	303.111
2214.79	314.889
2216.74	321.111
2218.7	339.333
2220.65	363.111
2222.61	400.667
2224.56	432.667
2226.52	482
2228.47	498.667
2230.42	503.556
2232.37	483.111
2234.32	448.667
2236.27	414.889
2238.22	375.333
2240.17	348
2242.12	326
2244.07	310.667
2246.02	302.222
2247.97	294
2249.91	289.556
2251.86	279.333
2253.8	292.444
2255.75	290.667
2257.69	283.333
2259.64	281.778
2261.58	272.889
2263.52	272.667
2265.46	266.444
2267.4	269.111
2269.35	263.778
2271.29	267.333
2273.23	266
2275.16	258
2277.1	265.556
2279.04	261.333
2280.98	266.889
2282.92	264.889
2284.85	262.222
2286.79	259.111
2288.72	261.778
2290.66	261.778
2292.59	252.667
2294.52	260.889
2296.46	262.667
2298.39	257.778
2300.32	256
2302.25	266.889
2304.18	262.667
2306.11	257.556
2308.04	253.111
2309.97	264.667
2311.9	256.222
2313.83	249.556
2315.75	256.667
2317.68	262.444
2319.61	251.778
2321.53	254.889
2323.46	261.778
2325.38	251.778
2327.3	258
2329.23	253.556
2331.15	252.667
2333.07	253.778
2334.99	257.778
2336.91	258.889
2338.83	256.222
2340.75	251.556
2342.67	249.333
2344.59	248.889
2346.51	253.333
2348.43	254.667
2350.35	249.778
2352.26	245.333
2354.18	256
2356.09	252.222
2358.01	241.111
2359.92	252.444
2361.83	248.667
2363.75	247.111
2365.66	252.667
2367.57	242
2369.48	240.444
2371.39	252.444
2373.31	244.667
2375.21	245.556
2377.12	245.111
2379.03	238.222
2380.94	242.444
2382.85	244
2384.76	242
2386.66	236.667
2388.57	242.889
2390.47	244.889
2392.38	247.556
2394.28	249.778
2396.18	244
2398.09	236.222
2399.99	236.889
2401.89	239.778
2403.79	237.778
2405.69	242.444
2407.59	239.556
2409.49	238.222
2411.39	241.333
2413.29	234.444
2415.19	237.111
2417.09	238.444
2418.98	233.333
2420.88	240.889
2422.78	240.889
2424.67	238.444
2426.57	233.556
2428.46	236.889
2430.35	241.333
2432.25	234.889
2434.14	240
2436.03	231.333
2437.92	230
2439.81	230.444
2441.7	240.444
2443.59	231.778
2445.48	232.667
2447.37	232.222
2449.26	233.556
2451.15	232.667
2453.03	237.111
