186.85	822.889
189.449	814
192.047	815.556
194.645	808.444
197.241	810.667
199.837	812
202.431	814.444
205.025	833.111
207.619	831.333
210.21	816.667
212.802	827.778
215.392	813.111
217.982	827.111
220.57	829.333
223.158	828.889
225.744	833.111
228.331	826.889
230.915	841.333
233.5	838.222
236.083	844.889
238.666	836.889
241.247	855.111
243.827	858
246.408	846.667
248.986	851.556
251.565	856.444
254.142	859.778
256.719	861.111
259.294	867.778
261.868	856.222
264.443	863.778
267.015	862.222
269.587	872
272.159	857.333
274.729	870.667
277.298	863.556
279.867	871.556
282.435	866.444
285.001	877.333
287.568	873.111
290.133	887.555
292.697	859.778
295.26	872.667
297.824	889.556
300.385	888.667
302.945	888.889
305.505	889.556
308.064	899.333
310.623	903.333
313.18	905.556
315.737	907.778
318.292	910.889
320.847	915.111
323.402	906.444
325.955	906
328.507	908.222
331.058	932.889
333.609	918
336.158	918.667
338.707	934.889
341.255	936.222
343.802	938
346.349	944.222
348.895	951.778
351.439	943.555
353.983	934.222
356.526	948.444
359.068	954.667
361.609	944.444
364.149	952.444
366.689	954.667
369.227	948.444
371.765	958
374.302	966.222
376.838	1002.89
379.374	1012.89
381.908	1008
384.442	998.222
386.973	968
389.505	962.444
392.036	940.444
394.567	932
397.096	938.667
399.625	934
402.153	940.667
404.68	965.111
407.206	968.889
409.73	951.778
412.254	957.333
414.778	956
417.301	959.556
419.823	953.778
422.343	971.111
424.863	963.111
427.383	971.111
429.901	974.889
432.418	970.444
434.935	997.111
437.451	1015.33
439.966	992.222
442.48	997.111
444.993	980.889
447.506	973.778
450.019	983.111
452.528	988.445
455.039	992.889
457.549	995.111
460.056	1011.33
462.564	981.556
465.07	974.222
467.576	984
470.082	961.111
472.585	968
475.089	955.556
477.591	966.667
480.093	963.333
482.595	966.889
485.094	987.556
487.594	974
490.091	984.667
492.59	987.333
495.086	974.667
497.582	976
500.076	990.222
502.571	978.222
505.064	971.333
507.558	968.222
510.049	975.778
512.54	977.778
515.03	990.889
517.518	983.778
520.008	1003.33
522.495	991.778
524.983	980.889
527.468	973.556
529.954	971.778
532.438	974.444
534.921	955.111
537.404	978.222
539.886	974.222
542.366	989.333
544.848	972.222
547.327	991.333
549.805	975.778
552.284	991.556
554.76	976.889
557.236	974.889
559.711	994
562.186	983.778
564.66	979.333
567.132	994.667
569.604	988.444
572.076	981.333
574.547	982.222
577.016	992.222
579.484	988.222
581.952	991.778
584.419	993.555
586.887	985.111
589.352	994
591.816	990.444
594.28	989.556
596.743	980.889
599.205	975.333
601.667	977.778
604.127	979.778
606.588	979.111
609.047	987.111
611.505	968.222
613.963	984
616.419	975.111
618.875	992
621.33	970.222
623.784	977.111
626.238	976.889
628.69	987.111
631.142	978.222
633.593	992.889
636.043	995.111
638.493	981.778
640.941	982.667
643.389	982
645.835	979.333
648.281	987.555
650.727	983.111
653.171	970.444
655.615	959.111
658.058	980.222
660.501	982.222
662.942	983.333
665.382	982.444
667.822	968.222
670.261	970.222
672.699	991.111
675.137	975.111
677.574	973.778
680.008	983.333
682.443	972.889
684.878	972.889
687.312	971.556
689.743	969.111
692.175	984.889
694.607	977.111
697.037	981.333
699.466	968
701.895	986.222
704.323	976
706.749	991.333
709.175	987.556
711.601	987.111
714.025	991.333
716.449	985.778
718.871	986
721.294	972.889
723.716	980.889
726.136	984.667
728.556	969.111
730.975	976.667
733.394	977.111
735.812	969.556
738.228	962.444
740.644	956.889
743.058	964.222
745.473	968.889
747.886	968.889
750.3	965.778
752.711	965.556
755.123	973.111
757.533	961.333
759.942	972.889
762.351	958.667
764.759	962.667
767.167	972.444
769.573	972.667
771.979	966.889
774.383	972.444
776.787	975.778
779.191	985.111
781.593	981.111
783.994	978
786.396	982.222
788.796	971.333
791.195	965.778
793.595	964
795.992	972.444
798.389	979.333
800.786	980.889
803.181	957.778
805.576	979.333
807.969	963.111
810.363	975.111
812.755	960
815.147	966
817.537	964.667
819.927	953.778
822.318	977.111
824.706	957.778
827.093	952
829.48	971.111
831.866	973.333
834.251	964.667
836.636	955.778
839.021	940.444
841.404	954.667
843.786	957.111
846.167	944.667
848.548	942.889
850.928	952.667
853.307	960.889
855.685	952.222
858.063	948.444
860.44	963.556
862.816	958
865.192	947.111
867.566	954.444
869.94	947.555
872.313	961.111
874.685	960.889
877.057	950.889
879.428	960.667
881.798	950
884.167	953.333
886.536	960
888.902	960.222
891.269	977.556
893.636	970.889
896.001	961.778
898.366	964.222
900.73	955.111
903.094	955.778
905.455	965.556
907.817	960.222
910.178	944.444
912.538	949.333
914.898	945.333
917.255	942.667
919.613	943.333
921.971	944.667
924.327	944.889
926.682	944
929.037	941.778
931.391	940
933.744	932.889
936.096	933.333
938.449	943.333
940.799	934.889
943.149	937.111
945.499	944.222
947.847	944.667
950.195	931.778
952.542	948.667
954.889	948.889
957.235	944
959.579	944
961.924	960.222
964.266	952.222
966.609	949.333
968.951	950.222
971.292	958
973.632	947.111
975.972	950.667
978.31	951.778
980.649	949.111
982.986	952.444
985.323	953.556
987.659	946.222
989.994	955.778
992.328	960.222
994.662	957.778
996.995	948.444
999.326	948
1001.66	950.444
1003.99	947.333
1006.32	941.111
1008.65	931.333
1010.98	929.333
1013.3	943.333
1015.63	943.333
1017.96	935.333
1020.28	937.778
1022.61	951.778
1024.93	960.222
1027.25	949.556
1029.58	947.333
1031.9	948.667
1034.22	957.556
1036.54	945.778
1038.86	955.333
1041.18	953.778
1043.49	944
1045.81	952.667
1048.13	952.889
1050.44	970.444
1052.76	974.667
1055.07	959.333
1057.39	964.222
1059.7	973.555
1062.01	972.222
1064.32	981.555
1066.63	975.333
1068.94	1008.44
1071.25	1033.56
1073.56	1037.11
1075.87	1064.89
1078.17	1073.33
1080.48	1090.22
1082.79	1072
1085.09	1065.56
1087.39	1063.11
1089.7	1068.67
1092	1071.33
1094.3	1087.78
1096.6	1105.56
1098.9	1083.78
1101.2	1062.44
1103.5	1020.89
1105.8	1012.67
1108.1	1015.11
1110.39	994.667
1112.69	998.889
1114.98	1008.22
1117.28	1012.89
1119.57	1021.11
1121.86	1038.67
1124.16	1026.67
1126.45	1004.89
1128.74	1013.11
1131.03	982.444
1133.32	972.667
1135.61	963.556
1137.89	956.889
1140.18	964.445
1142.47	952.889
1144.75	956.222
1147.04	956.889
1149.32	957.556
1151.61	967.333
1153.89	971.333
1156.17	970.222
1158.45	955.778
1160.73	937.111
1163.01	934.889
1165.29	922.667
1167.57	927.111
1169.85	944
1172.12	947.111
1174.4	963.111
1176.68	972.222
1178.95	988.445
1181.22	981.333
1183.5	980.667
1185.77	956.222
1188.04	942.889
1190.31	947.778
1192.58	914.222
1194.85	920.667
1197.12	928.222
1199.39	926.889
1201.66	934.889
1203.92	932.222
1206.19	922.222
1208.45	900.667
1210.72	918
1212.98	887.778
1215.25	904
1217.51	909.333
1219.77	905.111
1222.03	909.778
1224.29	888.444
1226.55	904
1228.81	903.333
1231.07	903.333
1233.33	913.778
1235.58	907.556
1237.84	913.111
1240.09	920.222
1242.35	915.111
1244.6	905.778
1246.86	922.667
1249.11	909.778
1251.36	907.556
1253.61	919.556
1255.86	909.333
1258.11	916.889
1260.36	896
1262.61	911.333
1264.86	923.111
1267.1	904.444
1269.35	911.333
1271.6	913.111
1273.84	904.667
1276.08	912.667
1278.33	907.111
1280.57	904
1282.81	908
1285.05	924
1287.29	906.889
1289.53	912
1291.77	913.111
1294.01	916.222
1296.25	906.444
1298.48	911.333
1300.72	911.333
1302.96	903.111
1305.19	909.111
1307.42	900.667
1309.66	911.333
1311.89	913.778
1314.12	900.222
1316.35	914.222
1318.58	925.778
1320.81	905.111
1323.04	901.556
1325.27	920.222
1327.5	928.889
1329.73	926.444
1331.95	931.556
1334.18	933.111
1336.4	940.667
1338.63	940.222
1340.85	931.111
1343.08	924.222
1345.3	931.111
1347.52	928.667
1349.74	914.667
1351.96	908
1354.18	905.111
1356.4	904.889
1358.61	916.667
1360.83	920
1363.05	928.444
1365.27	916.889
1367.48	926.889
1369.69	936.667
1371.91	936.889
1374.12	945.778
1376.33	953.333
1378.55	935.556
1380.76	956.667
1382.97	936.667
1385.18	940.222
1387.39	917.111
1389.59	919.556
1391.8	910
1394.01	905.556
1396.21	908.222
1398.42	898.222
1400.63	906.889
1402.83	888.444
1405.03	899.778
1407.24	900.667
1409.44	911.556
1411.64	906.889
1413.84	889.111
1416.04	897.333
1418.24	889.556
1420.44	885.556
1422.64	885.778
1424.83	880.889
1427.03	877.778
1429.23	892
1431.42	881.333
1433.62	872.889
1435.81	875.778
1438	882.222
1440.19	884
1442.39	878.222
1444.58	883.333
1446.77	871.778
1448.96	868
1451.15	869.556
1453.34	885.111
1455.52	876.667
1457.71	887.333
1459.9	881.111
1462.08	873.778
1464.27	890.667
1466.45	883.556
1468.64	884
1470.82	882.667
1473	872.889
1475.18	871.111
1477.36	895.111
1479.54	893.111
1481.72	884.667
1483.9	865.556
1486.08	859.778
1488.26	874.667
1490.43	860
1492.61	867.555
1494.78	866.222
1496.96	855.556
1499.13	854.667
1501.31	858.889
1503.48	858.444
1505.65	851.111
1507.82	858.222
1509.99	850.667
1512.16	852.222
1514.33	852
1516.5	849.333
1518.67	851.111
1520.84	855.111
1523	860.444
1525.17	859.556
1527.34	839.778
1529.5	856.222
1531.66	850.445
1533.83	835.333
1535.99	851.556
1538.15	839.111
1540.31	847.778
1542.47	850.444
1544.63	841.333
1546.79	841.333
1548.95	847.333
1551.11	855.556
1553.27	846.222
1555.42	846.889
1557.58	847.556
1559.73	862.667
1561.89	863.556
1564.04	842.889
1566.2	851.556
1568.35	863.333
1570.5	852.889
1572.65	865.333
1574.8	857.111
1576.95	876.667
1579.1	895.111
1581.25	920.445
1583.4	947.556
1585.55	973.778
1587.69	1003.33
1589.84	1002.67
1591.99	989.778
1594.13	943.333
1596.27	915.778
1598.42	890.222
1600.56	871.333
1602.7	856.667
1604.84	849.778
1606.98	832.444
1609.12	854
1611.26	834
1613.4	834.667
1615.54	840.667
1617.68	834.444
1619.81	833.778
1621.95	832
1624.08	818.889
1626.22	816.667
1628.35	821.333
1630.49	822.667
1632.62	824.667
1634.75	826.444
1636.88	827.111
1639.01	806.889
1641.14	814.444
1643.27	821.111
1645.4	809.778
1647.53	819.778
1649.66	814.222
1651.79	797.778
1653.91	812
1656.04	797.333
1658.16	799.778
1660.29	814.222
1662.41	808.667
1664.53	800
1666.66	796.889
1668.78	810.889
1670.9	805.111
1673.02	815.333
1675.14	808.889
1677.26	809.111
1679.38	807.333
1681.49	798
1683.61	800.667
1685.73	804.222
1687.84	803.333
1689.96	792
1692.07	794.889
1694.19	800.444
1696.3	801.555
1698.41	794.444
1700.52	796.667
1702.64	803.111
1704.75	799.111
1706.86	799.778
1708.97	800.222
1711.07	796
1713.18	787.778
1715.29	792.667
1717.4	793.111
1719.5	792
1721.61	792.222
1723.71	788
1725.82	792.667
1727.92	787.778
1730.02	783.111
1732.12	781.778
1734.23	785.556
1736.33	781.111
1738.43	771.111
1740.53	770.444
1742.63	780.444
1744.72	784.222
1746.82	760
1748.92	786
1751.02	775.333
1753.11	765.333
1755.21	771.333
1757.3	768.889
1759.4	781.778
1761.49	769.333
1763.58	774.889
1765.67	769.333
1767.76	769.333
1769.86	757.778
1771.95	757.778
1774.03	757.556
1776.12	774.444
1778.21	759.556
1780.3	762.222
1782.39	765.556
1784.47	769.333
1786.56	763.778
1788.64	769.333
1790.73	770.222
1792.81	757.111
1794.89	765.333
1796.98	764
1799.06	760.889
1801.14	768.444
1803.22	773.111
1805.3	762.222
1807.38	762.667
1809.46	760.667
1811.54	748.889
1813.61	766.889
1815.69	751.111
1817.77	764.889
1819.84	754.667
1821.92	759.333
1823.99	756.222
1826.06	747.778
1828.14	749.556
1830.21	738.444
1832.28	744.667
1834.35	740.889
1836.42	746.889
1838.49	729.556
1840.56	742.667
1842.63	746.444
1844.7	738
1846.77	733.778
1848.83	735.556
1850.9	729.333
1852.96	723.778
1855.03	738.889
1857.09	726.889
1859.15	735.778
1861.22	739.111
1863.28	732.667
1865.34	725.778
1867.4	725.333
1869.46	706.889
1871.52	730
1873.58	727.333
1875.64	731.778
1877.7	728.889
1879.76	717.778
1881.81	731.778
1883.87	731.333
1885.92	714.667
1887.98	728.667
1890.03	731.778
1892.09	720.222
1894.14	716.444
1896.19	713.333
1898.24	718.222
1900.29	719.778
1902.34	714.889
1904.4	720.889
1906.44	720
1908.49	708.889
1910.54	706.222
1912.59	718.445
1914.63	717.778
1916.68	720
1918.73	707.333
1920.77	710.667
1922.81	721.333
1924.86	706.222
1926.9	716
1928.94	706
1930.99	709.333
1933.03	698.889
1935.07	698.222
1937.11	700.222
1939.15	705.333
1941.19	688.667
1943.22	712.222
1945.26	712.667
1947.3	700.667
1949.33	692
1951.37	693.556
1953.4	700
1955.44	696.222
1957.47	678.444
1959.51	686.222
1961.54	690.667
1963.57	681.111
1965.6	695.556
1967.63	683.333
1969.66	686.667
1971.69	685.778
1973.72	675.556
1975.75	680.889
1977.78	670.889
1979.8	687.111
1981.83	670.222
1983.86	681.556
1985.88	677.556
1987.91	676.444
1989.93	676.444
1991.95	672.222
1993.98	680.667
1996	670.222
1998.02	666.222
2000.04	671.778
2002.06	675.556
2004.08	664
2006.1	674
2008.12	673.778
2010.14	670
2012.15	667.111
2014.17	664.222
2016.19	665.111
2018.2	660.222
2020.22	664.222
2022.23	664.889
2024.25	662.444
2026.26	671.556
2028.27	662
2030.28	664.667
2032.29	671.111
2034.3	660.667
2036.32	648
2038.32	655.111
2040.33	655.333
2042.34	660.667
2044.35	654.667
2046.36	664
2048.36	669.556
2050.37	658.889
2052.37	652.667
2054.38	657.556
2056.38	651.556
2058.39	646.889
2060.39	652.444
2062.39	646.667
2064.39	652.667
2066.39	651.333
2068.39	657.556
2070.39	650.222
2072.39	629.111
2074.39	632
2076.39	636.444
2078.39	632.667
2080.39	641.556
2082.38	634.667
2084.38	620.667
2086.37	639.778
2088.37	631.333
2090.36	629.333
2092.35	639.333
2094.35	638
2096.34	632.667
2098.33	626
2100.32	638
2102.31	626.444
2104.3	630
2106.29	630.889
2108.28	623.333
2110.27	638.667
2112.25	625.111
2114.24	623.111
2116.23	614.667
2118.21	614
2120.2	623.778
2122.18	629.778
2124.17	610
2126.15	631.778
2128.13	615.778
2130.11	612
2132.09	616.444
2134.08	616.444
2136.06	620
2138.04	614
2140.02	614.222
2141.99	604
2143.97	616.222
2145.95	605.556
2147.93	614.222
2149.9	608.667
2151.88	601.333
2153.85	610.667
2155.83	602.444
2157.8	608.667
2159.77	599.778
2161.75	608
2163.72	604.222
2165.69	592.889
2167.66	596.222
2169.63	602
2171.6	600.667
2173.57	602.889
2175.54	594
2177.51	592.667
2179.47	596.667
2181.44	586.222
2183.41	594.444
2185.37	584.889
2187.34	590
2189.3	575.778
2191.27	571.778
2193.23	577.556
2195.19	584.667
2197.15	575.333
2199.11	580.667
2201.08	575.778
2203.04	585.111
2205	585.333
2206.96	587.111
2208.91	585.333
2210.87	595.111
2212.83	579.778
2214.79	582.444
2216.74	592.444
2218.7	598.444
2220.65	617.333
2222.61	621.556
2224.56	631.333
2226.52	662.889
2228.47	663.556
2230.42	648.444
2232.37	653.333
2234.32	640.889
2236.27	616
2238.22	600.222
2240.17	588.667
2242.12	582.222
2244.07	570.444
2246.02	575.333
2247.97	566
2249.91	568.444
2251.86	569.556
2253.8	560.667
2255.75	568.444
2257.69	555.556
2259.64	570.889
2261.58	556.222
2263.52	548.889
2265.46	548.667
2267.4	551.333
2269.35	559.556
2271.29	555.556
2273.23	544.445
2275.16	548.222
2277.1	547.111
2279.04	540
2280.98	540
2282.92	527.333
2284.85	532.667
2286.79	544.667
2288.72	538
2290.66	539.333
2292.59	538.222
2294.52	530.444
2296.46	531.778
2298.39	544.667
2300.32	530.889
2302.25	520.667
2304.18	539.778
2306.11	538.444
2308.04	524.445
2309.97	533.778
2311.9	521.111
2313.83	532.889
2315.75	526.889
2317.68	527.111
2319.61	533.333
2321.53	516.444
2323.46	520
2325.38	524.444
2327.3	518.889
2329.23	524.667
2331.15	517.333
2333.07	520
2334.99	520.222
2336.91	519.778
2338.83	513.333
2340.75	518.445
2342.67	506.667
2344.59	515.333
2346.51	522.667
2348.43	509.556
2350.35	514.222
2352.26	518.889
2354.18	499.778
2356.09	513.111
2358.01	516.889
2359.92	503.111
2361.83	503.778
2363.75	502.889
2365.66	499.556
2367.57	500.889
2369.48	493.111
2371.39	497.778
2373.31	491.556
2375.21	501.556
2377.12	498.889
2379.03	500
2380.94	498
2382.85	484
2384.76	492.444
2386.66	495.556
2388.57	494.889
2390.47	494.667
2392.38	485.111
2394.28	484.222
2396.18	488.667
2398.09	479.778
2399.99	482.444
2401.89	489.556
2403.79	484.444
2405.69	482.667
2407.59	478.667
2409.49	484.222
2411.39	485.333
2413.29	474.667
2415.19	482
2417.09	480.667
2418.98	477.556
2420.88	476
2422.78	474.667
2424.67	477.333
2426.57	477.556
2428.46	478
2430.35	477.111
2432.25	483.778
2434.14	478.222
2436.03	473.778
2437.92	475.111
2439.81	476.889
2441.7	460
2443.59	477.111
2445.48	463.111
2447.37	461.556
2449.26	473.556
2451.15	467.333
2453.03	468.444
