178.677	2184.67
181.278	2193.78
183.879	2206.22
186.48	2248.22
189.078	2288.67
191.677	2365.11
194.275	2396.67
196.871	2502.44
199.467	2550.89
202.061	2672.22
204.656	2770.22
207.248	2876.22
209.841	3009.11
212.431	3126
215.022	3288.44
217.613	3426.22
220.201	3610.89
222.789	3813.56
225.375	4038.22
227.962	4341.33
230.547	4667.78
233.13	5007.33
235.714	5423.11
238.296	5752.22
240.879	6023.33
243.459	6105.11
246.04	6009.33
248.618	5671.11
251.196	5246.89
253.774	4633.78
256.35	4096.67
258.927	3620.67
261.501	3155.11
264.074	2816.67
266.648	2527.78
269.22	2269.56
271.791	2104
274.362	1956.89
276.931	1816.22
279.5	1731.11
282.069	1648.67
284.635	1576.67
287.201	1514.22
289.766	1453.56
292.331	1404.44
294.894	1390.44
297.457	1361.11
300.018	1329.11
302.58	1300.44
305.14	1283.78
307.699	1238
310.257	1240.89
312.814	1218.67
315.372	1192.22
317.928	1191.78
320.482	1198.22
323.036	1168
325.589	1157.56
328.142	1169.78
330.693	1162.22
333.243	1146
335.795	1140
338.343	1143.56
340.891	1133.33
343.439	1131.11
345.985	1138.89
348.53	1132.89
351.075	1118.67
353.619	1128.89
356.162	1120.67
358.704	1117.78
361.245	1116.44
363.786	1121.56
366.325	1118.89
368.864	1109.56
371.402	1107.11
373.939	1118.22
376.475	1100
379.011	1121.56
381.545	1131.78
384.079	1117.11
386.612	1107.33
389.144	1118
391.674	1102.67
394.204	1073.33
396.734	1083.56
399.263	1090
401.791	1090.89
404.318	1114.44
406.844	1097.11
409.368	1114.67
411.893	1095.78
414.417	1100.67
416.94	1096.67
419.462	1085.78
421.982	1084.67
424.502	1086.22
427.022	1093.11
429.541	1089.11
432.057	1087.33
434.574	1088
437.091	1094.22
439.606	1079.33
442.12	1088.67
444.634	1074.89
447.147	1074
449.657	1065.56
452.169	1058.67
454.68	1057.33
457.188	1080.22
459.697	1075.78
462.205	1057.78
464.711	1061.78
467.217	1056.89
469.722	1057.33
472.227	1051.11
474.731	1060.89
477.232	1060
479.735	1057.78
482.235	1060.22
484.736	1052.22
487.234	1056.22
489.734	1053.11
492.23	1041.56
494.728	1056.89
497.223	1044.22
499.719	1050.22
502.213	1047.56
504.707	1048
507.199	1044.67
509.692	1039.56
512.182	1038.89
514.673	1037.33
517.162	1033.11
519.65	1037.11
522.139	1016.67
524.625	1023.33
527.112	1002
529.597	1029.78
532.081	1013.56
534.565	1019.78
537.047	1014
539.529	1018.44
542.011	1019.78
544.491	1028
546.97	1043.78
549.45	1020
551.927	1026
554.404	1038.67
556.88	1038.67
559.356	1038.44
561.831	1025.33
564.304	1033.11
566.777	1027.78
569.25	1038.22
571.721	1033.56
574.191	1027.56
576.661	1020.67
579.129	1022.67
581.599	1027.78
584.066	1028.22
586.532	1029.33
588.997	1035.11
591.462	1021.33
593.926	1020.89
596.389	1020
598.851	1030.44
601.314	1032.22
603.775	1018.67
606.235	1039.56
608.694	1052.67
611.152	1074.89
613.609	1049.33
616.066	1040.22
618.522	1049.33
620.977	1033.56
623.431	1054
625.885	1047.78
628.338	1048.44
630.79	1049.11
633.241	1062
635.691	1058.22
638.141	1062.22
640.589	1044.22
643.036	1053.11
645.483	1046.22
647.929	1044
650.375	1058.67
652.82	1068.67
655.264	1064.44
657.707	1055.78
660.149	1046.22
662.59	1032.89
665.031	1034
667.471	1031.11
669.91	1036.44
672.349	1019.11
674.786	1041.78
677.222	1038.67
679.658	1046.89
682.093	1032
684.528	1050.22
686.96	1021.78
689.393	1039.11
691.826	1046.44
694.256	1039.11
696.686	1045.56
699.116	1044
701.545	1041.33
703.972	1051.56
706.4	1055.78
708.826	1047.33
711.251	1055.33
713.676	1053.78
716.099	1042.44
718.523	1038.89
720.946	1053.33
723.366	1034.44
725.788	1054
728.207	1059.78
730.627	1060.89
733.044	1050.44
735.462	1050.22
737.88	1056
740.295	1052.22
742.711	1056.22
745.125	1037.78
747.539	1055.78
749.951	1036.67
752.363	1068.67
754.775	1050.89
757.185	1064.44
759.595	1067.78
762.003	1094.22
764.412	1149.33
766.819	1147.33
769.225	1118.67
771.632	1095.33
774.036	1088.89
776.441	1094.22
778.844	1097.78
781.246	1091.78
783.649	1097.56
786.05	1072
788.449	1069.56
790.85	1086
793.248	1094.89
795.646	1068
798.042	1088.67
800.44	1077.11
802.835	1083.11
805.23	1086.44
807.623	1102.22
810.018	1095.56
812.41	1086.44
814.801	1090.89
817.192	1081.56
819.582	1071.56
821.972	1078.44
824.361	1090.22
826.748	1077.33
829.135	1082.89
831.521	1069.33
833.907	1055.33
836.291	1077.11
838.675	1078.22
841.059	1080
843.442	1084.44
845.823	1077.56
848.204	1076.67
850.584	1059.78
852.963	1066.44
855.342	1079.56
857.72	1094.89
860.097	1083.11
862.473	1079.11
864.848	1100.67
867.223	1077.11
869.597	1085.56
871.97	1085.78
874.343	1095.11
876.714	1085.11
879.084	1095.56
881.454	1094.67
883.824	1091.33
886.192	1090
888.56	1094.89
890.927	1092.67
893.294	1110.67
895.66	1080.44
898.023	1085.78
900.387	1090.44
902.751	1097.11
905.114	1082
907.476	1071.11
909.835	1073.56
912.196	1076.89
914.555	1076
916.914	1079.56
919.271	1086
921.629	1079.78
923.985	1074.89
926.341	1080.67
928.695	1072.67
931.05	1090.44
933.404	1067.78
935.755	1068.89
938.107	1075.78
940.459	1075.11
942.808	1094
945.158	1078
947.508	1078.67
949.855	1083.56
952.202	1088.89
954.548	1083.56
956.894	1082.22
959.239	1087.11
961.583	1094.89
963.928	1091.33
966.27	1093.33
968.612	1108
970.953	1098.89
973.294	1097.56
975.633	1107.78
977.972	1102.44
980.31	1115.33
982.647	1100.67
984.984	1104.67
987.32	1121.33
989.656	1114.22
991.989	1134.44
994.324	1130.22
996.656	1155.78
998.988	1184
1001.32	1243.56
1003.65	1368.67
1005.98	1586.22
1008.31	1838.67
1010.64	1872.22
1012.97	1656.44
1015.29	1410.44
1017.62	1293.11
1019.94	1258.44
1022.27	1301.78
1024.59	1367.11
1026.92	1438
1029.24	1433.78
1031.56	1402.67
1033.88	1434.89
1036.2	1423.11
1038.52	1324.22
1040.84	1238.89
1043.16	1190.67
1045.48	1165.56
1047.79	1152.89
1050.11	1172.44
1052.42	1189.11
1054.74	1209.78
1057.05	1214
1059.36	1206.22
1061.67	1201.11
1063.99	1173.78
1066.3	1160.44
1068.61	1155.11
1070.92	1158.89
1073.22	1147.56
1075.53	1144.44
1077.84	1136.89
1080.15	1137.78
1082.45	1130
1084.76	1131.78
1087.06	1137.11
1089.36	1135.56
1091.66	1130.22
1093.97	1156.67
1096.27	1156.44
1098.57	1156
1100.87	1140.22
1103.17	1125.56
1105.46	1146.22
1107.76	1134.22
1110.06	1140
1112.35	1141.11
1114.65	1140.44
1116.94	1146.22
1119.24	1147.78
1121.53	1148.22
1123.82	1150.89
1126.11	1143.78
1128.4	1145.78
1130.7	1137.33
1132.98	1145.33
1135.27	1128.89
1137.56	1132
1139.85	1138.44
1142.13	1125.11
1144.42	1151.33
1146.71	1139.33
1148.99	1130.67
1151.27	1161.33
1153.56	1155.78
1155.84	1144.22
1158.12	1144.67
1160.4	1143.33
1162.68	1134.89
1164.96	1127.33
1167.24	1139.11
1169.51	1134
1171.79	1121.33
1174.07	1137.33
1176.34	1125.33
1178.62	1127.11
1180.89	1125.56
1183.17	1133.11
1185.44	1130.89
1187.71	1135.78
1189.98	1145.33
1192.25	1155.78
1194.52	1157.33
1196.79	1175.78
1199.06	1170.89
1201.33	1174.44
1203.59	1154.89
1205.86	1156.67
1208.12	1147.78
1210.39	1151.33
1212.65	1160.22
1214.92	1167.78
1217.18	1150.89
1219.44	1169.78
1221.7	1150
1223.96	1153.56
1226.22	1144.67
1228.48	1138.67
1230.74	1150.44
1233	1141.11
1235.25	1136.67
1237.51	1149.11
1239.77	1159.78
1242.02	1139.56
1244.27	1137.33
1246.53	1148
1248.78	1141.78
1251.03	1147.11
1253.28	1143.78
1255.53	1155.33
1257.78	1149.56
1260.03	1148.44
1262.28	1145.78
1264.53	1144.44
1266.78	1156.89
1269.02	1138.22
1271.27	1149.11
1273.51	1144
1275.76	1153.56
1278	1150.22
1280.24	1149.11
1282.48	1138
1284.72	1158.44
1286.97	1169.11
1289.21	1144.67
1291.44	1152.44
1293.68	1151.33
1295.92	1173.56
1298.16	1179.78
1300.39	1196.22
1302.63	1175.33
1304.86	1187.11
1307.1	1187.56
1309.33	1178.22
1311.56	1157.56
1313.8	1171.33
1316.03	1156
1318.26	1155.33
1320.49	1149.11
1322.72	1148.67
1324.95	1134.67
1327.17	1146.22
1329.4	1152.89
1331.63	1155.78
1333.85	1153.11
1336.08	1147.56
1338.3	1155.11
1340.53	1140.89
1342.75	1146.22
1344.97	1160
1347.19	1145.33
1349.41	1160.22
1351.63	1143.11
1353.85	1151.33
1356.07	1153.78
1358.29	1154
1360.51	1147.78
1362.72	1151.11
1364.94	1136.89
1367.16	1156.67
1369.37	1150.44
1371.58	1157.33
1373.8	1147.11
1376.01	1154.22
1378.22	1152
1380.43	1155.33
1382.64	1144.44
1384.85	1139.11
1387.06	1151.33
1389.27	1134.44
1391.48	1147.33
1393.68	1138.22
1395.89	1128.22
1398.1	1128.22
1400.3	1119.33
1402.51	1122
1404.71	1130.22
1406.91	1108.67
1409.11	1126.89
1411.32	1129.56
1413.52	1127.78
1415.72	1133.33
1417.92	1128.44
1420.11	1135.11
1422.31	1128.67
1424.51	1122
1426.71	1120.89
1428.9	1120.22
1431.1	1132.89
1433.29	1118.89
1435.49	1122
1437.68	1148.22
1439.87	1138
1442.06	1136.22
1444.25	1140.44
1446.45	1140.67
1448.64	1151.56
1450.82	1152
1453.01	1148.89
1455.2	1137.33
1457.39	1140
1459.57	1142.22
1461.76	1150.89
1463.94	1149.11
1466.13	1153.56
1468.31	1148.44
1470.5	1143.78
1472.68	1151.33
1474.86	1145.33
1477.04	1159.78
1479.22	1158.44
1481.4	1170.22
1483.58	1168.67
1485.76	1154.22
1487.94	1161.33
1490.11	1123.56
1492.29	1134.44
1494.46	1133.78
1496.64	1124.22
1498.81	1126
1500.99	1128
1503.16	1115.78
1505.33	1116.89
1507.5	1118.67
1509.67	1110.22
1511.84	1112.67
1514.01	1106
1516.18	1103.33
1518.35	1096.89
1520.52	1102.89
1522.68	1090.67
1524.85	1119.33
1527.02	1111.56
1529.18	1117.11
1531.35	1097.11
1533.51	1092.22
1535.67	1110
1537.83	1091.11
1539.99	1098.89
1542.16	1090
1544.31	1106.89
1546.47	1114.89
1548.63	1080.22
1550.79	1108
1552.95	1095.33
1555.11	1112.22
1557.26	1106.44
1559.42	1103.11
1561.57	1107.78
1563.73	1098.44
1565.88	1119.78
1568.03	1126.67
1570.18	1133.33
1572.34	1124.44
1574.49	1121.78
1576.64	1129.11
1578.79	1120.44
1580.93	1118.67
1583.08	1118.22
1585.23	1124.89
1587.38	1137.78
1589.52	1131.56
1591.67	1151.78
1593.81	1134.67
1595.96	1151.11
1598.1	1150.22
1600.24	1148.44
1602.38	1150
1604.53	1140.22
1606.67	1133.11
1608.81	1120.22
1610.95	1127.33
1613.09	1111.78
1615.22	1109.11
1617.36	1134.44
1619.5	1124.67
1621.63	1142.22
1623.77	1121.33
1625.9	1136.67
1628.04	1141.78
1630.17	1162.89
1632.3	1131.33
1634.44	1133.78
1636.57	1125.56
1638.7	1110.44
1640.83	1096.22
1642.96	1091.33
1645.09	1080.67
1647.22	1085.56
1649.34	1062.22
1651.47	1084.67
1653.6	1074.22
1655.72	1074.67
1657.85	1063.56
1659.97	1055.56
1662.1	1064.89
1664.22	1058.44
1666.34	1056.89
1668.46	1065.78
1670.58	1049.56
1672.7	1060.89
1674.82	1062.67
1676.94	1075.33
1679.06	1062.67
1681.18	1062.89
1683.3	1056.22
1685.41	1051.56
1687.53	1058
1689.64	1056
1691.76	1073.11
1693.87	1059.11
1695.99	1048.22
1698.1	1072.44
1700.21	1057.33
1702.32	1052.67
1704.43	1060.44
1706.54	1055.11
1708.65	1036.89
1710.76	1046
1712.87	1049.33
1714.98	1048.89
1717.08	1047.11
1719.19	1050.67
1721.29	1029.33
1723.4	1044.67
1725.5	1046.22
1727.61	1050.67
1729.71	1034.67
1731.81	1047.11
1733.91	1026.67
1736.02	1040.44
1738.12	1029.11
1740.22	1032.22
1742.31	1032
1744.41	1036.44
1746.51	1021.78
1748.61	1018.67
1750.7	1038.22
1752.8	1016.89
1754.9	1028
1756.99	1024.22
1759.08	1018.89
1761.18	1007.56
1763.27	1030
1765.36	998.889
1767.45	1018.44
1769.54	1025.56
1771.63	1021.11
1773.72	1026.67
1775.81	1008
1777.9	1028.22
1779.99	1002.44
1782.08	1010.89
1784.16	1018
1786.25	1018.67
1788.33	1017.78
1790.42	1014.67
1792.5	1013.78
1794.58	1018.44
1796.67	1021.78
1798.75	1014.22
1800.83	998.444
1802.91	1009.11
1804.99	1017.11
1807.07	1002.44
1809.15	1030.67
1811.23	1010.44
1813.3	997.556
1815.38	1001.78
1817.46	1007.78
1819.53	1014.89
1821.61	1013.11
1823.68	1004.67
1825.75	990
1827.83	994.222
1829.9	998
1831.97	1005.56
1834.04	989.556
1836.11	999.778
1838.18	999.778
1840.25	998.444
1842.32	991.333
1844.39	991.333
1846.46	984.222
1848.52	991.111
1850.59	977.778
1852.65	988.222
1854.72	978
1856.78	987.556
1858.85	962.222
1860.91	969.778
1862.97	972
1865.03	979.556
1867.09	978
1869.16	968
1871.22	969.333
1873.27	972.667
1875.33	981.333
1877.39	964.889
1879.45	969.111
1881.51	958.222
1883.56	971.333
1885.62	952.889
1887.67	972
1889.73	979.111
1891.78	966.667
1893.83	959.333
1895.89	969.778
1897.94	970.889
1899.99	980.667
1902.04	963.778
1904.09	962.667
1906.14	971.778
1908.19	963.556
1910.23	953.333
1912.28	960.444
1914.33	964.222
1916.37	954.889
1918.42	958.667
1920.46	960.222
1922.51	954.222
1924.55	964
1926.6	955.778
1928.64	953.111
1930.68	946
1932.72	959.778
1934.76	971.556
1936.8	951.111
1938.84	953.556
1940.88	962.445
1942.92	946.667
1944.96	927.111
1946.99	928
1949.03	940.444
1951.06	948.667
1953.1	952.667
1955.13	938
1957.17	938.222
1959.2	935.333
1961.23	940
1963.27	914.444
1965.3	938.222
1967.33	934.889
1969.36	929.778
1971.39	930.222
1973.42	938
1975.44	925.333
1977.47	927.333
1979.5	925.111
1981.53	927.778
1983.55	920
1985.58	921.778
1987.6	931.778
1989.63	912.222
1991.65	922
1993.67	929.333
1995.69	911.556
1997.72	916.667
1999.74	921.111
2001.76	916.222
2003.78	915.333
2005.8	923.111
2007.82	906.222
2009.83	920.667
2011.85	917.556
2013.87	928.222
2015.88	923.111
2017.9	921.111
2019.91	914.222
2021.93	917.556
2023.94	922.444
2025.96	913.778
2027.97	923.778
2029.98	915.111
2031.99	926.222
2034	919.778
2036.01	916.667
2038.02	918.667
2040.03	912.667
2042.04	919.556
2044.05	917.778
2046.05	921.111
2048.06	905.333
2050.07	925.333
2052.07	919.556
2054.08	900
2056.08	902.444
2058.08	914
2060.09	906.667
2062.09	902.444
2064.09	898.667
2066.09	908.667
2068.09	896.667
2070.09	897.333
2072.09	909.333
2074.09	905.555
2076.09	900.889
2078.09	892.667
2080.08	892.222
2082.08	893.333
2084.08	896.222
2086.07	885.778
2088.07	894.889
2090.06	877.111
2092.05	882.222
2094.05	888.222
2096.04	863.111
2098.03	889.778
2100.02	869.778
2102.01	868.889
2104	879.111
2105.99	882.889
2107.98	877.111
2109.97	877.778
2111.95	874.222
2113.94	878.667
2115.93	878.667
2117.91	874.444
2119.9	887.333
2121.88	883.111
2123.87	869.556
2125.85	876.444
2127.83	892.667
2129.81	883.333
2131.8	872.444
2133.78	886.222
2135.76	861.778
2137.74	871.556
2139.72	872.445
2141.69	864.889
2143.67	863.778
2145.65	875.111
2147.63	855.333
2149.6	862.667
2151.58	871.556
2153.55	865.111
2155.53	863.333
2157.5	850.889
2159.48	867.111
2161.45	858.889
2163.42	848.667
2165.39	853.778
2167.36	862.667
2169.33	848.444
2171.3	848.667
2173.27	837.556
2175.24	840.444
2177.21	836.222
2179.18	847.333
2181.14	837.111
2183.11	842.444
2185.07	844.222
2187.04	835.556
2189	850.667
2190.97	852.889
2192.93	848
2194.89	845.778
2196.86	840.889
2198.82	836.667
2200.78	836.222
2202.74	831.333
2204.7	830.889
2206.66	843.556
2208.62	837.111
2210.57	840
2212.53	824.444
2214.49	820.222
2216.45	829.778
2218.4	813.556
2220.36	830.222
2222.31	836.222
2224.27	828.222
2226.22	820.667
2228.17	836.444
2230.12	813.556
2232.08	837.778
2234.03	815.556
2235.98	816.444
2237.93	809.556
2239.88	823.778
2241.83	804.444
2243.78	814
2245.72	814.667
2247.67	812.667
2249.62	819.556
2251.56	805.556
2253.51	786.889
2255.45	811.778
2257.4	805.778
2259.34	797.778
2261.28	811.778
2263.23	795.333
2265.17	805.111
2267.11	796.889
2269.05	797.333
2270.99	800.889
2272.93	795.111
2274.87	798.667
2276.81	795.111
2278.75	805.556
2280.68	803.333
2282.62	801.556
2284.56	789.111
2286.49	798.667
2288.43	795.333
2290.36	789.111
2292.3	790.667
2294.23	785.778
2296.16	786.222
2298.09	784.222
2300.03	778.889
2301.96	784
2303.89	772.667
2305.82	789.778
2307.75	795.111
2309.68	785.556
2311.6	780.667
2313.53	789.333
2315.46	773.556
2317.39	776
2319.31	770.667
2321.24	770
2323.16	783.111
2325.09	781.333
2327.01	778.889
2328.93	786
2330.86	773.333
2332.78	780
2334.7	767.111
2336.62	762.889
2338.54	780.667
2340.46	760.444
2342.38	776.222
2344.3	770.667
2346.22	762.444
2348.14	758
2350.05	772.667
2351.97	762.444
2353.89	758.222
2355.8	765.556
2357.71	760.222
2359.63	761.333
2361.54	760.667
2363.46	754
2365.37	754.889
2367.28	748.889
2369.19	735.111
2371.1	742.444
2373.01	749.111
2374.92	751.333
2376.83	746.222
2378.74	744.444
2380.65	739.111
2382.56	747.556
2384.46	739.778
2386.37	750.889
2388.27	746.667
2390.18	741.778
2392.08	742.222
2393.99	743.111
2395.89	730
2397.8	740.222
2399.7	733.778
2401.6	722.222
2403.5	722.667
2405.4	733.778
2407.3	722.667
2409.2	738.222
2411.1	724.667
2413	731.778
2414.9	730.444
2416.8	738.444
2418.69	728.667
2420.59	727.333
2422.48	719.333
2424.38	729.556
2426.28	720
2428.17	718.444
2430.06	731.111
2431.96	722.889
2433.85	728.444
2435.74	722.444
2437.63	729.333
2439.52	718
2441.41	713.556
2443.3	725.333
2445.19	730.889
2447.08	714.444
