176.074	247.889
178.677	232.222
181.279	221.222
183.879	212.778
186.48	202.111
189.08	192.556
191.677	181.889
194.275	170.889
196.871	164.889
199.467	166.889
202.061	154.889
204.656	152.111
207.249	143.667
209.841	142.111
212.433	137.444
215.022	133.889
217.613	128.556
220.201	132.333
222.789	124
225.375	123.889
227.962	123.889
230.547	118.556
233.132	117.111
235.714	118.222
238.296	116.222
240.879	116.111
243.459	113.667
246.04	109.889
248.618	109.889
251.198	110.667
253.774	109
256.35	108.778
258.927	104.778
261.501	110.222
264.074	105.222
266.648	108.333
269.22	107.667
271.791	106.667
274.362	104.556
276.931	106.111
279.5	102.778
282.069	105.111
284.635	102.556
287.201	104.333
289.766	104.889
292.331	108
294.894	104
297.457	104.333
300.018	103
302.58	103.778
305.14	106.444
307.699	101.889
310.257	103.667
312.814	101.778
315.372	106
317.928	104
320.482	107
323.036	105.444
325.589	104.667
328.142	104.444
330.693	106.111
333.243	107.778
335.795	108.333
338.343	106.667
340.891	106.667
343.439	106.444
345.985	104
348.53	108.222
351.075	108.333
353.619	104.111
356.162	106.222
358.704	108.111
361.245	107.889
363.786	107.333
366.325	111.111
368.864	113.333
371.402	112.889
373.939	114
376.475	118.222
379.011	118.333
381.545	115.444
384.079	117.778
386.611	118.556
389.143	115.778
391.674	117.111
394.204	118.333
396.734	113.889
399.263	118.667
401.791	124.444
404.318	130.667
406.843	144
409.368	141.778
411.893	136.111
414.417	126.444
416.94	120.111
419.46	120.444
421.982	111.111
424.502	114.333
427.022	113.556
429.541	113.667
432.057	113
434.574	110.333
437.091	109.556
439.605	110.444
442.12	109.889
444.634	109.556
447.145	110.556
449.657	107.778
452.169	111.556
454.678	108
457.188	110.444
459.697	107.111
462.204	109.444
464.711	103.667
467.217	108.444
469.722	105.778
472.227	106.778
474.729	107.556
477.232	106.333
479.735	106.556
482.235	107
484.736	106.778
487.234	109.778
489.734	107.889
492.23	109.333
494.728	108.222
497.223	110.889
499.719	108
502.213	107.556
504.707	107.667
507.199	104.889
509.69	104.111
512.182	107.778
514.672	105.778
517.162	105.889
519.65	106.889
522.139	109.222
524.625	104.889
527.111	108.556
529.597	106.778
532.081	106.889
534.564	107.111
537.047	106
539.529	109.444
542.01	108.111
544.491	110.111
546.97	111.556
549.448	109.333
551.927	106.556
554.404	107.333
556.88	110.333
559.355	108.889
561.831	112.333
564.304	109.778
566.777	111.333
569.249	109.667
571.72	111.222
574.191	112.889
576.661	111.667
579.129	109.889
581.597	115.556
584.064	114.778
586.531	115.333
588.997	114.667
591.462	115.778
593.926	122.111
596.389	126.222
598.851	142.889
601.313	168.778
603.773	188.333
606.233	197.333
608.692	186.667
611.151	175.556
613.608	161.222
616.065	147.667
618.521	137.111
620.976	133
623.43	127.222
625.883	125.778
628.336	124.667
630.788	129.111
633.239	128.222
635.69	129.444
638.139	135.889
640.588	142.667
643.036	152.222
645.483	168
647.929	202.667
650.375	247.444
652.818	323.889
655.262	335
657.706	282.444
660.148	209.667
662.59	167.667
665.031	149.667
667.471	138.444
669.909	132.889
672.347	128.444
674.785	122.111
677.222	118
679.656	119.778
682.092	119.444
684.526	118.333
686.96	117.444
689.392	120.222
691.824	112.667
694.256	118.778
696.686	116.444
699.115	117.667
701.544	117.333
703.972	120.556
706.398	121.333
708.825	125.444
711.25	120.778
713.675	119.111
716.099	119.222
718.522	115.556
720.944	114.222
723.366	116.111
725.786	114
728.207	114.222
730.625	113.556
733.044	113.889
735.461	114.111
737.879	114.222
740.294	114.889
742.71	115.444
745.123	115.222
747.538	111.222
749.95	120.778
752.363	118.111
754.773	118.444
757.185	118.111
759.594	115
762.002	115.222
764.411	117.111
766.818	110.889
769.225	113
771.63	110.111
774.035	112.222
776.44	110.667
778.843	112.222
781.245	110.333
783.648	110.778
786.048	111.222
788.448	110.444
790.848	110
793.247	112.556
795.644	112.333
798.042	111.222
800.438	110
802.834	111.222
805.228	111.778
807.623	117.111
810.016	117.444
812.408	117
814.8	111.778
817.191	117.556
819.58	114.444
821.971	115
824.359	114.778
826.747	110.222
829.134	107.889
831.52	113
833.905	108
836.29	111.333
838.675	109.778
841.058	109.333
843.44	110
845.822	111.222
848.203	110.222
850.583	109.444
852.962	110.889
855.341	110.222
857.718	109.889
860.095	108.111
862.471	112.889
864.847	110.222
867.222	109.444
869.596	109.667
871.969	115.333
874.341	116.444
876.713	118.778
879.083	127.444
881.453	124.111
883.822	126.889
886.191	127
888.559	125.444
890.926	126.222
893.293	121.222
895.658	117.778
898.022	116
900.386	114.889
902.75	114.667
905.112	112.778
907.474	110.111
909.834	111.222
912.194	111
914.554	110.222
916.913	114.556
919.27	114.111
921.627	112
923.984	116.333
926.34	114.444
928.694	117.333
931.048	111.222
933.402	119.222
935.754	122.333
938.106	120.111
940.458	122
942.807	122.556
945.157	124.556
947.505	123.222
949.853	118.778
952.201	122.333
954.547	121.889
956.893	121.444
959.237	119.444
961.582	123.444
963.925	125.778
966.268	127.778
968.609	130.889
970.951	134.111
973.291	146.556
975.631	162.778
977.97	205.222
980.309	262.444
982.645	281.222
984.983	309
987.318	515.889
989.653	1478.11
991.988	2619.89
994.321	2486.56
996.655	1741.56
998.987	1108.33
1001.32	676.111
1003.65	372.111
1005.98	236.556
1008.31	189.889
1010.64	167.778
1012.96	171.222
1015.29	181
1017.62	192.444
1019.94	212.556
1022.27	241.111
1024.59	296.556
1026.91	495.667
1029.24	1287.11
1031.56	2270.33
1033.88	2110.11
1036.2	1167.78
1038.52	476.778
1040.84	259.556
1043.16	198.556
1045.47	171.889
1047.79	159.667
1050.1	156.556
1052.42	153.111
1054.74	153.222
1057.05	150.111
1059.36	148.778
1061.67	147.667
1063.98	155.889
1066.29	159.222
1068.6	178.889
1070.91	175.667
1073.22	163.667
1075.53	145.333
1077.84	136.556
1080.14	128.333
1082.45	128
1084.75	123.556
1087.06	120.333
1089.36	119.444
1091.66	121.333
1093.96	122.667
1096.27	122.444
1098.57	120.333
1100.87	120.333
1103.16	118.889
1105.46	122.111
1107.76	124.889
1110.06	124.222
1112.35	125.889
1114.65	126.667
1116.94	123.778
1119.23	125.111
1121.53	124.889
1123.82	125.111
1126.11	123.222
1128.4	126
1130.69	123.667
1132.98	123.778
1135.27	127
1137.56	130.111
1139.85	134.444
1142.13	143.667
1144.42	152.556
1146.7	167.222
1148.99	174.333
1151.27	168.444
1153.55	153
1155.84	143.111
1158.12	132.556
1160.4	129.778
1162.68	126.444
1164.96	125
1167.23	118.444
1169.51	118.222
1171.79	121.889
1174.06	119.556
1176.34	119.556
1178.62	120.111
1180.89	120.444
1183.16	120.889
1185.44	120
1187.71	119.667
1189.98	121.778
1192.25	122.667
1194.52	125.444
1196.79	127.111
1199.06	133.778
1201.32	140.333
1203.59	145.667
1205.86	157.111
1208.12	170.556
1210.39	187.111
1212.65	228.889
1214.91	281.889
1217.18	328.556
1219.44	347.667
1221.7	331.889
1223.96	286.556
1226.22	254.222
1228.48	238
1230.74	212.222
1232.99	189
1235.25	162.222
1237.51	153.667
1239.76	141.556
1242.02	135.556
1244.27	129.556
1246.53	130.111
1248.78	125.444
1251.03	120.222
1253.28	123.333
1255.53	118.444
1257.78	118.111
1260.03	120.111
1262.28	118.889
1264.53	122
1266.77	116.556
1269.02	115
1271.26	113.444
1273.51	115.444
1275.75	112.778
1278	115.889
1280.24	114.111
1282.48	117.222
1284.72	114
1286.96	113.667
1289.2	110.889
1291.44	113.444
1293.68	112.889
1295.92	115.333
1298.15	117.556
1300.39	116.333
1302.63	113.111
1304.86	114.111
1307.1	115.778
1309.33	112.111
1311.56	111.889
1313.79	110.556
1316.02	114.222
1318.26	114.111
1320.49	111.444
1322.71	112.556
1324.94	114
1327.17	113.111
1329.4	117.778
1331.62	113.222
1333.85	113
1336.08	116
1338.3	113.222
1340.52	111.444
1342.75	112.778
1344.97	112.889
1347.19	115.667
1349.41	118.111
1351.63	116.444
1353.85	122.333
1356.07	117.889
1358.29	121.444
1360.5	121.889
1362.72	118.222
1364.94	118.333
1367.15	118.111
1369.37	117.333
1371.58	113.667
1373.79	115.778
1376.01	113.556
1378.22	111.889
1380.43	113.778
1382.64	116.444
1384.85	116.333
1387.06	115.222
1389.27	116.222
1391.47	113.778
1393.68	116.111
1395.89	117.444
1398.09	115.222
1400.3	116.111
1402.5	115.222
1404.71	116.333
1406.91	118.111
1409.11	119.111
1411.31	119.444
1413.51	119.778
1415.71	117.333
1417.91	120.667
1420.11	114.667
1422.31	117.333
1424.51	119.222
1426.7	116.333
1428.9	119.222
1431.1	120.333
1433.29	119
1435.48	120
1437.68	122.667
1439.87	125.556
1442.06	120.333
1444.25	119.556
1446.44	118.556
1448.63	117.889
1450.82	114.556
1453.01	118.556
1455.2	117.111
1457.39	118.333
1459.57	119.333
1461.76	117.889
1463.94	118.111
1466.13	117.333
1468.31	119.889
1470.49	118.667
1472.68	119.444
1474.86	124.222
1477.04	127.111
1479.22	135.556
1481.4	150
1483.58	173
1485.75	165.222
1487.93	141.111
1490.11	132.444
1492.29	130
1494.46	123.889
1496.64	120.667
1498.81	122.333
1500.98	119.667
1503.16	122.111
1505.33	119.111
1507.5	116.556
1509.67	122.556
1511.84	116.333
1514.01	118.111
1516.18	119.778
1518.35	117.333
1520.51	116.111
1522.68	120.889
1524.85	117.778
1527.01	120.222
1529.18	120.667
1531.34	120.556
1533.51	121.444
1535.67	122
1537.83	121
1539.99	124.556
1542.15	124.667
1544.31	124.444
1546.47	127.667
1548.63	130.667
1550.79	132
1552.95	133.556
1555.1	136.444
1557.26	138.667
1559.41	144.111
1561.57	156.222
1563.72	165.333
1565.88	181.778
1568.03	204.889
1570.18	236.111
1572.33	289
1574.48	306.333
1576.63	306.222
1578.78	286
1580.93	303.222
1583.08	311.444
1585.23	294.222
1587.37	265
1589.52	244.556
1591.66	219.333
1593.81	206.889
1595.95	200.778
1598.1	209
1600.24	207.444
1602.38	186.667
1604.52	174.222
1606.66	157.444
1608.8	158.444
1610.94	148.111
1613.08	146.333
1615.22	142.444
1617.36	135.667
1619.49	133.556
1621.63	129.778
1623.77	126.778
1625.9	125.889
1628.03	124.556
1630.17	122.111
1632.3	124.444
1634.43	125.889
1636.56	125.111
1638.7	123.222
1640.83	125
1642.96	121.889
1645.08	121.889
1647.21	124.556
1649.34	121.556
1651.47	116.889
1653.59	120.556
1655.72	120.556
1657.84	117.778
1659.97	122.667
1662.09	118.667
1664.21	117.222
1666.34	116.667
1668.46	119.222
1670.58	119.556
1672.7	118.889
1674.82	117.111
1676.94	117
1679.06	116.667
1681.18	116.333
1683.29	115.889
1685.41	115.111
1687.52	116.556
1689.64	115.889
1691.76	118.222
1693.87	117
1695.98	118.556
1698.09	117.333
1700.21	114.556
1702.32	115.889
1704.43	120
1706.54	117.222
1708.65	114.667
1710.76	115.111
1712.86	116
1714.97	118.778
1717.08	119.444
1719.19	120.556
1721.29	118.333
1723.4	117.333
1725.5	117.778
1727.6	112.222
1729.71	113.222
1731.81	114.333
1733.91	113.444
1736.01	114.444
1738.11	112
1740.21	115.111
1742.31	114.111
1744.41	114.222
1746.51	112.778
1748.6	116.556
1750.7	113.889
1752.8	113.444
1754.89	114.556
1756.99	114.333
1759.08	113.667
1761.17	114.444
1763.27	116.333
1765.36	117.778
1767.45	115.778
1769.54	115.111
1771.63	116.333
1773.72	114.111
1775.81	113.778
1777.9	115.778
1779.98	119.111
1782.07	120.333
1784.16	114.333
1786.24	113.333
1788.33	118
1790.41	117.111
1792.5	113.667
1794.58	113
1796.66	116.889
1798.74	113.333
1800.83	116.111
1802.91	112.222
1804.99	112.667
1807.06	114.222
1809.14	116.556
1811.22	118.333
1813.3	113.444
1815.38	113.778
1817.45	118.556
1819.53	113.222
1821.6	116
1823.68	116.444
1825.75	115.444
1827.82	114.111
1829.9	115.111
1831.97	116.556
1834.04	113.778
1836.11	114.333
1838.18	112.778
1840.25	116.333
1842.32	114.111
1844.38	113.667
1846.45	117.667
1848.52	113.444
1850.58	113.667
1852.65	113.444
1854.72	117.222
1856.78	115.111
1858.84	115.222
1860.91	114
1862.97	114.111
1865.03	115.222
1867.09	115
1869.15	115.556
1871.21	115.667
1873.27	115.222
1875.33	111.667
1877.39	116.556
1879.44	118.222
1881.5	118.556
1883.56	113.444
1885.61	120.222
1887.67	116.333
1889.72	116.333
1891.78	115.222
1893.83	117.889
1895.88	114.444
1897.93	118.556
1899.98	114.667
1902.03	118.333
1904.08	116.889
1906.13	120.556
1908.18	117.667
1910.23	117.778
1912.28	115.889
1914.32	115
1916.37	115.333
1918.41	114.111
1920.46	115.222
1922.5	115.667
1924.55	114.889
1926.59	115.222
1928.63	115.444
1930.68	117.333
1932.72	115.111
1934.76	118.444
1936.8	119.111
1938.84	117.333
1940.87	117.556
1942.91	114.667
1944.95	115.444
1946.99	114.556
1949.02	116.222
1951.06	114.778
1953.09	115.222
1955.13	114.222
1957.16	114.556
1959.2	114.444
1961.23	113.111
1963.26	113.667
1965.29	112.222
1967.32	113.333
1969.35	113.444
1971.38	113.111
1973.41	113.889
1975.44	114.556
1977.47	113.111
1979.5	116.444
1981.52	116.444
1983.55	114.889
1985.57	110.222
1987.6	113.222
1989.62	109.333
1991.64	116.222
1993.67	112.111
1995.69	115.222
1997.71	114
1999.73	115.222
2001.75	115.444
2003.77	114.778
2005.79	115
2007.81	113.556
2009.83	112.111
2011.85	116.889
2013.86	112.444
2015.88	113.778
2017.89	118.778
2019.91	117.556
2021.92	117.556
2023.94	118.889
2025.95	113.111
2027.96	117.889
2029.97	113.444
2031.99	116.444
2034	115.333
2036.01	113.556
2038.02	118
2040.03	112.667
2042.03	118.778
2044.04	112.889
2046.05	112.556
2048.06	115.556
2050.06	114.556
2052.07	115.556
2054.07	117.333
2056.08	113.222
2058.08	115
2060.08	112.444
2062.08	114.222
2064.09	113.111
2066.09	114.778
2068.09	115.667
2070.09	117
2072.09	114.222
2074.09	114.222
2076.08	115.778
2078.08	115.778
2080.08	113.111
2082.07	115.889
2084.07	113
2086.07	114.889
2088.06	114.556
2090.05	115.222
2092.05	113.889
2094.04	114.111
2096.03	112.889
2098.02	111.667
2100.01	115
2102	109.889
2103.99	113.778
2105.98	116.222
2107.97	115.333
2109.96	112.778
2111.95	114.333
2113.94	113.333
2115.92	113.556
2117.91	112.333
2119.89	111.333
2121.88	114.444
2123.86	111.333
2125.84	111.333
2127.83	113.889
2129.81	116.778
2131.79	112
2133.77	113.667
2135.75	115.778
2137.73	113.111
2139.71	114.444
2141.69	111.667
2143.67	113.778
2145.64	110.667
2147.62	112.222
2149.6	114
2151.57	112.556
2153.55	111.333
2155.52	111.222
2157.5	114.444
2159.47	113.889
2161.44	111.778
2163.41	114.889
2165.39	110.889
2167.36	110.889
2169.33	111.889
2171.3	113.111
2173.27	109.889
2175.24	113.667
2177.2	112
2179.17	114.111
2181.14	115.778
2183.1	113.778
2185.07	110.667
2187.03	112.444
2189	112
2190.96	113.333
2192.93	114.556
2194.89	112.778
2196.85	109.444
2198.81	111.889
2200.77	115.111
2202.73	114.111
2204.69	115.111
2206.65	112.111
2208.61	113.111
2210.57	112.444
2212.53	113
2214.48	112.111
2216.44	113.556
2218.4	111.667
2220.35	114.111
2222.31	115.333
2224.26	116.333
2226.21	112.222
2228.17	112.889
2230.12	115.778
2232.07	112.778
2234.02	113
2235.97	113.444
2237.92	111.111
2239.87	112.778
2241.82	113.222
2243.77	114.111
2245.72	110.556
2247.66	112.556
2249.61	111.444
2251.56	114.111
2253.5	112.778
2255.45	110.778
2257.39	111
2259.33	112.889
2261.28	110.111
2263.22	115
2265.16	108.111
2267.1	110.111
2269.04	107.333
2270.99	111.667
2272.92	106.889
2274.86	110
2276.8	112.667
2278.74	113.222
2280.68	115.889
2282.61	110
2284.55	113.778
2286.49	114.111
2288.42	112
2290.36	116.111
2292.29	112.778
2294.22	115.444
2296.16	114.889
2298.09	112.222
2300.02	113
2301.95	115
2303.88	112
2305.81	111.889
2307.74	112.667
2309.67	111.333
2311.6	111.667
2313.53	109.111
2315.45	108.111
2317.38	109.444
2319.31	111.111
2321.23	113.222
2323.16	110.444
2325.08	112.556
2327	107.222
2328.93	110.889
2330.85	110.667
2332.77	106.778
2334.69	109.667
2336.62	112.556
2338.54	109.111
2340.46	109.889
2342.38	112.667
2344.29	112.667
2346.21	110.111
2348.13	111.111
2350.05	110.889
2351.96	110.667
2353.88	110
2355.79	111.333
2357.71	111.778
2359.62	110.444
2361.54	112.889
2363.45	109.333
2365.36	115.667
2367.27	114.333
2369.19	113.778
2371.1	118.111
2373.01	121.889
2374.92	121.111
2376.83	120.444
2378.73	120.778
2380.64	118.667
2382.55	116.667
2384.46	115.667
2386.36	114.444
2388.27	110.556
2390.17	108.778
2392.08	110.444
2393.98	111.222
2395.89	110.111
2397.79	108.222
2399.69	109.111
2401.59	107.889
2403.5	108.444
2405.4	109.333
2407.3	110
2409.2	110.222
2411.09	108.778
2412.99	108.556
2414.89	109.889
2416.79	107.222
2418.69	109.111
2420.58	111.778
2422.48	111.667
2424.37	110.444
2426.27	111.556
2428.16	112.333
2430.06	110.111
2431.95	110.778
2433.84	111.556
2435.73	112.222
2437.62	110.778
2439.52	118.222
2441.41	117.778
2443.3	117
2445.19	117.667
