182.393	956
184.993	918
187.593	902
190.193	922
192.79	886
195.387	888
197.983	862
200.578	886
203.174	872
205.766	864
208.36	892
210.951	872
213.542	896
216.131	902
218.721	894
221.309	900
223.897	924
226.483	946
229.069	952
231.654	948
234.238	1016
236.821	1000
239.404	984
241.984	874
244.566	768
247.145	690
249.723	598
252.302	506
254.878	430
257.455	420
260.03	386
262.604	364
265.178	348
267.75	348
270.322	336
272.893	318
275.463	306
278.032	336
280.601	320
283.168	314
285.734	304
288.301	320
290.866	334
293.429	362
295.992	386
298.556	388
301.117	394
303.677	354
306.236	334
308.795	320
311.354	320
313.911	270
316.467	302
319.022	294
321.577	286
324.13	286
326.684	294
329.236	302
331.787	300
334.337	312
336.887	302
339.435	286
341.983	292
344.529	276
347.075	284
349.621	290
352.165	296
354.708	284
357.251	280
359.793	274
362.334	258
364.874	282
367.413	242
369.951	260
372.489	278
375.026	246
377.562	284
380.097	260
382.631	260
385.164	262
387.697	258
390.229	276
392.76	240
395.29	270
397.819	280
400.346	290
402.873	312
405.4	310
407.926	340
410.451	342
412.976	322
415.499	328
418.02	300
420.542	284
423.063	276
425.583	244
428.101	240
430.619	248
433.137	212
435.654	232
438.169	196
440.684	192
443.198	204
445.712	200
448.223	200
450.735	194
453.246	200
455.755	184
458.264	172
460.771	172
463.279	182
465.786	184
468.291	204
470.796	206
473.301	226
475.803	234
478.306	250
480.807	274
483.308	278
485.807	290
488.307	298
490.804	252
493.302	220
495.798	234
498.294	204
500.788	196
503.283	198
505.775	202
508.269	200
510.759	212
513.251	250
515.74	268
518.23	252
520.718	242
523.204	214
525.692	244
528.177	238
530.663	282
533.147	330
535.629	374
538.113	414
540.594	444
543.074	422
545.555	412
548.034	358
550.512	324
552.989	308
555.467	286
557.942	306
560.417	364
562.892	412
565.365	580
567.838	862
570.309	1278
572.78	1496
575.251	1342
577.72	890
580.189	548
582.656	402
585.123	378
587.589	366
590.055	340
592.52	334
594.983	312
597.446	302
599.908	282
602.369	256
604.829	258
607.289	272
609.747	282
612.205	278
614.663	278
617.119	350
619.574	592
622.029	864
624.483	730
626.936	414
629.389	304
631.84	274
634.291	242
636.741	240
639.19	240
641.639	224
644.086	196
646.533	206
648.979	192
651.424	192
653.869	180
656.313	168
658.754	162
661.196	148
663.638	166
666.078	156
668.518	158
670.957	160
673.394	146
675.831	158
678.268	150
680.703	152
683.137	156
685.571	174
688.005	162
690.437	164
692.868	166
695.299	160
697.729	166
700.159	180
702.586	180
705.014	174
707.441	200
709.866	198
712.292	204
714.716	212
717.14	208
719.563	214
721.984	224
724.406	230
726.825	252
729.246	252
731.665	250
734.082	244
736.5	256
738.916	280
741.332	312
743.746	324
746.161	348
748.574	366
750.987	356
753.398	370
755.81	394
758.219	394
760.629	390
763.037	384
765.445	388
767.852	370
770.258	360
772.664	342
775.068	332
777.472	338
779.876	374
782.278	372
784.679	400
787.08	420
789.48	486
791.879	504
794.278	528
796.675	506
799.072	508
801.467	462
803.864	396
806.258	356
808.651	330
811.044	296
813.437	302
815.828	294
818.218	288
820.608	258
822.997	242
825.385	260
827.773	272
830.16	356
832.546	480
834.931	606
837.315	544
839.699	414
842.081	352
844.463	326
846.844	304
849.226	298
851.606	284
853.985	264
856.363	274
858.741	254
861.117	254
863.493	254
865.868	254
868.243	264
870.616	260
872.989	236
875.36	230
877.731	216
880.102	216
882.472	244
884.841	240
887.209	230
889.577	214
891.944	214
894.31	230
896.674	226
899.039	240
901.403	242
903.766	258
906.128	274
908.49	284
910.849	268
913.209	238
915.569	238
917.927	212
920.284	210
922.641	218
924.997	212
927.353	196
929.707	216
932.061	208
934.414	210
936.765	216
939.117	212
941.469	232
943.818	234
946.167	240
948.515	260
950.863	278
953.211	332
955.556	368
957.902	426
960.246	492
962.59	504
964.933	470
967.276	414
969.617	360
971.958	358
974.298	344
976.638	358
978.976	368
981.314	400
983.651	442
985.988	530
988.323	680
990.659	1148
992.992	1684
995.325	1724
997.658	1968
999.99	3326
1002.32	4870
1004.65	4062
1006.98	2142
1009.31	988
1011.64	544
1013.97	424
1016.29	374
1018.62	356
1020.94	422
1023.27	496
1025.59	656
1027.91	900
1030.24	1270
1032.56	1474
1034.88	1308
1037.2	960
1039.52	678
1041.84	510
1044.15	428
1046.47	372
1048.79	326
1051.1	320
1053.42	292
1055.73	308
1058.04	272
1060.36	310
1062.67	318
1064.98	308
1067.29	332
1069.6	334
1071.91	330
1074.22	334
1076.52	290
1078.83	306
1081.14	324
1083.44	340
1085.75	284
1088.05	316
1090.35	310
1092.65	320
1094.95	350
1097.26	328
1099.56	334
1101.86	318
1104.15	340
1106.45	336
1108.75	388
1111.05	474
1113.34	486
1115.64	462
1117.93	366
1120.22	292
1122.52	258
1124.81	236
1127.1	234
1129.39	228
1131.68	214
1133.97	224
1136.26	230
1138.54	244
1140.83	248
1143.12	262
1145.4	302
1147.69	302
1149.97	370
1152.25	486
1154.54	666
1156.82	686
1159.1	596
1161.38	494
1163.66	416
1165.94	404
1168.22	402
1170.49	402
1172.77	436
1175.05	504
1177.32	636
1179.6	770
1181.87	904
1184.14	968
1186.42	928
1188.69	900
1190.96	904
1193.23	892
1195.5	920
1197.77	954
1200.03	944
1202.3	900
1204.57	844
1206.83	760
1209.1	658
1211.36	578
1213.63	456
1215.89	428
1218.15	358
1220.41	386
1222.67	368
1224.93	366
1227.19	338
1229.45	380
1231.71	332
1233.97	304
1236.22	294
1238.48	272
1240.73	280
1242.99	278
1245.24	280
1247.5	284
1249.75	262
1252	266
1254.25	256
1256.5	252
1258.75	270
1261	250
1263.25	272
1265.49	248
1267.74	242
1269.99	260
1272.23	268
1274.48	270
1276.72	268
1278.96	272
1281.21	266
1283.45	310
1285.69	304
1287.93	308
1290.17	334
1292.41	368
1294.64	392
1296.88	434
1299.12	550
1301.36	672
1303.59	848
1305.82	980
1308.06	892
1310.29	728
1312.52	604
1314.76	520
1316.99	456
1319.22	456
1321.45	444
1323.68	442
1325.9	452
1328.13	436
1330.36	464
1332.58	438
1334.81	396
1337.04	386
1339.26	354
1341.48	344
1343.71	324
1345.93	310
1348.15	318
1350.37	318
1352.59	314
1354.81	300
1357.03	302
1359.24	300
1361.46	300
1363.68	290
1365.89	294
1368.11	304
1370.32	310
1372.54	350
1374.75	414
1376.96	494
1379.17	556
1381.38	580
1383.59	522
1385.8	430
1388.01	338
1390.22	262
1392.43	236
1394.63	226
1396.84	212
1399.05	200
1401.25	212
1403.45	196
1405.66	216
1407.86	228
1410.06	210
1412.26	218
1414.46	208
1416.66	220
1418.86	240
1421.06	236
1423.26	250
1425.46	248
1427.65	260
1429.85	268
1432.04	270
1434.24	306
1436.43	338
1438.62	366
1440.82	402
1443.01	436
1445.2	448
1447.39	466
1449.58	510
1451.77	492
1453.95	468
1456.14	418
1458.33	372
1460.52	320
1462.7	292
1464.89	270
1467.07	252
1469.25	228
1471.44	252
1473.62	246
1475.8	254
1477.98	212
1480.16	222
1482.34	226
1484.52	212
1486.7	222
1488.87	198
1491.05	230
1493.23	224
1495.4	218
1497.58	224
1499.75	206
1501.92	216
1504.1	194
1506.27	194
1508.44	190
1510.61	202
1512.78	200
1514.95	188
1517.12	184
1519.28	190
1521.45	192
1523.62	212
1525.78	190
1527.95	202
1530.11	204
1532.28	202
1534.44	208
1536.6	186
1538.76	204
1540.93	210
1543.09	194
1545.25	202
1547.41	204
1549.56	216
1551.72	208
1553.88	226
1556.03	210
1558.19	208
1560.35	226
1562.5	236
1564.65	250
1566.81	244
1568.96	264
1571.11	250
1573.26	286
1575.41	314
1577.56	378
1579.71	490
1581.86	648
1584.01	790
1586.15	728
1588.3	654
1590.45	612
1592.59	676
1594.74	750
1596.88	978
1599.02	1260
1601.17	1590
1603.31	1674
1605.45	1536
1607.59	1212
1609.73	950
1611.87	708
1614.01	592
1616.14	510
1618.28	438
1620.42	344
1622.55	326
1624.69	304
1626.82	276
1628.96	244
1631.09	250
1633.22	236
1635.36	220
1637.49	224
1639.62	216
1641.75	224
1643.88	220
1646	228
1648.13	210
1650.26	222
1652.39	200
1654.51	208
1656.64	194
1658.76	196
1660.89	188
1663.01	186
1665.13	190
1667.26	174
1669.38	178
1671.5	180
1673.62	172
1675.74	182
1677.86	176
1679.97	186
1682.09	176
1684.21	192
1686.33	188
1688.44	186
1690.56	180
1692.67	172
1694.78	166
1696.9	186
1699.01	168
1701.12	168
1703.23	178
1705.34	174
1707.45	168
1709.56	166
1711.67	154
1713.78	156
1715.88	178
1717.99	164
1720.1	184
1722.2	172
1724.31	178
1726.41	170
1728.51	152
1730.62	168
1732.72	158
1734.82	168
1736.92	158
1739.02	166
1741.12	162
1743.22	152
1745.32	166
1747.42	166
1749.51	152
1751.61	158
1753.7	166
1755.8	160
1757.89	146
1759.99	146
1762.08	174
1764.17	148
1766.26	162
1768.36	142
1770.45	154
1772.54	148
1774.62	158
1776.71	148
1778.8	166
1780.89	160
1782.98	158
1785.06	164
1787.15	152
1789.23	148
1791.32	168
1793.4	154
1795.48	164
1797.56	150
1799.65	162
1801.73	152
1803.81	166
1805.89	158
1807.97	166
1810.04	154
1812.12	160
1814.2	168
1816.28	154
1818.35	156
1820.43	156
1822.5	158
1824.58	156
1826.65	142
1828.72	146
1830.79	146
1832.86	156
1834.94	144
1837.01	150
1839.08	162
1841.15	160
1843.21	144
1845.28	150
1847.35	152
1849.41	150
1851.48	144
1853.55	142
1855.61	154
1857.67	150
1859.74	150
1861.8	156
1863.86	152
1865.92	146
1867.98	158
1870.05	148
1872.1	146
1874.16	166
1876.22	164
1878.28	160
1880.34	142
1882.39	130
1884.45	164
1886.5	136
1888.56	152
1890.61	156
1892.67	142
1894.72	152
1896.77	150
1898.82	156
1900.87	150
1902.92	162
1904.97	148
1907.02	156
1909.07	152
1911.12	158
1913.17	162
1915.21	158
1917.26	162
1919.3	146
1921.35	172
1923.39	152
1925.43	166
1927.48	156
1929.52	160
1931.56	164
1933.6	164
1935.64	158
1937.68	168
1939.72	172
1941.76	156
1943.8	156
1945.83	154
1947.87	158
1949.91	162
1951.94	150
1953.98	150
1956.01	162
1958.05	144
1960.08	164
1962.11	174
1964.14	150
1966.17	146
1968.2	158
1970.23	160
1972.26	148
1974.29	138
1976.32	150
1978.35	154
1980.37	148
1982.4	138
1984.43	150
1986.45	140
1988.48	148
1990.5	148
1992.52	134
1994.55	138
1996.57	152
1998.59	142
2000.61	160
2002.63	142
2004.65	142
2006.67	142
2008.69	130
2010.7	152
2012.72	150
2014.74	148
2016.75	150
2018.77	148
2020.78	138
2022.8	148
2024.81	142
2026.83	148
2028.84	158
2030.85	142
2032.86	152
2034.87	154
2036.88	136
2038.89	150
2040.9	144
2042.91	156
2044.91	144
2046.92	152
2048.93	144
2050.93	138
2052.94	158
2054.94	146
2056.95	142
2058.95	154
2060.95	136
2062.95	144
2064.96	154
2066.96	140
2068.96	148
2070.96	144
2072.96	152
2074.95	166
2076.95	150
2078.95	150
2080.95	146
2082.94	142
2084.94	156
2086.93	142
2088.93	134
2090.92	146
2092.91	144
2094.91	146
2096.9	158
2098.89	144
2100.88	136
2102.87	142
2104.86	144
2106.85	152
2108.84	136
2110.83	138
2112.81	146
2114.8	154
2116.78	148
2118.77	138
2120.75	150
2122.74	142
2124.72	152
2126.71	132
2128.69	154
2130.67	146
2132.65	136
2134.63	146
2136.61	146
2138.59	142
2140.57	150
2142.55	140
2144.53	154
2146.5	148
2148.48	150
2150.46	140
2152.43	146
2154.41	148
2156.38	136
2158.35	148
2160.33	130
2162.3	136
2164.27	150
2166.24	138
2168.21	158
2170.18	148
2172.15	144
2174.12	136
2176.09	150
2178.06	136
2180.03	150
2181.99	146
2183.96	152
2185.92	144
2187.89	142
2189.85	144
2191.82	124
2193.78	152
2195.74	138
2197.7	158
2199.67	148
2201.63	134
2203.59	154
2205.55	144
2207.51	150
2209.46	152
2211.42	150
2213.38	134
2215.34	146
2217.29	134
2219.25	144
2221.2	148
2223.16	152
2225.11	148
2227.06	138
2229.02	136
2230.97	140
2232.92	138
2234.87	130
2236.82	130
2238.77	150
2240.72	132
2242.67	130
2244.62	132
2246.57	154
2248.51	132
2250.46	154
2252.4	140
2254.35	136
2256.29	140
2258.24	132
2260.18	130
2262.13	142
2264.07	142
2266.01	134
2267.95	146
2269.89	142
2271.83	152
2273.77	140
2275.71	130
2277.65	156
2279.58	152
2281.52	126
2283.46	130
2285.4	144
2287.33	140
2289.27	142
2291.2	124
2293.13	144
2295.07	140
2297	146
2298.93	138
2300.86	142
2302.79	128
2304.72	130
2306.65	150
2308.58	146
2310.51	140
2312.44	136
2314.37	150
2316.29	152
2318.22	148
2320.15	138
2322.07	134
2324	154
2325.92	138
2327.84	130
2329.77	148
2331.69	146
2333.61	140
2335.53	126
2337.45	142
2339.37	136
2341.29	152
2343.21	122
2345.13	140
2347.05	152
2348.97	144
2350.88	142
2352.8	142
2354.71	138
2356.63	132
2358.54	148
2360.46	138
2362.37	142
2364.28	136
2366.2	144
2368.11	138
2370.02	142
2371.93	160
2373.84	150
2375.75	138
2377.66	134
2379.57	144
2381.47	146
2383.38	140
2385.29	134
2387.2	148
2389.1	148
2391.01	148
2392.91	146
2394.81	144
2396.72	150
2398.62	142
2400.52	148
2402.42	134
2404.33	132
2406.23	130
2408.13	138
2410.03	140
2411.92	130
2413.82	138
2415.72	156
2417.62	134
2419.51	146
2421.41	138
2423.31	140
2425.2	126
2427.1	152
2428.99	154
2430.88	140
2432.78	134
2434.67	140
2436.56	134
2438.45	144
2440.34	130
2442.23	148
2444.12	144
2446.01	146
2447.9	152
2449.79	138
