188.706	349.556
191.305	343.556
193.902	330
196.499	316.889
199.096	310.667
201.69	297.333
204.284	288.667
206.877	283.556
209.47	279.556
212.062	274.889
214.652	263.556
217.242	258.889
219.83	267.556
222.419	258.444
225.005	261.111
227.592	264.444
230.177	261.333
232.762	267.111
235.345	274.222
237.928	284
240.509	280.222
243.09	292.222
245.671	295.778
248.249	321.111
250.829	316.889
253.405	317.333
255.983	312.444
258.558	295.556
261.132	297.556
263.707	289.778
266.28	269.778
268.852	268.889
271.424	269.556
273.994	272.667
276.564	253.778
279.133	264.667
281.701	247.111
284.268	234.444
286.835	220.222
289.4	212.444
291.964	202.667
294.527	190.444
297.091	184.222
299.653	189.556
302.214	179.111
304.774	177.333
307.334	173.111
309.892	175.778
312.45	170.444
315.006	169.556
317.562	167.556
320.118	164.222
322.672	175.778
325.225	172.667
327.778	169.333
330.329	178.889
332.88	176
335.43	173.111
337.978	169.556
340.528	179.556
343.075	183.111
345.622	186
348.167	194.444
350.712	196.222
353.256	206.889
355.799	210
358.341	207.333
360.883	199.333
363.423	192.667
365.963	188.889
368.502	175.333
371.04	167.111
373.577	169.778
376.114	173.556
378.649	174.222
381.184	173.556
383.718	167.556
386.251	162.444
388.783	164.444
391.314	159.333
393.844	153.778
396.373	154.222
398.902	160
401.43	163.111
403.957	178.222
406.484	198.444
409.009	216.667
411.534	202.222
414.057	182.889
416.58	172.222
419.102	166
421.624	157.778
424.144	157.333
426.663	160.667
429.181	156
431.7	151.778
434.217	159.778
436.732	159.778
439.248	156.667
441.763	166
444.277	163.778
446.788	168.667
449.301	172
451.812	168.667
454.322	168.222
456.831	160.889
459.341	155.778
461.847	155.111
464.355	153.556
466.861	153.333
469.366	154.444
471.871	154.889
474.374	148.667
476.877	148.667
479.378	144.667
481.88	150.667
484.381	144.222
486.879	150
489.379	151.333
491.876	148.222
494.373	145.556
496.869	145.556
499.365	143.111
501.858	150
504.353	155.333
506.845	162.889
509.338	163.111
511.828	164
514.319	160.222
516.808	154.889
519.296	152.667
521.785	156.889
524.272	152.444
526.759	162.222
529.244	158.667
531.728	151.333
534.212	153.778
536.695	147.111
539.178	151.333
541.659	148
544.139	151.333
546.619	144.889
549.098	147.111
551.575	144.444
554.052	140.889
556.529	136.667
559.005	143.778
561.479	140
563.953	139.778
566.427	144.222
568.899	144.444
571.37	141.778
573.84	145.111
576.311	142.889
578.78	147.333
581.248	149.556
583.715	149.333
586.181	152.667
588.647	146.889
591.113	150.667
593.577	158.222
596.04	165.556
598.503	176.444
600.964	204.667
603.425	247.111
605.885	268
608.344	256.889
610.803	264.667
613.26	253.111
615.718	249.333
618.174	220.222
620.63	199.333
623.084	193.556
625.538	188.889
627.99	194.889
630.443	195.333
632.894	205.333
635.344	212.444
637.792	226.222
640.241	245.333
642.689	281.111
645.137	332.889
647.583	412.444
650.029	566.444
652.474	774.444
654.918	840.667
657.361	754
659.804	610
662.246	464.222
664.685	365.556
667.125	296.667
669.565	258.222
672.003	218.667
674.441	197.333
676.877	187.333
679.313	189.111
681.749	184.444
684.183	184.667
686.617	183.111
689.049	191.556
691.481	195.111
693.913	197.778
696.342	211.556
698.772	225.556
701.201	238.222
703.63	256.889
706.056	264.889
708.483	281.778
710.909	277.556
713.333	273.556
715.758	258.667
718.18	254.222
720.603	250.667
723.025	252
725.445	258.667
727.866	272.889
730.284	274.444
732.703	286
735.122	288.667
737.538	284.222
739.955	289.556
742.369	287.111
744.784	286
747.197	284.667
749.611	283.556
752.023	271.778
754.435	259.556
756.845	252.667
759.255	238
761.664	227.333
764.071	230
766.48	217.778
768.886	207.778
771.292	210.667
773.697	210.444
776.102	203.333
778.505	207.778
780.907	206.667
783.31	205.556
785.711	203.778
788.111	201.556
790.511	200
792.91	202.667
795.308	204.222
797.706	201.778
800.102	197.556
802.497	194
804.892	196.667
807.287	197.111
809.68	203.333
812.072	203.778
814.464	195.778
816.855	195.778
819.246	197.556
821.635	192.889
824.024	192.444
826.412	192.444
828.799	194.222
831.186	198.889
833.572	205.333
835.956	214
838.34	223.333
840.723	219.556
843.106	224
845.487	230
847.868	236.444
850.248	248.889
852.628	242.889
855.006	242.667
857.384	236
859.761	231.111
862.138	224.889
864.513	230.667
866.888	236
869.262	243.778
871.636	248.222
874.008	262.444
876.38	256.222
878.751	270.444
881.121	266
883.491	268.222
885.86	245.111
888.228	247.111
890.595	226.667
892.962	227.778
895.327	220.222
897.691	208
900.055	219.778
902.419	214.444
904.782	215.111
907.144	217.111
909.505	216.444
911.864	210.222
914.224	216.667
916.583	216
918.941	214.667
921.298	203.111
923.654	214
926.01	209.778
928.366	211.778
930.719	209.111
933.073	205.111
935.426	211.778
937.777	207.111
940.129	207.778
942.479	210.222
944.828	214
947.178	212.667
949.526	207.111
951.873	207.778
954.22	206.444
956.565	212.222
958.911	212.222
961.254	208.667
963.598	217.111
965.942	220.889
968.283	218
970.625	230
972.965	240.444
975.305	252
977.644	305.111
979.983	398.444
982.32	421.111
984.657	423.778
986.993	608.444
989.327	1541.78
991.663	3420.22
993.996	3433.78
996.33	2697.78
998.662	2723.11
1000.99	2548
1003.32	1678.22
1005.65	921.556
1007.98	548
1010.31	407.778
1012.64	354.222
1014.97	342.889
1017.29	365.111
1019.62	372.667
1021.94	404.667
1024.27	444.667
1026.59	616.222
1028.91	1446
1031.24	3303.56
1033.56	3779.33
1035.88	2326.22
1038.2	1018.67
1040.51	493.556
1042.83	354.444
1045.15	309.333
1047.47	296.667
1049.78	295.111
1052.1	301.333
1054.41	315.333
1056.73	323.333
1059.04	321.556
1061.35	334.222
1063.66	340.889
1065.97	355.111
1068.28	390.889
1070.59	406.222
1072.9	391.111
1075.21	369.333
1077.52	358.667
1079.82	338.889
1082.13	346.222
1084.43	333.778
1086.74	330.222
1089.04	314.222
1091.34	293.111
1093.65	291.111
1095.95	268.444
1098.25	264.444
1100.55	257.778
1102.85	254.222
1105.14	248.222
1107.44	239.111
1109.74	236.667
1112.03	225.556
1114.33	224.667
1116.62	207.556
1118.92	210.222
1121.21	204.444
1123.5	207.778
1125.79	205.778
1128.09	208.222
1130.38	202.444
1132.67	209.778
1134.95	210.222
1137.24	219.556
1139.53	223.778
1141.82	247.556
1144.1	261.556
1146.39	274.444
1148.67	313.111
1150.95	298.444
1153.24	274.444
1155.52	245.333
1157.8	227.778
1160.08	226.889
1162.36	211.111
1164.64	202.444
1166.92	203.556
1169.2	201.778
1171.47	205.111
1173.75	200.889
1176.03	211.333
1178.3	203.333
1180.58	204.222
1182.85	203.111
1185.12	207.556
1187.39	208.667
1189.66	212.667
1191.94	214.444
1194.21	214.889
1196.48	219.778
1198.74	226.889
1201.01	230.222
1203.28	239.111
1205.54	258.667
1207.81	279.111
1210.07	315.111
1212.34	388.222
1214.6	519.111
1216.86	628.222
1219.13	616.444
1221.39	538.889
1223.65	458
1225.91	399.556
1228.17	384
1230.43	368.222
1232.68	340.222
1234.94	313.778
1237.2	280.444
1239.45	257.333
1241.71	256.889
1243.96	253.111
1246.22	241.556
1248.47	240.889
1250.72	235.333
1252.97	233.778
1255.22	228.444
1257.47	215.333
1259.72	221.111
1261.97	220.222
1264.22	230.889
1266.46	228.222
1268.71	236.222
1270.95	248.889
1273.2	250
1275.44	253.556
1277.69	265.778
1279.93	254
1282.17	258.667
1284.41	265.556
1286.65	274
1288.89	280.889
1291.13	297.333
1293.37	294
1295.61	316.444
1297.85	335.778
1300.08	359.111
1302.32	360.444
1304.55	360.222
1306.79	349.556
1309.02	328.889
1311.26	306.889
1313.49	291.778
1315.72	269.556
1317.95	267.556
1320.18	256.222
1322.41	252.667
1324.64	235.778
1326.86	231.556
1329.09	223.111
1331.32	213.556
1333.55	213.333
1335.77	207.111
1337.99	212.222
1340.22	205.556
1342.44	213.333
1344.66	212.222
1346.89	213.333
1349.11	216.222
1351.33	208
1353.55	212.667
1355.77	217.111
1357.98	213.333
1360.2	214.667
1362.42	209.556
1364.63	206.889
1366.85	213.111
1369.06	210.667
1371.28	205.333
1373.49	219.111
1375.7	209.333
1377.92	208.889
1380.13	204.222
1382.34	206
1384.55	195.556
1386.76	197.778
1388.97	199.556
1391.17	197.556
1393.38	201.333
1395.59	197.333
1397.79	201.556
1400	202
1402.2	205.778
1404.41	204
1406.61	213.111
1408.81	215.333
1411.01	217.111
1413.21	226.889
1415.41	223.778
1417.61	238.444
1419.81	252.444
1422.01	265.778
1424.21	281.778
1426.4	311.556
1428.6	346.667
1430.8	389.556
1432.99	429.333
1435.18	465.556
1437.38	481.111
1439.57	488.667
1441.76	465.556
1443.95	455.333
1446.14	425.111
1448.33	379.333
1450.52	362.222
1452.71	350.222
1454.9	328
1457.09	319.556
1459.27	310.444
1461.46	300
1463.64	294.667
1465.83	283.778
1468.01	289.111
1470.2	282.667
1472.38	286.889
1474.56	286.222
1476.74	285.333
1478.92	290.667
1481.1	306.667
1483.28	326.889
1485.46	320.222
1487.64	281.778
1489.81	244.667
1491.99	229.111
1494.16	223.556
1496.34	215.333
1498.51	210.667
1500.69	212.889
1502.86	211.778
1505.03	204.667
1507.21	197.778
1509.38	202
1511.55	201.556
1513.72	204.667
1515.89	198.444
1518.05	198.444
1520.22	199.778
1522.39	197.778
1524.55	194
1526.72	196.889
1528.88	202.222
1531.05	194.444
1533.21	196
1535.37	204.222
1537.54	196.889
1539.7	204.667
1541.86	203.111
1544.02	207.556
1546.18	205.556
1548.34	212.667
1550.5	217.333
1552.65	220.667
1554.81	224.667
1556.97	225.778
1559.12	235.333
1561.28	243.778
1563.43	248.667
1565.58	268.667
1567.74	299.778
1569.89	359.111
1572.04	425.111
1574.19	528.889
1576.34	539.111
1578.49	467.111
1580.64	453.333
1582.79	472.444
1584.94	452.667
1587.08	438.667
1589.23	444.222
1591.37	453.778
1593.52	415.556
1595.66	362.222
1597.81	337.111
1599.95	324.667
1602.09	308
1604.23	273.778
1606.37	263.111
1608.51	254.222
1610.65	251.556
1612.79	242.889
1614.93	238.222
1617.07	227.111
1619.21	218.444
1621.34	210.444
1623.48	216.889
1625.61	209.333
1627.75	211.556
1629.88	208.889
1632.01	208.889
1634.15	205.333
1636.28	196.444
1638.41	205.111
1640.54	197.556
1642.67	198.889
1644.8	201.556
1646.93	197.778
1649.05	197.111
1651.18	206.889
1653.31	202.222
1655.43	194.444
1657.56	194
1659.68	188
1661.81	192.222
1663.93	190.444
1666.05	194
1668.17	192.889
1670.3	190.889
1672.42	192
1674.54	186.667
1676.66	191.778
1678.77	197.333
1680.89	196.222
1683.01	193.333
1685.13	190.889
1687.24	192
1689.36	192.444
1691.47	188
1693.59	194.889
1695.7	192.889
1697.81	194.889
1699.92	193.556
1702.04	190.667
1704.15	192.667
1706.26	191.556
1708.37	193.556
1710.47	189.333
1712.58	199.556
1714.69	188.667
1716.8	191.333
1718.9	193.556
1721.01	186.444
1723.11	189.333
1725.22	192.889
1727.32	190
1729.42	188.222
1731.53	191.333
1733.63	193.111
1735.73	194
1737.83	191.333
1739.93	196.889
1742.03	192.889
1744.13	188.889
1746.23	187.333
1748.32	195.111
1750.42	186.667
1752.52	188.444
1754.61	194.222
1756.71	192.222
1758.8	198
1760.89	193.111
1762.99	192.667
1765.08	193.778
1767.17	192.889
1769.26	192.667
1771.35	184.889
1773.44	193.333
1775.53	193.556
1777.62	192.667
1779.71	197.111
1781.79	198.222
1783.88	186
1785.96	193.111
1788.05	195.111
1790.13	188.889
1792.22	196.444
1794.3	197.333
1796.38	196.222
1798.47	191.778
1800.55	192.444
1802.63	198.667
1804.71	193.111
1806.79	195.111
1808.87	193.778
1810.95	195.556
1813.02	196.444
1815.1	189.556
1817.18	191.778
1819.25	199.333
1821.33	199.111
1823.4	196
1825.47	194.667
1827.55	192.889
1829.62	190.444
1831.69	192.222
1833.76	194.889
1835.83	197.778
1837.9	192
1839.97	190.444
1842.04	195.111
1844.11	193.333
1846.18	198.222
1848.24	195.778
1850.31	192.889
1852.38	192.444
1854.44	198
1856.51	197.111
1858.57	188.667
1860.63	202.222
1862.69	190.444
1864.76	196.889
1866.82	194.222
1868.88	198.222
1870.94	197.556
1873	200
1875.06	198
1877.11	194.444
1879.17	197.778
1881.23	200.667
1883.28	200.889
1885.34	204.889
1887.4	200.444
1889.45	196.889
1891.5	195.556
1893.56	198.667
1895.61	196.444
1897.66	205.778
1899.71	198.667
1901.76	201.111
1903.81	200
1905.86	198.444
1907.91	201.556
1909.96	206.222
1912.01	194.667
1914.05	201.333
1916.1	207.556
1918.15	205.333
1920.19	201.778
1922.23	204.667
1924.28	198
1926.32	203.556
1928.36	203.111
1930.41	207.778
1932.45	202.222
1934.49	202.667
1936.53	199.778
1938.57	194.222
1940.61	197.556
1942.64	206.889
1944.68	209.556
1946.72	198.222
1948.76	201.778
1950.79	192.444
1952.83	200.222
1954.86	201.111
1956.89	204.889
1958.93	197.556
1960.96	207.556
1962.99	199.333
1965.03	199.333
1967.06	203.111
1969.09	197.111
1971.12	199.556
1973.14	199.778
1975.17	200.222
1977.2	205.778
1979.23	202
1981.25	202.222
1983.28	195.778
1985.31	200.667
1987.33	198.444
1989.36	205.556
1991.38	201.333
1993.4	206.667
1995.42	199.556
1997.45	202.667
1999.47	201.778
2001.49	199.556
2003.51	204
2005.53	201.556
2007.55	205.333
2009.56	204
2011.58	200.222
2013.6	204.444
2015.61	196.667
2017.63	202
2019.65	210.889
2021.66	205.333
2023.67	205.333
2025.69	207.111
2027.7	210.889
2029.71	210.222
2031.72	203.111
2033.73	208.222
2035.74	201.778
2037.75	200.667
2039.76	211.556
2041.77	204.889
2043.78	203.111
2045.79	209.778
2047.79	203.333
2049.8	203.778
2051.8	203.333
2053.81	200.444
2055.81	198.444
2057.82	204.889
2059.82	204
2061.82	213.111
2063.82	201.111
2065.83	202.889
2067.83	204
2069.83	208
2071.83	211.333
2073.82	200.444
2075.82	207.111
2077.82	207.333
2079.82	206
2081.81	206.444
2083.81	214.667
2085.8	200.889
2087.8	203.556
2089.79	205.111
2091.79	210.444
2093.78	207.556
2095.77	201.778
2097.76	205.111
2099.76	210.222
2101.75	207.778
2103.74	207.333
2105.72	209.111
2107.71	209.111
2109.7	204.667
2111.69	206.889
2113.68	210.444
2115.66	204.222
2117.65	207.333
2119.63	208
2121.62	208.889
2123.6	212.444
2125.59	203.778
2127.57	208.222
2129.55	210.222
2131.53	206.444
2133.51	204.222
2135.49	207.778
2137.47	206.222
2139.45	207.111
2141.43	208.222
2143.41	206.444
2145.39	214.444
2147.36	214.222
2149.34	208.889
2151.32	207.111
2153.29	206.889
2155.27	215.111
2157.24	204.444
2159.21	204.889
2161.19	215.778
2163.16	210.889
2165.13	209.111
2167.1	206
2169.07	204.667
2171.04	211.556
2173.01	207.333
2174.98	211.111
2176.95	209.333
2178.92	211.111
2180.88	213.556
2182.85	207.333
2184.81	213.111
2186.78	209.556
2188.74	215.333
2190.71	214.889
2192.67	214.444
2194.63	209.556
2196.6	215.111
2198.56	208.222
2200.52	208.222
2202.48	209.333
2204.44	212.667
2206.4	215.556
2208.36	209.111
2210.32	206.667
2212.28	209.778
2214.23	207.333
2216.19	211.333
2218.14	211.556
2220.1	212.444
2222.05	214.222
2224.01	212.889
2225.96	213.556
2227.91	209.778
2229.87	210.444
2231.82	201.778
2233.77	207.778
2235.72	209.111
2237.67	204.222
2239.62	209.111
2241.57	218.889
2243.52	211.778
2245.47	212
2247.41	214.889
2249.36	210.222
2251.31	211.111
2253.25	207.556
2255.2	215.333
2257.14	214.667
2259.09	206.889
2261.03	209.333
2262.97	210.667
2264.91	208.222
2266.85	210.222
2268.8	209.556
2270.74	215.778
2272.68	212
2274.61	209.556
2276.55	218.444
2278.49	204.889
2280.43	213.111
2282.37	207.111
2284.3	218.667
2286.24	211.111
2288.17	213.333
2290.11	212.444
2292.04	214.444
2293.98	217.111
2295.91	217.778
2297.84	219.556
2299.77	216.667
2301.7	211.556
2303.64	211.111
2305.56	216
2307.49	212.444
2309.42	212.444
2311.35	207.778
2313.28	212.889
2315.21	208.667
2317.13	213.778
2319.06	213.111
2320.99	215.111
2322.91	215.111
2324.84	215.333
2326.76	213.333
2328.68	209.111
2330.6	215.333
2332.53	216.222
2334.45	217.556
2336.37	209.111
2338.29	212.667
2340.21	210.444
2342.13	210.667
2344.05	214.444
2345.97	213.111
2347.89	215.778
2349.8	213.556
2351.72	214.889
2353.63	218.222
2355.55	215.333
2357.47	212.222
2359.38	220.444
2361.29	214.222
2363.21	219.111
2365.12	220.889
2367.03	223.556
2368.94	225.556
2370.85	229.333
2372.76	224.667
2374.67	232.222
2376.58	239.556
2378.49	234.444
2380.4	230.667
2382.31	229.333
2384.21	228
2386.12	222.889
2388.03	222.667
2389.93	216
2391.84	219.111
2393.74	220.444
2395.64	221.333
2397.55	222.889
2399.45	219.556
2401.35	216.889
2403.25	219.333
2405.15	222
2407.05	221.778
2408.95	217.111
2410.85	214.667
2412.75	217.333
2414.65	222.889
2416.55	221.556
2418.45	221.111
2420.34	226
2422.24	222.222
2424.13	223.778
2426.03	224.222
2427.92	229.111
2429.82	236.444
2431.71	230.889
2433.6	237.556
2435.49	232.889
2437.39	236.222
2439.28	234.444
2441.17	239.556
2443.06	240.889
2444.95	241.111
2446.83	246.444
2448.72	247.778
2450.61	253.778
2452.5	266.889
2454.39	262.222
