188.706	219.778
191.305	203.778
193.902	200.222
196.499	187.333
199.096	182.222
201.69	172.222
204.284	165.556
206.877	157.556
209.47	154.444
212.062	146.222
214.652	142.222
217.242	136.222
219.83	134.889
222.419	134.889
225.005	132.889
227.592	129.778
230.177	123.333
232.762	123.333
235.345	119.556
237.928	122.222
240.509	119.111
243.09	115.333
245.671	114.222
248.249	112.444
250.829	114.667
253.405	114.889
255.983	113.556
258.558	110.444
261.132	108.222
263.707	108.444
266.28	109.111
268.852	110.222
271.424	108.889
273.994	110
276.564	104.889
279.133	100.444
281.701	102.889
284.268	105.778
286.835	102.444
289.4	103.333
291.964	98.6667
294.527	100.222
297.091	94.2222
299.653	99.3333
302.214	96.2222
304.774	97.5556
307.334	98.6667
309.892	97.1111
312.45	94
315.006	94
317.562	92.2222
320.118	94.6667
322.672	94.2222
325.225	90.4444
327.778	96.8889
330.329	96.6667
332.88	98.6667
335.43	90.2222
337.978	94.2222
340.528	93.7778
343.075	99.5556
345.622	93.5556
348.167	96.4445
350.712	92.2222
353.256	92.2222
355.799	94
358.341	96.4444
360.883	92.6667
363.423	93.7778
365.963	94.8889
368.502	95.7778
371.04	94.8889
373.577	95.5555
376.114	96.4444
378.649	98.6667
381.184	99.1111
383.718	97.5556
386.251	98
388.783	99.3333
391.314	98.4444
393.844	103.556
396.373	103.111
398.902	108.222
401.43	109.778
403.957	115.111
406.484	112.667
409.009	112.222
411.534	116.444
414.057	113.556
416.58	120.222
419.102	122.222
421.624	126.667
424.144	134.444
426.663	138.889
429.181	149.778
431.7	151.333
434.217	152.889
436.732	150.444
439.248	148.667
441.763	141.333
444.277	140
446.788	131.111
449.301	125.778
451.812	122
454.322	115.778
456.831	112.444
459.341	108.889
461.847	106.667
464.355	108.222
466.861	103.556
469.366	103.111
471.871	100
474.374	97.1111
476.877	100
479.378	95.3333
481.88	96
484.381	97.7778
486.879	96.2222
489.379	98.6667
491.876	95.5556
494.373	92.4444
496.869	93.5556
499.365	96.2222
501.858	96.8889
504.353	96.8889
506.845	92.8889
509.338	92
511.828	93.1111
514.319	93.7778
516.808	92.6667
519.296	91.3333
521.785	87.1111
524.272	94.4444
526.759	95.1111
529.244	91.5556
531.728	94.6667
534.212	90.4444
536.695	94.2222
539.178	89.7778
541.659	96.8889
544.139	92
546.619	95.3333
549.098	95.3333
551.575	96.2222
554.052	94.6667
556.529	94.2222
559.005	94.6667
561.479	96.4444
563.953	99.7778
566.427	97.3333
568.899	100.889
571.37	100.667
573.84	102
576.311	98
578.78	103.556
581.248	102.889
583.715	111.556
586.181	110.444
588.647	115.333
591.113	124.222
593.577	131.556
596.04	146.889
598.503	170.667
600.964	212.222
603.425	290.889
605.885	403.778
608.344	521.556
610.803	512.222
613.26	367.778
615.718	265.111
618.174	200.444
620.63	165.556
623.084	144.889
625.538	133.556
627.99	123.333
630.443	118.222
632.894	115.556
635.344	110.444
637.792	106.667
640.241	105.778
642.689	102.222
645.137	105.111
647.583	106.889
650.029	102.444
652.474	104.889
654.918	101.778
657.361	99.7778
659.804	96.2222
662.246	99.7778
664.685	100.222
667.125	92.2222
669.565	100.444
672.003	98.2222
674.441	99.7778
676.877	101.778
679.313	102
681.749	103.556
684.183	102.222
686.617	101.333
689.049	95.7778
691.481	96
693.913	102
696.342	92.2222
698.772	93.7778
701.201	97.7778
703.63	98.8889
706.056	94
708.483	96.4444
710.909	95.3333
713.333	97.1111
715.758	95.1111
718.18	97.3333
720.603	93.1111
723.025	91.5556
725.445	96.8889
727.866	93.5556
730.284	97.3333
732.703	92.2222
735.122	98
737.538	89.3333
739.955	90.4444
742.369	86.4444
744.784	93.7778
747.197	92
749.611	93.7778
752.023	92.8889
754.435	93.3333
756.845	94.6667
759.255	93.5556
761.664	97.1111
764.071	90
766.48	94.8889
768.886	91.7778
771.292	92.4444
773.697	95.5556
776.102	96.8889
778.505	94
780.907	93.7778
783.31	98.4444
785.711	98.8889
788.111	100.444
790.511	101.778
792.91	104.667
795.308	108.667
797.706	109.556
800.102	120
802.497	129.333
804.892	126.667
807.287	120.889
809.68	121.111
812.072	109.778
814.464	111.556
816.855	107.778
819.246	107.111
821.635	107.111
824.024	111.556
826.412	109.778
828.799	111.333
831.186	115.778
833.572	115.111
835.956	116.444
838.34	126.222
840.723	127.556
843.106	133.556
845.487	139.111
847.868	156
850.248	164.222
852.628	169.778
855.006	168.889
857.384	162
859.761	148.889
862.138	147.778
864.513	149.111
866.888	153.111
869.262	166.222
871.636	192.889
874.008	231.111
876.38	304
878.751	406.444
881.121	526.889
883.491	607.333
885.86	603.333
888.228	520.444
890.595	402.889
892.962	298.667
895.327	238.889
897.691	187.556
900.055	162.222
902.419	146
904.782	136.889
907.144	129.778
909.505	122.667
911.864	124
914.224	111.778
916.583	112.667
918.941	112.889
921.298	109.111
923.654	105.778
926.01	111.111
928.366	108.889
930.719	105.556
933.073	105.111
935.426	107.333
937.777	102.444
940.129	109.111
942.479	108.444
944.828	105.778
947.178	106.222
949.526	110.444
951.873	112.444
954.22	113.778
956.565	116.667
958.911	118.222
961.254	118.889
963.598	124.889
965.942	132.444
968.283	141.556
970.625	161.556
972.965	178.222
975.305	222
977.644	320.222
979.983	483.778
982.32	698.222
984.657	972.889
986.993	1004.44
989.327	1820.89
991.663	6042
993.996	9010
996.33	5978.89
998.662	2554.44
1000.99	1142.89
1003.32	620.667
1005.65	388
1007.98	303.111
1010.31	240.444
1012.64	188.889
1014.97	162.889
1017.29	159.111
1019.62	150.889
1021.94	150.444
1024.27	147.778
1026.59	149.333
1028.91	154.222
1031.24	157.333
1033.56	170
1035.88	163.778
1038.2	172.444
1040.51	189.333
1042.83	201.778
1045.15	221.778
1047.47	239.333
1049.78	252.444
1052.1	264.222
1054.41	262
1056.73	255.778
1059.04	230.889
1061.35	212
1063.66	189.778
1065.97	181.556
1068.28	174.222
1070.59	172.667
1072.9	175.333
1075.21	172.667
1077.52	177.111
1079.82	180.667
1082.13	188
1084.43	195.111
1086.74	205.333
1089.04	210.889
1091.34	218.889
1093.65	238
1095.95	250.667
1098.25	258.667
1100.55	247.111
1102.85	229.111
1105.14	208.222
1107.44	184.444
1109.74	176.889
1112.03	171.556
1114.33	163.111
1116.62	160.667
1118.92	156.667
1121.21	154
1123.5	155.333
1125.79	156
1128.09	151.778
1130.38	140.222
1132.67	144
1134.95	137.333
1137.24	141.333
1139.53	136.444
1141.82	142.667
1144.1	144.667
1146.39	143.111
1148.67	150.667
1150.95	154.889
1153.24	151.111
1155.52	161.333
1157.8	165.556
1160.08	168.444
1162.36	183.778
1164.64	193.333
1166.92	222.444
1169.2	258
1171.47	319.556
1173.75	390.667
1176.03	485.111
1178.3	527.111
1180.58	509.333
1182.85	437.778
1185.12	357.111
1187.39	286
1189.66	241.333
1191.94	202.222
1194.21	182.444
1196.48	170.444
1198.74	153.778
1201.01	143.778
1203.28	135.111
1205.54	134.222
1207.81	126.889
1210.07	130.667
1212.34	125.778
1214.6	124.889
1216.86	128
1219.13	127.111
1221.39	124.667
1223.65	118.222
1225.91	113.333
1228.17	120.222
1230.43	116.222
1232.68	114.667
1234.94	118.222
1237.2	114
1239.45	113.111
1241.71	114.667
1243.96	115.556
1246.22	119.556
1248.47	118.444
1250.72	118.889
1252.97	119.111
1255.22	127.111
1257.47	122.667
1259.72	125.556
1261.97	129.556
1264.22	136
1266.46	139.556
1268.71	155.556
1270.95	161.333
1273.2	165.556
1275.44	181.333
1277.69	178
1279.93	170.889
1282.17	166
1284.41	157.556
1286.65	151.111
1288.89	140.222
1291.13	131.556
1293.37	126
1295.61	128.222
1297.85	127.556
1300.08	126.222
1302.32	120.222
1304.55	119.778
1306.79	122.222
1309.02	120.444
1311.26	119.556
1313.49	120.889
1315.72	121.111
1317.95	119.111
1320.18	117.556
1322.41	119.111
1324.64	120.889
1326.86	122
1329.09	120.444
1331.32	115.556
1333.55	120.444
1335.77	117.556
1337.99	119.333
1340.22	118.444
1342.44	117.556
1344.66	122.889
1346.89	117.778
1349.11	120.222
1351.33	122.222
1353.55	120
1355.77	123.778
1357.98	121.333
1360.2	126.889
1362.42	128
1364.63	127.111
1366.85	127.111
1369.06	130.667
1371.28	134.444
1373.49	138.444
1375.7	134
1377.92	136
1380.13	135.556
1382.34	135.778
1384.55	138.444
1386.76	143.333
1388.97	131.333
1391.17	141.111
1393.38	134.667
1395.59	143.333
1397.79	142.889
1400	144
1402.2	149.111
1404.41	158.444
1406.61	171.111
1408.81	178.222
1411.01	167.111
1413.21	159.556
1415.41	156.444
1417.61	158.444
1419.81	162.889
1422.01	165.111
1424.21	164
1426.4	175.778
1428.6	176.889
1430.8	178.889
1432.99	186.444
1435.18	188.889
1437.38	202
1439.57	213.778
1441.76	234
1443.95	246.889
1446.14	279.778
1448.33	283.333
1450.52	307.111
1452.71	324.444
1454.9	328.222
1457.09	316.889
1459.27	298.444
1461.46	271.556
1463.64	249.556
1465.83	230.222
1468.01	211.778
1470.2	202
1472.38	206.222
1474.56	198.667
1476.74	194.222
1478.92	203.111
1481.1	203.778
1483.28	202.667
1485.46	199.556
1487.64	194.444
1489.81	179.333
1491.99	166.889
1494.16	161.333
1496.34	156.444
1498.51	146
1500.69	147.111
1502.86	145.333
1505.03	144.444
1507.21	136
1509.38	139.778
1511.55	134.444
1513.72	134.889
1515.89	134.889
1518.05	129.778
1520.22	125.556
1522.39	129.111
1524.55	128
1526.72	124
1528.88	125.111
1531.05	128.222
1533.21	124.444
1535.37	132
1537.54	126.444
1539.7	124.667
1541.86	126.667
1544.02	129.111
1546.18	130.889
1548.34	132.444
1550.5	136
1552.65	138.222
1554.81	136.444
1556.97	143.333
1559.12	148
1561.28	148.667
1563.43	151.556
1565.58	158.222
1567.74	165.333
1569.89	173.778
1572.04	190.444
1574.19	205.111
1576.34	224.889
1578.49	249.778
1580.64	289.111
1582.79	330.444
1584.94	384.222
1587.08	425.333
1589.23	429.556
1591.37	385.333
1593.52	340.889
1595.66	292
1597.81	270.667
1599.95	263.778
1602.09	281.111
1604.23	314.667
1606.37	342.222
1608.51	347.333
1610.65	318.222
1612.79	277.778
1614.93	248.222
1617.07	213.333
1619.21	197.556
1621.34	184.222
1623.48	173.778
1625.61	163.111
1627.75	154.444
1629.88	147.778
1632.01	147.333
1634.15	136
1636.28	134.444
1638.41	127.111
1640.54	126.889
1642.67	122.889
1644.8	124.444
1646.93	120.667
1649.05	117.111
1651.18	116.444
1653.31	116.889
1655.43	114
1657.56	114.222
1659.68	118
1661.81	115.333
1663.93	113.556
1666.05	111.333
1668.17	114.667
1670.3	114.667
1672.42	116
1674.54	109.556
1676.66	115.556
1678.77	112.889
1680.89	113.333
1683.01	112.889
1685.13	110.444
1687.24	118.667
1689.36	117.778
1691.47	113.778
1693.59	112.667
1695.7	114.889
1697.81	120.889
1699.92	120.889
1702.04	118.222
1704.15	119.556
1706.26	119.778
1708.37	118.667
1710.47	117.111
1712.58	118.667
1714.69	114.444
1716.8	112.444
1718.9	114.222
1721.01	115.333
1723.11	117.111
1725.22	111.333
1727.32	110.889
1729.42	113.556
1731.53	110
1733.63	108.444
1735.73	111.556
1737.83	108.444
1739.93	112.667
1742.03	112.222
1744.13	108.222
1746.23	110.222
1748.32	112.667
1750.42	107.333
1752.52	110.444
1754.61	110
1756.71	108.667
1758.8	106.667
1760.89	109.111
1762.99	107.778
1765.08	105.556
1767.17	111.111
1769.26	108
1771.35	107.556
1773.44	106.222
1775.53	115.556
1777.62	105.111
1779.71	105.778
1781.79	107.333
1783.88	108
1785.96	107.778
1788.05	107.333
1790.13	107.111
1792.22	106.667
1794.3	109.556
1796.38	109.556
1798.47	105.778
1800.55	112
1802.63	112.667
1804.71	108.222
1806.79	110.667
1808.87	111.111
1810.95	106.889
1813.02	112
1815.1	110
1817.18	111.333
1819.25	113.111
1821.33	110.889
1823.4	106.889
1825.47	106.444
1827.55	111.333
1829.62	111.556
1831.69	112.444
1833.76	114
1835.83	110.444
1837.9	112
1839.97	108.444
1842.04	109.111
1844.11	110.889
1846.18	110.889
1848.24	110.667
1850.31	112.222
1852.38	114
1854.44	109.778
1856.51	110.222
1858.57	108.667
1860.63	112.222
1862.69	111.556
1864.76	113.333
1866.82	109.556
1868.88	110
1870.94	110.667
1873	111.111
1875.06	108.222
1877.11	110.444
1879.17	112.889
1881.23	112.222
1883.28	108.889
1885.34	110
1887.4	110.444
1889.45	114.222
1891.5	108.889
1893.56	112.667
1895.61	109.111
1897.66	113.333
1899.71	109.333
1901.76	116.444
1903.81	116.667
1905.86	119.111
1907.91	117.333
1909.96	116.667
1912.01	119.111
1914.05	115.111
1916.1	118.889
1918.15	114
1920.19	120.889
1922.23	114.667
1924.28	115.333
1926.32	117.556
1928.36	118.444
1930.41	114.889
1932.45	119.556
1934.49	116
1936.53	122.889
1938.57	120.667
1940.61	117.556
1942.64	122
1944.68	118.222
1946.72	116
1948.76	114.222
1950.79	111.111
1952.83	111.111
1954.86	116.444
1956.89	112
1958.93	115.778
1960.96	114.222
1962.99	109.556
1965.03	118.889
1967.06	111.778
1969.09	119.111
1971.12	116.222
1973.14	112.222
1975.17	116.222
1977.2	113.333
1979.23	114.667
1981.25	111.778
1983.28	115.778
1985.31	123.111
1987.33	115.333
1989.36	119.778
1991.38	118.889
1993.4	113.111
1995.42	113.111
1997.45	119.333
1999.47	112
2001.49	112.667
2003.51	115.778
2005.53	117.556
2007.55	115.556
2009.56	116
2011.58	114
2013.6	113.778
2015.61	112.889
2017.63	113.778
2019.65	118.222
2021.66	118.444
2023.67	120.222
2025.69	114
2027.7	116.222
2029.71	113.111
2031.72	114.667
2033.73	115.778
2035.74	116.889
2037.75	110.444
2039.76	118.222
2041.77	112.222
2043.78	114.667
2045.79	114
2047.79	115.778
2049.8	117.333
2051.8	114.667
2053.81	114.444
2055.81	115.556
2057.82	115.333
2059.82	117.111
2061.82	117.556
2063.82	116
2065.83	114.444
2067.83	116
2069.83	114.667
2071.83	121.556
2073.82	114
2075.82	115.556
2077.82	117.333
2079.82	121.333
2081.81	114.889
2083.81	114.667
2085.8	113.778
2087.8	118.667
2089.79	113.111
2091.79	117.778
2093.78	120.222
2095.77	117.111
2097.76	119.333
2099.76	120
2101.75	119.778
2103.74	115.333
2105.72	116.444
2107.71	116.889
2109.7	114.667
2111.69	116.889
2113.68	117.111
2115.66	116.889
2117.65	120.667
2119.63	117.556
2121.62	117.778
2123.6	117.778
2125.59	119.778
2127.57	126
2129.55	124.444
2131.53	115.111
2133.51	118.222
2135.49	114.667
2137.47	118.667
2139.45	123.556
2141.43	121.556
2143.41	118
2145.39	116
2147.36	120
2149.34	119.556
2151.32	124.889
2153.29	118.889
2155.27	120.222
2157.24	118.667
2159.21	118.444
2161.19	120.667
2163.16	118.889
2165.13	122.889
2167.1	112
2169.07	116.222
2171.04	120
2173.01	120.444
2174.98	120.667
2176.95	115.111
2178.92	121.111
2180.88	119.111
2182.85	119.778
2184.81	120.444
2186.78	127.111
2188.74	127.333
2190.71	124.667
2192.67	124.222
2194.63	126.222
2196.6	116
2198.56	120.667
2200.52	122.667
2202.48	123.778
2204.44	123.556
2206.4	122
2208.36	118.667
2210.32	118.667
2212.28	117.333
2214.23	124.222
2216.19	125.556
2218.14	122
2220.1	121.778
2222.05	121.556
2224.01	120.889
2225.96	122.667
2227.91	118.889
2229.87	119.111
2231.82	117.333
2233.77	119.778
2235.72	117.778
2237.67	113.556
2239.62	115.556
2241.57	124.222
2243.52	119.778
2245.47	116
2247.41	121.111
2249.36	122
2251.31	120.444
2253.25	125.778
2255.2	122.444
2257.14	122.889
2259.09	125.111
2261.03	125.333
2262.97	127.111
2264.91	119.556
2266.85	122.444
2268.8	126.889
2270.74	122.889
2272.68	128
2274.61	118.667
2276.55	120.889
2278.49	122
2280.43	119.333
2282.37	124.444
2284.3	120.667
2286.24	118.889
2288.17	120.889
2290.11	125.111
2292.04	128.889
2293.98	130
2295.91	132.444
2297.84	136.889
2299.77	132.667
2301.7	130
2303.64	124.889
2305.56	122.222
2307.49	120.667
2309.42	122.222
2311.35	118
2313.28	124.667
2315.21	124.222
2317.13	120.667
2319.06	120.889
2320.99	124.222
2322.91	121.556
2324.84	122.667
2326.76	121.111
2328.68	125.778
2330.6	122.444
2332.53	123.111
2334.45	122.667
2336.37	122.889
2338.29	116.889
2340.21	124.222
2342.13	122.222
2344.05	123.333
2345.97	123.778
2347.89	124.889
2349.8	122.222
2351.72	123.111
2353.63	124
2355.55	120.889
2357.47	126.889
2359.38	122.222
2361.29	124.444
2363.21	123.111
2365.12	129.556
2367.03	123.778
2368.94	120.444
2370.85	121.333
2372.76	127.333
2374.67	124
2376.58	124.444
2378.49	127.333
2380.4	124.889
2382.31	128.222
2384.21	124.222
2386.12	126.444
2388.03	127.333
2389.93	125.556
2391.84	121.556
2393.74	122
2395.64	126
2397.55	123.333
2399.45	123.111
2401.35	121.111
2403.25	118.222
2405.15	120.222
2407.05	120.444
2408.95	119.556
2410.85	119.556
2412.75	127.333
2414.65	121.111
2416.55	120.889
2418.45	116.444
2420.34	120.667
2422.24	124
2424.13	123.333
2426.03	123.556
2427.92	123.556
2429.82	130.667
2431.71	128.222
2433.6	122.667
2435.49	122.667
2437.39	127.111
2439.28	123.111
2441.17	128.444
2443.06	123.778
2444.95	123.778
2446.83	129.556
2448.72	126.889
2450.61	133.556
2452.5	132.889
2454.39	138.667
