188.706	167.778
191.305	164.222
193.902	171.556
196.499	166.222
199.096	172.667
201.69	179.778
204.284	180.444
206.877	175.333
209.47	186.667
212.062	181.778
214.652	179.778
217.242	187.333
219.83	184.889
222.419	196.222
225.005	184
227.592	183.556
230.177	189.333
232.762	188
235.345	177.778
237.928	172.222
240.509	175.556
243.09	168
245.671	163.333
248.249	157.556
250.829	152
253.405	149.333
255.983	152.222
258.558	138
261.132	138
263.707	132.444
266.28	135.556
268.852	128.889
271.424	128.444
273.994	126.889
276.564	126.222
279.133	122.444
281.701	121.778
284.268	120.444
286.835	118.222
289.4	111.778
291.964	114.889
294.527	114.667
297.091	109.333
299.653	111.111
302.214	112
304.774	102.444
307.334	105.556
309.892	99.1111
312.45	100.889
315.006	102.444
317.562	101.778
320.118	98.2222
322.672	100
325.225	97.5556
327.778	100.667
330.329	99.3333
332.88	97.5556
335.43	102
337.978	100.667
340.528	105.778
343.075	101.333
345.622	103.556
348.167	103.111
350.712	105.556
353.256	106.889
355.799	108
358.341	100.667
360.883	100
363.423	102.444
365.963	101.556
368.502	96
371.04	97.5556
373.577	97.3333
376.114	100.889
378.649	97.1111
381.184	94.4444
383.718	98.2222
386.251	97.3333
388.783	95.1111
391.314	99.7778
393.844	96.8889
396.373	98.6667
398.902	104.444
401.43	99.3333
403.957	103.778
406.484	103.778
409.009	105.556
411.534	102.667
414.057	104.222
416.58	105.556
419.102	104.667
421.624	114
424.144	115.111
426.663	126.222
429.181	133.778
431.7	138.222
434.217	142.889
436.732	139.778
439.248	136.889
441.763	131.111
444.277	122.889
446.788	125.556
449.301	119.778
451.812	115.333
454.322	108.667
456.831	104.222
459.341	104.667
461.847	97.3333
464.355	94.8889
466.861	94
469.366	92.6667
471.871	96
474.374	91.3333
476.877	88.2222
479.378	92.4444
481.88	88.6667
484.381	90.6667
486.879	86.8889
489.379	89.3333
491.876	86.8889
494.373	88
496.869	86.8889
499.365	84
501.858	84
504.353	82.6667
506.845	84.6667
509.338	81.7778
511.828	85.3333
514.319	78.8889
516.808	81.5556
519.296	82.4444
521.785	79.3333
524.272	82.8889
526.759	80.2222
529.244	82.4444
531.728	80.2222
534.212	79.5556
536.695	79.1111
539.178	80.2222
541.659	75.5556
544.139	79.5556
546.619	78.6667
549.098	80.6667
551.575	78
554.052	77.7778
556.529	77.5556
559.005	78.2222
561.479	75.3333
563.953	72.2222
566.427	74.4444
568.899	73.1111
571.37	74.6667
573.84	77.3333
576.311	73.1111
578.78	73.3333
581.248	74.6667
583.715	74.8889
586.181	73.3333
588.647	72
591.113	72.4444
593.577	75.1111
596.04	72
598.503	72.2222
600.964	76.6667
603.425	76.8889
605.885	74.2222
608.344	73.5555
610.803	76
613.26	76.6667
615.718	80.6667
618.174	80.4444
620.63	76
623.084	80.8889
625.538	80
627.99	82
630.443	86.4444
632.894	90.2222
635.344	87.5556
637.792	93.3333
640.241	100
642.689	106.889
645.137	122.667
647.583	142.444
650.029	162.444
652.474	189.111
654.918	216.667
657.361	233.333
659.804	216
662.246	184.222
664.685	156
667.125	127.778
669.565	110.444
672.003	100.444
674.441	95.7778
676.877	90.4444
679.313	85.7778
681.749	90.2222
684.183	87.5556
686.617	93.1111
689.049	87.5555
691.481	92.6667
693.913	103.556
696.342	106
698.772	109.333
701.201	118.444
703.63	117.778
706.056	125.556
708.483	132.222
710.909	132.889
713.333	130.444
715.758	122
718.18	122.889
720.603	124.889
723.025	130.222
725.445	135.778
727.866	140.889
730.284	148.444
732.703	142.222
735.122	155.556
737.538	149.778
739.955	152.889
742.369	150.444
744.784	150.889
747.197	141.556
749.611	139.111
752.023	134.444
754.435	135.111
756.845	128
759.255	125.111
761.664	122.889
764.071	120.444
766.48	120.667
768.886	123.556
771.292	122
773.697	118.222
776.102	118.667
778.505	119.333
780.907	111.111
783.31	110.222
785.711	109.778
788.111	108.889
790.511	114.444
792.91	113.333
795.308	112.889
797.706	111.778
800.102	116
802.497	114.889
804.892	108.222
807.287	113.778
809.68	117.111
812.072	116.444
814.464	115.556
816.855	120.889
819.246	126.222
821.635	122.444
824.024	126
826.412	132.444
828.799	132.667
831.186	134.667
833.572	134.667
835.956	134.889
838.34	137.556
840.723	140.444
843.106	141.111
845.487	151.111
847.868	149.333
850.248	151.333
852.628	156.222
855.006	158.444
857.384	165.333
859.761	167.333
862.138	171.111
864.513	181.778
866.888	184.667
869.262	202.889
871.636	232.667
874.008	264.889
876.38	316.667
878.751	404.889
881.121	516.667
883.491	600.444
885.86	607.333
888.228	554.444
890.595	444.222
892.962	352
895.327	282.222
897.691	231.333
900.055	200.667
902.419	184.222
904.782	166
907.144	149.333
909.505	149.778
911.864	141.111
914.224	140
916.583	133.556
918.941	134
921.298	133.111
923.654	132.444
926.01	127.333
928.366	125.556
930.719	122
933.073	119.778
935.426	122.667
937.777	116
940.129	117.778
942.479	109.333
944.828	110
947.178	111.111
949.526	109.556
951.873	110.667
954.22	112.222
956.565	110.444
958.911	111.556
961.254	109.556
963.598	108.667
965.942	104.444
968.283	104
970.625	106.444
972.965	106.222
975.305	104.667
977.644	107.556
979.983	105.333
982.32	106.667
984.657	105.556
986.993	110.667
989.327	114.889
991.663	112
993.996	117.333
996.33	117.111
998.662	116.667
1000.99	120
1003.32	121.556
1005.65	122.889
1007.98	123.556
1010.31	130.444
1012.64	130
1014.97	132.889
1017.29	135.333
1019.62	138
1021.94	142.222
1024.27	148
1026.59	146
1028.91	158.222
1031.24	152.889
1033.56	162.889
1035.88	175.111
1038.2	170.444
1040.51	191.333
1042.83	214.222
1045.15	225.333
1047.47	255.111
1049.78	268.222
1052.1	276.889
1054.41	284.889
1056.73	290.222
1059.04	278.222
1061.35	266.667
1063.66	268.444
1065.97	262.667
1068.28	249.556
1070.59	241.778
1072.9	250.889
1075.21	251.556
1077.52	258.222
1079.82	272
1082.13	269.556
1084.43	278
1086.74	278.889
1089.04	273.556
1091.34	276.444
1093.65	281.556
1095.95	280.222
1098.25	273.333
1100.55	256.667
1102.85	239.778
1105.14	221.333
1107.44	198.889
1109.74	186.667
1112.03	177.333
1114.33	178.444
1116.62	181.556
1118.92	186.222
1121.21	190.444
1123.5	188.222
1125.79	183.778
1128.09	177.111
1130.38	163.556
1132.67	142.222
1134.95	134
1137.24	129.333
1139.53	123.556
1141.82	121.333
1144.1	121.778
1146.39	123.111
1148.67	118.889
1150.95	124.444
1153.24	117.778
1155.52	118.667
1157.8	118
1160.08	119.556
1162.36	119.333
1164.64	118
1166.92	119.333
1169.2	117.556
1171.47	115.556
1173.75	118.444
1176.03	113.778
1178.3	110.667
1180.58	108.889
1182.85	107.778
1185.12	112.444
1187.39	105.778
1189.66	103.778
1191.94	107.111
1194.21	110.667
1196.48	102.889
1198.74	104
1201.01	108
1203.28	107.778
1205.54	105.778
1207.81	108.222
1210.07	105.556
1212.34	106.667
1214.6	106
1216.86	105.333
1219.13	114.222
1221.39	107.778
1223.65	106.222
1225.91	114
1228.17	110.667
1230.43	107.111
1232.68	109.778
1234.94	115.778
1237.2	115.556
1239.45	116.222
1241.71	117.111
1243.96	123.778
1246.22	124.889
1248.47	123.333
1250.72	123.333
1252.97	129.333
1255.22	126.444
1257.47	136.667
1259.72	139.556
1261.97	136.444
1264.22	149.778
1266.46	160
1268.71	174.889
1270.95	186
1273.2	192.889
1275.44	198.667
1277.69	197.111
1279.93	198.667
1282.17	196.889
1284.41	198.444
1286.65	193.111
1288.89	196.444
1291.13	196
1293.37	210.667
1295.61	229.111
1297.85	258.444
1300.08	282.444
1302.32	295.333
1304.55	290.889
1306.79	282
1309.02	263.778
1311.26	241.111
1313.49	223.111
1315.72	206.222
1317.95	194.222
1320.18	182.222
1322.41	170.444
1324.64	158.889
1326.86	157.556
1329.09	144.667
1331.32	139.556
1333.55	136.222
1335.77	133.333
1337.99	130.444
1340.22	134.667
1342.44	131.778
1344.66	135.556
1346.89	132.222
1349.11	128.667
1351.33	127.333
1353.55	126.444
1355.77	128
1357.98	124
1360.2	127.111
1362.42	132.444
1364.63	131.111
1366.85	134.667
1369.06	139.111
1371.28	142.889
1373.49	142.444
1375.7	136.667
1377.92	140.222
1380.13	136.667
1382.34	130.222
1384.55	134.667
1386.76	136.667
1388.97	138.222
1391.17	134.222
1393.38	132.444
1395.59	133.111
1397.79	137.778
1400	139.333
1402.2	142.889
1404.41	148.667
1406.61	144
1408.81	151.778
1411.01	158.667
1413.21	159.556
1415.41	165.778
1417.61	172
1419.81	180.889
1422.01	194.444
1424.21	212.889
1426.4	233.778
1428.6	268
1430.8	309.778
1432.99	365.111
1435.18	410.889
1437.38	449.111
1439.57	477.111
1441.76	480.667
1443.95	485.111
1446.14	492
1448.33	484.889
1450.52	499.778
1452.71	493.333
1454.9	499.111
1457.09	484.444
1459.27	454.222
1461.46	408.889
1463.64	380.667
1465.83	330.444
1468.01	308.222
1470.2	280
1472.38	257.333
1474.56	242.222
1476.74	226.444
1478.92	224
1481.1	220.667
1483.28	209.111
1485.46	208.889
1487.64	199.778
1489.81	195.556
1491.99	172.222
1494.16	166.222
1496.34	165.111
1498.51	151.111
1500.69	149.556
1502.86	145.556
1505.03	142.444
1507.21	137.778
1509.38	138.667
1511.55	137.111
1513.72	127.111
1515.89	124.444
1518.05	124.444
1520.22	123.111
1522.39	123.111
1524.55	120.667
1526.72	114.667
1528.88	118.667
1531.05	121.333
1533.21	116.444
1535.37	117.111
1537.54	118.444
1539.7	113.111
1541.86	110.889
1544.02	107.556
1546.18	110.667
1548.34	107.333
1550.5	111.778
1552.65	106
1554.81	103.556
1556.97	110.444
1559.12	105.111
1561.28	103.778
1563.43	110.222
1565.58	102.444
1567.74	108.889
1569.89	102.667
1572.04	101.778
1574.19	98.8889
1576.34	104.222
1578.49	103.111
1580.64	99.5556
1582.79	100.889
1584.94	104
1587.08	101.111
1589.23	98.6667
1591.37	100.889
1593.52	99.5556
1595.66	95.5556
1597.81	103.556
1599.95	99.5556
1602.09	101.556
1604.23	96.2222
1606.37	100.889
1608.51	98.8889
1610.65	99.1111
1612.79	100.889
1614.93	100
1617.07	99.1111
1619.21	99.5556
1621.34	100
1623.48	100.889
1625.61	96.2222
1627.75	102.889
1629.88	102.222
1632.01	100.667
1634.15	98.8889
1636.28	96.4444
1638.41	100
1640.54	94.6667
1642.67	98
1644.8	100.444
1646.93	96.4444
1649.05	96.4444
1651.18	96
1653.31	96.8889
1655.43	94.4444
1657.56	96.6667
1659.68	96.6667
1661.81	97.1111
1663.93	99.7778
1666.05	94.2222
1668.17	99.3333
1670.3	98.6667
1672.42	97.3333
1674.54	97.1111
1676.66	100.222
1678.77	100.667
1680.89	99.5556
1683.01	96.8889
1685.13	101.556
1687.24	100.444
1689.36	100.667
1691.47	97.1111
1693.59	96.6667
1695.7	100.667
1697.81	96.4444
1699.92	99.3333
1702.04	100.222
1704.15	99.1111
1706.26	102
1708.37	102.222
1710.47	97.1111
1712.58	102.889
1714.69	99.5555
1716.8	98.2222
1718.9	97.7778
1721.01	99.7778
1723.11	100.222
1725.22	98.8889
1727.32	98.2222
1729.42	98.2222
1731.53	95.7778
1733.63	96.6667
1735.73	98.6667
1737.83	102.222
1739.93	99.5556
1742.03	96
1744.13	100.222
1746.23	99.3333
1748.32	98.6667
1750.42	96.4444
1752.52	97.1111
1754.61	98
1756.71	102.667
1758.8	98.8889
1760.89	94.8889
1762.99	93.7778
1765.08	97.1111
1767.17	95.7778
1769.26	98.6667
1771.35	98
1773.44	96.2222
1775.53	96
1777.62	95.5556
1779.71	95.7778
1781.79	96
1783.88	96
1785.96	97.1111
1788.05	101.333
1790.13	95.7778
1792.22	98.2222
1794.3	99.7778
1796.38	98
1798.47	96.8889
1800.55	96
1802.63	98
1804.71	96
1806.79	99.1111
1808.87	95.7778
1810.95	96
1813.02	98.2222
1815.1	100
1817.18	94.6667
1819.25	99.3333
1821.33	100.889
1823.4	95.3333
1825.47	97.1111
1827.55	94.2222
1829.62	96.2222
1831.69	99.5556
1833.76	96.8889
1835.83	93.3333
1837.9	96.8889
1839.97	99.7778
1842.04	95.5556
1844.11	96.8889
1846.18	101.111
1848.24	102.222
1850.31	98.2222
1852.38	96.2222
1854.44	97.7778
1856.51	96
1858.57	105.333
1860.63	96.8889
1862.69	101.333
1864.76	99.5556
1866.82	96.8889
1868.88	97.5556
1870.94	100
1873	96.8889
1875.06	102.667
1877.11	96.8889
1879.17	102.222
1881.23	97.7778
1883.28	100.222
1885.34	96
1887.4	96
1889.45	103.778
1891.5	100.222
1893.56	96.4444
1895.61	100.222
1897.66	100.444
1899.71	100
1901.76	104.889
1903.81	95.7778
1905.86	101.111
1907.91	101.333
1909.96	97.3333
1912.01	99.3333
1914.05	103.111
1916.1	100.444
1918.15	96.8889
1920.19	99.5556
1922.23	99.3333
1924.28	98.6667
1926.32	100.667
1928.36	100.222
1930.41	101.111
1932.45	100.444
1934.49	100.667
1936.53	102.444
1938.57	99.1111
1940.61	102.444
1942.64	99.7778
1944.68	101.111
1946.72	101.111
1948.76	99.1111
1950.79	101.111
1952.83	97.3333
1954.86	96.8889
1956.89	98.4444
1958.93	102.444
1960.96	101.556
1962.99	102.222
1965.03	99.5556
1967.06	100
1969.09	97.5555
1971.12	102.444
1973.14	99.1111
1975.17	102
1977.2	97.7778
1979.23	101.111
1981.25	95.7778
1983.28	104
1985.31	102.444
1987.33	102
1989.36	102.444
1991.38	101.778
1993.4	102.889
1995.42	102.667
1997.45	99.5556
1999.47	100.667
2001.49	101.333
2003.51	105.778
2005.53	95.5556
2007.55	103.556
2009.56	102
2011.58	103.333
2013.6	101.333
2015.61	102.889
2017.63	104.222
2019.65	102.444
2021.66	102
2023.67	99.7778
2025.69	103.111
2027.7	101.333
2029.71	102.889
2031.72	107.111
2033.73	105.556
2035.74	103.111
2037.75	104.222
2039.76	102
2041.77	101.333
2043.78	102
2045.79	107.778
2047.79	102.667
2049.8	99.5556
2051.8	101.778
2053.81	106.222
2055.81	104
2057.82	104.667
2059.82	106
2061.82	106.444
2063.82	103.556
2065.83	102.444
2067.83	108.222
2069.83	101.556
2071.83	104
2073.82	107.556
2075.82	108.889
2077.82	106
2079.82	103.556
2081.81	103.556
2083.81	104.222
2085.8	106.444
2087.8	106.889
2089.79	102.444
2091.79	105.556
2093.78	107.778
2095.77	107.111
2097.76	102.444
2099.76	102.889
2101.75	105.111
2103.74	104.222
2105.72	99.5556
2107.71	106
2109.7	102.889
2111.69	107.111
2113.68	108
2115.66	104.889
2117.65	103.556
2119.63	108.222
2121.62	108.444
2123.6	108.222
2125.59	104.222
2127.57	107.333
2129.55	104
2131.53	105.111
2133.51	106
2135.49	105.333
2137.47	105.778
2139.45	108.667
2141.43	108.667
2143.41	108
2145.39	106.222
2147.36	104
2149.34	110.222
2151.32	106.667
2153.29	111.111
2155.27	107.333
2157.24	103.778
2159.21	110.222
2161.19	105.556
2163.16	110
2165.13	111.111
2167.1	110.667
2169.07	108.444
2171.04	107.556
2173.01	111.556
2174.98	107.556
2176.95	109.111
2178.92	111.778
2180.88	107.778
2182.85	110.444
2184.81	110.222
2186.78	111.111
2188.74	110.444
2190.71	110.889
2192.67	112.667
2194.63	111.333
2196.6	112
2198.56	115.333
2200.52	110.889
2202.48	108.667
2204.44	109.111
2206.4	110.444
2208.36	113.778
2210.32	109.333
2212.28	108.889
2214.23	106.444
2216.19	110.889
2218.14	110.667
2220.1	111.333
2222.05	112
2224.01	113.333
2225.96	106.222
2227.91	106.444
2229.87	111.778
2231.82	109.333
2233.77	110.667
2235.72	107.778
2237.67	108
2239.62	112
2241.57	106.444
2243.52	111.333
2245.47	108
2247.41	108
2249.36	111.111
2251.31	109.556
2253.25	112.222
2255.2	112.222
2257.14	114.222
2259.09	108.222
2261.03	113.556
2262.97	112.889
2264.91	110.667
2266.85	110.667
2268.8	110.667
2270.74	109.778
2272.68	114.889
2274.61	108
2276.55	108.889
2278.49	108.222
2280.43	110.222
2282.37	111.778
2284.3	115.111
2286.24	115.111
2288.17	111.556
2290.11	109.333
2292.04	115.556
2293.98	109.778
2295.91	114.222
2297.84	116.889
2299.77	110.444
2301.7	112.444
2303.64	111.111
2305.56	109.111
2307.49	109.778
2309.42	106.444
2311.35	114.444
2313.28	111.111
2315.21	110.444
2317.13	112.444
2319.06	112.667
2320.99	112.889
2322.91	111.333
2324.84	114.222
2326.76	110.444
2328.68	108.444
2330.6	117.778
2332.53	113.333
2334.45	111.111
2336.37	110
2338.29	112
2340.21	108.667
2342.13	109.111
2344.05	114.889
2345.97	109.111
2347.89	110.889
2349.8	113.333
2351.72	108.667
2353.63	107.111
2355.55	111.333
2357.47	110.889
2359.38	105.111
2361.29	109.556
2363.21	111.333
2365.12	109.778
2367.03	116
2368.94	114.222
2370.85	113.111
2372.76	107.778
2374.67	110.222
2376.58	113.111
2378.49	111.111
2380.4	112.667
2382.31	106
2384.21	110
2386.12	112.667
2388.03	109.111
2389.93	111.333
2391.84	111.778
2393.74	115.111
2395.64	107.778
2397.55	112.889
2399.45	111.333
2401.35	106.444
2403.25	116.667
2405.15	110
2407.05	116.667
2408.95	113.778
2410.85	114
2412.75	112.889
2414.65	117.556
2416.55	110.444
2418.45	119.778
2420.34	111.333
2422.24	116.222
2424.13	117.778
2426.03	113.556
2427.92	118
2429.82	115.778
2431.71	120.889
2433.6	119.556
2435.49	113.111
2437.39	118.667
2439.28	119.111
2441.17	118
2443.06	119.333
2444.95	119.333
2446.83	115.556
2448.72	120.889
2450.61	119.111
2452.5	117.556
2454.39	121.778
