188.706	217.556
191.305	211.111
193.902	222.444
196.499	215.778
199.096	226.222
201.69	221.111
204.284	235.111
206.877	238.667
209.47	238.222
212.062	245.778
214.652	250.667
217.242	253.778
219.83	252.889
222.419	263.778
225.005	257.556
227.592	256.444
230.177	259.778
232.762	249.778
235.345	248
237.928	237.111
240.509	233.333
243.09	222.444
245.671	226
248.249	207.333
250.829	202.222
253.405	198
255.983	191.333
258.558	182.889
261.132	176.444
263.707	174.222
266.28	171.778
268.852	170.889
271.424	161.778
273.994	154.889
276.564	154.667
279.133	149.111
281.701	148.222
284.268	143.556
286.835	144.222
289.4	142.222
291.964	144
294.527	136.889
297.091	134.222
299.653	128
302.214	133.333
304.774	129.333
307.334	132.222
309.892	125.556
312.45	127.111
315.006	122.889
317.562	117.111
320.118	118.222
322.672	118.444
325.225	122
327.778	121.556
330.329	125.778
332.88	128
335.43	123.111
337.978	129.556
340.528	132
343.075	132.222
345.622	133.778
348.167	131.778
350.712	134.667
353.256	136.222
355.799	131.333
358.341	130
360.883	126.222
363.423	122.667
365.963	121.333
368.502	121.111
371.04	122.222
373.577	116.444
376.114	117.556
378.649	114.889
381.184	113.111
383.718	111.111
386.251	115.111
388.783	110
391.314	110.889
393.844	112.222
396.373	117.778
398.902	119.556
401.43	121.333
403.957	120.444
406.484	122
409.009	114.889
411.534	114.889
414.057	110.667
416.58	108
419.102	109.333
421.624	104.889
424.144	108.444
426.663	100.222
429.181	102.889
431.7	104.667
434.217	104.444
436.732	100
439.248	101.778
441.763	101.333
444.277	107.111
446.788	102.444
449.301	103.778
451.812	100.667
454.322	100.444
456.831	103.556
459.341	100.444
461.847	100.444
464.355	98.8889
466.861	96.8889
469.366	98.6667
471.871	97.3333
474.374	98.6667
476.877	100.889
479.378	96.8889
481.88	97.1111
484.381	99.1111
486.879	102.667
489.379	98
491.876	98.4444
494.373	94.6667
496.869	97.1111
499.365	102
501.858	94.8889
504.353	95.5556
506.845	96.4444
509.338	96.8889
511.828	95.5556
514.319	93.1111
516.808	95.7778
519.296	94
521.785	96.4444
524.272	92
526.759	100.222
529.244	94.6667
531.728	98.4444
534.212	93.1111
536.695	92.6667
539.178	96
541.659	91.5556
544.139	88.2222
546.619	92
549.098	94.4444
551.575	86.2222
554.052	88.4444
556.529	86.6667
559.005	86.4444
561.479	88.2222
563.953	84.4444
566.427	84
568.899	87.3333
571.37	86.2222
573.84	82.6667
576.311	83.3333
578.78	81.1111
581.248	87.7778
583.715	82.6667
586.181	83.3333
588.647	83.3333
591.113	83.3333
593.577	86.8889
596.04	83.3333
598.503	83.7778
600.964	78.6667
603.425	87.3333
605.885	84.8889
608.344	82.2222
610.803	88
613.26	85.3333
615.718	92.4445
618.174	88.4444
620.63	93.1111
623.084	91.3333
625.538	93.1111
627.99	96.2222
630.443	101.778
632.894	100.667
635.344	103.333
637.792	113.556
640.241	120
642.689	138.222
645.137	161.111
647.583	189.778
650.029	228
652.474	268.444
654.918	310.222
657.361	332.222
659.804	318.667
662.246	253.556
664.685	196
667.125	157.333
669.565	139.333
672.003	123.778
674.441	114.667
676.877	111.778
679.313	106
681.749	103.333
684.183	104.667
686.617	104.444
689.049	105.333
691.481	116.444
693.913	127.111
696.342	132.222
698.772	140.667
701.201	154.667
703.63	158
706.056	172.222
708.483	172.667
710.909	168
713.333	162.667
715.758	161.111
718.18	166.222
720.603	174
723.025	168.889
725.445	182
727.866	184.889
730.284	194.889
732.703	197.333
735.122	196
737.538	206.222
739.955	201.556
742.369	196.667
744.784	198.889
747.197	193.556
749.611	188
752.023	178
754.435	178
756.845	175.111
759.255	170.444
761.664	160
764.071	157.778
766.48	159.333
768.886	159.778
771.292	154.222
773.697	150.444
776.102	152.889
778.505	148.667
780.907	142.444
783.31	136.444
785.711	139.778
788.111	145.111
790.511	136.667
792.91	140.444
795.308	138.889
797.706	129.778
800.102	136.444
802.497	139.778
804.892	139.111
807.287	134.667
809.68	133.556
812.072	140.889
814.464	141.556
816.855	143.333
819.246	145.333
821.635	148
824.024	156.667
826.412	161.556
828.799	166
831.186	173.778
833.572	165.111
835.956	170
838.34	170.444
840.723	178.444
843.106	185.556
845.487	189.111
847.868	189.778
850.248	186
852.628	188.444
855.006	179.556
857.384	185.556
859.761	192.667
862.138	193.333
864.513	192.444
866.888	192.222
869.262	194.444
871.636	200.889
874.008	202
876.38	194.444
878.751	191.111
881.121	190.222
883.491	189.778
885.86	190.889
888.228	199.778
890.595	205.333
892.962	205.556
895.327	200.444
897.691	190.889
900.055	188
902.419	183.778
904.782	168.444
907.144	165.778
909.505	162.667
911.864	164
914.224	153.778
916.583	153.111
918.941	156
921.298	149.111
923.654	149.556
926.01	146.667
928.366	147.111
930.719	146.222
933.073	148.667
935.426	145.556
937.777	146
940.129	141.333
942.479	137.111
944.828	135.333
947.178	136
949.526	132.444
951.873	136.222
954.22	134.667
956.565	135.778
958.911	139.778
961.254	138.667
963.598	135.778
965.942	137.333
968.283	138.222
970.625	134.667
972.965	133.333
975.305	133.111
977.644	127.778
979.983	130.444
982.32	131.333
984.657	133.333
986.993	138.222
989.327	141.111
991.663	144.889
993.996	141.111
996.33	143.778
998.662	142.667
1000.99	156.889
1003.32	155.111
1005.65	154
1007.98	158.889
1010.31	164.444
1012.64	170.222
1014.97	174.444
1017.29	179.333
1019.62	189.333
1021.94	192.667
1024.27	204
1026.59	205.111
1028.91	215.556
1031.24	221.111
1033.56	222.889
1035.88	234.889
1038.2	231.111
1040.51	242.222
1042.83	238.444
1045.15	240.222
1047.47	231.333
1049.78	222
1052.1	214
1054.41	214
1056.73	223.556
1059.04	235.556
1061.35	260
1063.66	264.222
1065.97	265.333
1068.28	265.111
1070.59	266
1072.9	264.667
1075.21	272.889
1077.52	288
1079.82	300.444
1082.13	287.333
1084.43	281.111
1086.74	268.889
1089.04	248.222
1091.34	236
1093.65	210
1095.95	190.889
1098.25	176.889
1100.55	169.111
1102.85	163.778
1105.14	164
1107.44	156.667
1109.74	158.667
1112.03	168.444
1114.33	177.333
1116.62	185.556
1118.92	189.556
1121.21	202.889
1123.5	214
1125.79	210.667
1128.09	196.222
1130.38	174.222
1132.67	154.667
1134.95	144.667
1137.24	143.556
1139.53	138.222
1141.82	135.333
1144.1	136.667
1146.39	142
1148.67	142.889
1150.95	146.667
1153.24	143.556
1155.52	151.778
1157.8	147.778
1160.08	152
1162.36	157.778
1164.64	152.667
1166.92	151.111
1169.2	145.556
1171.47	145.333
1173.75	140.222
1176.03	140.222
1178.3	138
1180.58	142.667
1182.85	132.444
1185.12	138.667
1187.39	134.667
1189.66	139.111
1191.94	138
1194.21	133.778
1196.48	136.444
1198.74	135.111
1201.01	135.111
1203.28	141.778
1205.54	134.667
1207.81	134.667
1210.07	135.333
1212.34	138.444
1214.6	136.444
1216.86	140.222
1219.13	137.556
1221.39	139.333
1223.65	138.222
1225.91	133.333
1228.17	140
1230.43	136.889
1232.68	137.111
1234.94	144.667
1237.2	142
1239.45	140.667
1241.71	143.556
1243.96	146.889
1246.22	149.333
1248.47	154.667
1250.72	149.111
1252.97	145.556
1255.22	149.556
1257.47	150
1259.72	153.111
1261.97	152.444
1264.22	163.778
1266.46	166.222
1268.71	169.333
1270.95	168
1273.2	172.889
1275.44	173.778
1277.69	179.333
1279.93	186.222
1282.17	193.111
1284.41	199.111
1286.65	217.111
1288.89	225.556
1291.13	247.333
1293.37	268.444
1295.61	304.667
1297.85	346.222
1300.08	386.667
1302.32	402.667
1304.55	390.444
1306.79	384
1309.02	343.111
1311.26	315.556
1313.49	292.222
1315.72	268.444
1317.95	247.333
1320.18	229.333
1322.41	208.889
1324.64	200.667
1326.86	195.111
1329.09	179.111
1331.32	166.444
1333.55	158
1335.77	156.222
1337.99	159.556
1340.22	164.444
1342.44	160.667
1344.66	160.889
1346.89	160.889
1349.11	153.333
1351.33	157.111
1353.55	147.778
1355.77	149.111
1357.98	152.222
1360.2	149.333
1362.42	154
1364.63	160.222
1366.85	166.667
1369.06	164.222
1371.28	160.444
1373.49	161.333
1375.7	156.222
1377.92	147.111
1380.13	141.556
1382.34	139.778
1384.55	142.444
1386.76	138.444
1388.97	141.556
1391.17	135.778
1393.38	137.111
1395.59	137.778
1397.79	144.444
1400	143.778
1402.2	149.556
1404.41	146.222
1406.61	155.333
1408.81	153.111
1411.01	159.778
1413.21	167.111
1415.41	164.667
1417.61	174
1419.81	188.222
1422.01	208.222
1424.21	230.667
1426.4	266.444
1428.6	320.444
1430.8	386.889
1432.99	456.222
1435.18	528.445
1437.38	576
1439.57	574.889
1441.76	584.444
1443.95	550.222
1446.14	523.111
1448.33	506.667
1450.52	472.667
1452.71	480.444
1454.9	468
1457.09	452.222
1459.27	427.778
1461.46	400.222
1463.64	367.111
1465.83	341.778
1468.01	309.111
1470.2	285.778
1472.38	255.111
1474.56	232.889
1476.74	219.778
1478.92	208.889
1481.1	202.222
1483.28	189.778
1485.46	182.444
1487.64	181.556
1489.81	175.556
1491.99	172.444
1494.16	165.111
1496.34	163.333
1498.51	160.444
1500.69	158.667
1502.86	152.444
1505.03	150.889
1507.21	154
1509.38	146.889
1511.55	146.444
1513.72	144.222
1515.89	148.667
1518.05	138
1520.22	142.444
1522.39	140
1524.55	139.333
1526.72	139.111
1528.88	139.333
1531.05	137.333
1533.21	137.333
1535.37	139.111
1537.54	137.111
1539.7	134.444
1541.86	136.444
1544.02	137.111
1546.18	136.222
1548.34	134.222
1550.5	132
1552.65	133.556
1554.81	134.444
1556.97	129.111
1559.12	132.444
1561.28	131.556
1563.43	132.889
1565.58	129.778
1567.74	129.556
1569.89	130.667
1572.04	131.111
1574.19	128.667
1576.34	131.778
1578.49	131.556
1580.64	132.667
1582.79	133.111
1584.94	125.111
1587.08	137.556
1589.23	129.556
1591.37	126.667
1593.52	130.667
1595.66	127.556
1597.81	128.667
1599.95	123.333
1602.09	127.556
1604.23	129.778
1606.37	131.111
1608.51	132
1610.65	131.556
1612.79	131.111
1614.93	128.889
1617.07	127.333
1619.21	130.444
1621.34	126.889
1623.48	120.889
1625.61	125.333
1627.75	130.667
1629.88	131.556
1632.01	123.333
1634.15	125.111
1636.28	130.889
1638.41	125.111
1640.54	130.667
1642.67	124.889
1644.8	130.667
1646.93	132
1649.05	128
1651.18	125.333
1653.31	124
1655.43	130.667
1657.56	127.111
1659.68	125.111
1661.81	127.111
1663.93	126.889
1666.05	127.778
1668.17	126.444
1670.3	127.778
1672.42	122.444
1674.54	129.778
1676.66	130
1678.77	128
1680.89	131.556
1683.01	126.222
1685.13	125.333
1687.24	128.667
1689.36	132.222
1691.47	124.667
1693.59	132.667
1695.7	130.889
1697.81	130
1699.92	129.778
1702.04	133.556
1704.15	131.556
1706.26	136.444
1708.37	130.444
1710.47	130.444
1712.58	130.889
1714.69	135.111
1716.8	128.667
1718.9	128.667
1721.01	128.889
1723.11	125.778
1725.22	130
1727.32	133.556
1729.42	127.778
1731.53	127.333
1733.63	128.667
1735.73	130
1737.83	127.778
1739.93	125.778
1742.03	128.444
1744.13	129.556
1746.23	128
1748.32	130
1750.42	131.556
1752.52	130.222
1754.61	126.667
1756.71	134
1758.8	129.111
1760.89	134.444
1762.99	127.556
1765.08	131.333
1767.17	129.111
1769.26	127.111
1771.35	133.556
1773.44	126.889
1775.53	126.444
1777.62	131.111
1779.71	127.556
1781.79	130.667
1783.88	131.111
1785.96	129.111
1788.05	134.444
1790.13	130.667
1792.22	124.889
1794.3	129.333
1796.38	131.111
1798.47	126.667
1800.55	130.222
1802.63	132.667
1804.71	128.889
1806.79	129.333
1808.87	130.889
1810.95	133.778
1813.02	134
1815.1	133.333
1817.18	130
1819.25	133.556
1821.33	135.111
1823.4	131.778
1825.47	127.111
1827.55	136.889
1829.62	131.111
1831.69	130
1833.76	135.778
1835.83	127.333
1837.9	132.667
1839.97	135.556
1842.04	140.222
1844.11	125.333
1846.18	130.667
1848.24	131.556
1850.31	136.667
1852.38	132.889
1854.44	137.556
1856.51	134.444
1858.57	129.111
1860.63	135.778
1862.69	138.222
1864.76	130.889
1866.82	131.333
1868.88	135.556
1870.94	130.222
1873	127.556
1875.06	132
1877.11	134
1879.17	133.556
1881.23	137.333
1883.28	134.444
1885.34	134.667
1887.4	130.889
1889.45	134.444
1891.5	136.222
1893.56	132.222
1895.61	132.444
1897.66	134.889
1899.71	138.222
1901.76	128.889
1903.81	137.333
1905.86	139.333
1907.91	136
1909.96	136.444
1912.01	143.333
1914.05	134.889
1916.1	136.667
1918.15	138.444
1920.19	130.222
1922.23	132.667
1924.28	135.111
1926.32	137.333
1928.36	137.333
1930.41	138.222
1932.45	133.333
1934.49	137.111
1936.53	141.333
1938.57	135.111
1940.61	136.889
1942.64	134.667
1944.68	136.444
1946.72	137.111
1948.76	136.222
1950.79	138.222
1952.83	139.111
1954.86	138.889
1956.89	138.667
1958.93	133.556
1960.96	134.444
1962.99	135.556
1965.03	136.889
1967.06	138
1969.09	137.778
1971.12	137.111
1973.14	134.667
1975.17	138.444
1977.2	140.889
1979.23	137.111
1981.25	136.222
1983.28	139.111
1985.31	141.111
1987.33	137.778
1989.36	139.556
1991.38	135.333
1993.4	138.889
1995.42	137.333
1997.45	142.222
1999.47	138.889
2001.49	139.333
2003.51	140.444
2005.53	138.667
2007.55	140.889
2009.56	139.111
2011.58	139.333
2013.6	143.778
2015.61	144.889
2017.63	138
2019.65	139.333
2021.66	144.889
2023.67	144
2025.69	139.333
2027.7	144.667
2029.71	144.444
2031.72	141.778
2033.73	144.889
2035.74	144.667
2037.75	144.667
2039.76	142.222
2041.77	143.111
2043.78	144.222
2045.79	141.111
2047.79	139.333
2049.8	143.556
2051.8	143.778
2053.81	145.111
2055.81	140.222
2057.82	146.444
2059.82	144.667
2061.82	141.333
2063.82	142.222
2065.83	145.333
2067.83	148.667
2069.83	139.111
2071.83	140.222
2073.82	142.222
2075.82	148.667
2077.82	146.444
2079.82	145.556
2081.81	139.333
2083.81	146.222
2085.8	150.889
2087.8	144.667
2089.79	144.444
2091.79	146.667
2093.78	142.889
2095.77	143.778
2097.76	140.889
2099.76	142.889
2101.75	137.111
2103.74	148.667
2105.72	140.667
2107.71	149.556
2109.7	144.889
2111.69	146.444
2113.68	152.667
2115.66	146.444
2117.65	143.778
2119.63	144.889
2121.62	148.444
2123.6	142.889
2125.59	146.889
2127.57	146.444
2129.55	152.444
2131.53	147.556
2133.51	152.667
2135.49	155.111
2137.47	152.889
2139.45	151.778
2141.43	153.333
2143.41	144
2145.39	148.444
2147.36	149.556
2149.34	148
2151.32	149.333
2153.29	152.444
2155.27	154
2157.24	146.889
2159.21	154.667
2161.19	146.444
2163.16	154
2165.13	147.778
2167.1	149.556
2169.07	147.778
2171.04	151.333
2173.01	154.667
2174.98	153.111
2176.95	153.111
2178.92	155.778
2180.88	153.778
2182.85	156
2184.81	154.667
2186.78	152
2188.74	151.111
2190.71	158
2192.67	155.111
2194.63	153.778
2196.6	156.444
2198.56	153.333
2200.52	152.889
2202.48	151.333
2204.44	150.667
2206.4	152.889
2208.36	149.333
2210.32	156.889
2212.28	146.222
2214.23	153.111
2216.19	156.444
2218.14	149.556
2220.1	149.778
2222.05	150.889
2224.01	156.444
2225.96	155.778
2227.91	154.222
2229.87	158.889
2231.82	158.667
2233.77	149.778
2235.72	155.778
2237.67	158.444
2239.62	152
2241.57	155.778
2243.52	156.889
2245.47	156.667
2247.41	149.333
2249.36	152.222
2251.31	149.778
2253.25	155.111
2255.2	154
2257.14	158.444
2259.09	156
2261.03	156
2262.97	155.111
2264.91	152.667
2266.85	158.889
2268.8	150.667
2270.74	151.778
2272.68	157.333
2274.61	156
2276.55	158.667
2278.49	157.333
2280.43	153.111
2282.37	148.444
2284.3	156.444
2286.24	152.667
2288.17	153.333
2290.11	152.222
2292.04	152.667
2293.98	157.556
2295.91	153.333
2297.84	152.667
2299.77	156.889
2301.7	159.556
2303.64	153.778
2305.56	154.444
2307.49	157.556
2309.42	154.667
2311.35	153.111
2313.28	153.556
2315.21	148.444
2317.13	158.444
2319.06	157.556
2320.99	157.333
2322.91	159.111
2324.84	152.667
2326.76	158.667
2328.68	161.778
2330.6	157.556
2332.53	152.444
2334.45	158.222
2336.37	152.889
2338.29	157.333
2340.21	154.222
2342.13	153.333
2344.05	158.222
2345.97	155.111
2347.89	158
2349.8	157.556
2351.72	153.556
2353.63	155.111
2355.55	154.889
2357.47	160
2359.38	156.667
2361.29	162
2363.21	155.111
2365.12	151.778
2367.03	156.444
2368.94	155.778
2370.85	153.778
2372.76	156.889
2374.67	160.222
2376.58	157.556
2378.49	163.556
2380.4	160.444
2382.31	161.556
2384.21	156
2386.12	159.556
2388.03	158
2389.93	153.778
2391.84	164
2393.74	154.222
2395.64	163.556
2397.55	161.556
2399.45	162.222
2401.35	157.111
2403.25	162
2405.15	156.667
2407.05	157.111
2408.95	164
2410.85	164.667
2412.75	158.889
2414.65	164.222
2416.55	166.444
2418.45	164
2420.34	166.667
2422.24	158.444
2424.13	163.333
2426.03	163.111
2427.92	162.667
2429.82	159.333
2431.71	166
2433.6	169.333
2435.49	166.889
2437.39	164.667
2439.28	164.667
2441.17	165.556
2443.06	162.667
2444.95	162.222
2446.83	163.333
2448.72	169.556
2450.61	168.667
2452.5	162.667
2454.39	168
