188.706	122.889
191.305	119.333
193.902	121.778
196.499	119.778
199.096	115.778
201.69	119.778
204.284	120.889
206.877	121.556
209.47	119.333
212.062	120.889
214.652	119.556
217.242	120.222
219.83	123.556
222.419	121.111
225.005	121.333
227.592	121.111
230.177	118.889
232.762	120
235.345	111.556
237.928	117.556
240.509	113.778
243.09	110
245.671	110.667
248.249	106.222
250.829	108.667
253.405	108
255.983	100.444
258.558	97.5556
261.132	103.333
263.707	98.4444
266.28	94.2222
268.852	92.2222
271.424	93.5556
273.994	93.3333
276.564	93.5556
279.133	94.6667
281.701	93.5556
284.268	90.6667
286.835	90.8889
289.4	88.4444
291.964	84
294.527	86.6667
297.091	86
299.653	83.1111
302.214	85.1111
304.774	84.2222
307.334	84
309.892	85.3333
312.45	82.4444
315.006	80.2222
317.562	81.7778
320.118	76.4445
322.672	80.8889
325.225	78
327.778	78.4444
330.329	80.6667
332.88	79.1111
335.43	78.8889
337.978	82
340.528	80.8889
343.075	79.5555
345.622	81.5556
348.167	81.5556
350.712	83.1111
353.256	79.7778
355.799	82.2222
358.341	77.7778
360.883	76.6667
363.423	80.2222
365.963	79.7778
368.502	79.1111
371.04	75.3333
373.577	76.4444
376.114	78.4445
378.649	76.6667
381.184	72.8889
383.718	75.1111
386.251	73.7778
388.783	74.2222
391.314	73.7778
393.844	74.4444
396.373	76
398.902	77.3333
401.43	76.6667
403.957	77.1111
406.484	75.5555
409.009	74.6667
411.534	77.1111
414.057	75.1111
416.58	72.6667
419.102	71.5556
421.624	72
424.144	76
426.663	74.2222
429.181	73.3333
431.7	74.4444
434.217	73.5556
436.732	72.8889
439.248	71.7778
441.763	75.1111
444.277	70.2222
446.788	70.8889
449.301	71.5556
451.812	71.1111
454.322	70.2222
456.831	73.1111
459.341	75.5556
461.847	71.3333
464.355	74
466.861	69.5556
469.366	73.3333
471.871	73.3333
474.374	68.4444
476.877	73.3333
479.378	73.3333
481.88	73.5556
484.381	71.1111
486.879	73.7778
489.379	74
491.876	70.6667
494.373	72.4445
496.869	73.3333
499.365	73.3333
501.858	76.2222
504.353	73.7778
506.845	70.8889
509.338	70.2222
511.828	69.5556
514.319	72
516.808	70.6667
519.296	69.5556
521.785	69.1111
524.272	70.6667
526.759	67.3333
529.244	70.6667
531.728	70.6667
534.212	72
536.695	68.4444
539.178	70.2222
541.659	72.6667
544.139	71.5556
546.619	68.4444
549.098	70.4444
551.575	71.5556
554.052	68.6667
556.529	70.6667
559.005	70.6667
561.479	70.2222
563.953	67.5556
566.427	74
568.899	67.3333
571.37	69.7778
573.84	74.4444
576.311	69.1111
578.78	67.7778
581.248	69.7778
583.715	69.3333
586.181	72.4444
588.647	69.3333
591.113	70.8889
593.577	71.5556
596.04	68.4444
598.503	67.7778
600.964	70.2222
603.425	67.5556
605.885	68.4444
608.344	71.5556
610.803	71.5556
613.26	66.8889
615.718	71.7778
618.174	74.4444
620.63	71.3333
623.084	69.7778
625.538	76.8889
627.99	73.3333
630.443	75.1111
632.894	74
635.344	75.5556
637.792	76
640.241	76.2222
642.689	81.7778
645.137	83.7778
647.583	87.1111
650.029	95.1111
652.474	110
654.918	120.222
657.361	123.556
659.804	120.222
662.246	115.111
664.685	99.5556
667.125	88.4444
669.565	83.1111
672.003	81.1111
674.441	74.8889
676.877	74.4444
679.313	72
681.749	73.7778
684.183	75.1111
686.617	74
689.049	75.3333
691.481	76.2222
693.913	75.1111
696.342	78.2222
698.772	81.5556
701.201	81.3333
703.63	85.3333
706.056	88.4444
708.483	90.6667
710.909	89.1111
713.333	88.8889
715.758	88.2222
718.18	88.4444
720.603	86
723.025	86.6667
725.445	93.5556
727.866	90.4444
730.284	94.4444
732.703	92.8889
735.122	93.3333
737.538	98
739.955	98.8889
742.369	94.8889
744.784	96.6667
747.197	94.2222
749.611	90.6667
752.023	92.8889
754.435	86.8889
756.845	87.7778
759.255	91.5556
761.664	85.1111
764.071	84.6667
766.48	86.2222
768.886	86.4444
771.292	85.5556
773.697	83.1111
776.102	83.7778
778.505	80
780.907	82.8889
783.31	86.2222
785.711	79.1111
788.111	81.5556
790.511	83.1111
792.91	82.2222
795.308	79.3333
797.706	82.2222
800.102	80.2222
802.497	84.2222
804.892	82.6667
807.287	81.7778
809.68	77.5556
812.072	82.4445
814.464	83.1111
816.855	83.1111
819.246	83.7778
821.635	88.4444
824.024	88.4444
826.412	89.7778
828.799	89.3333
831.186	85.1111
833.572	86.6667
835.956	86.6667
838.34	89.5556
840.723	88.6667
843.106	87.7778
845.487	88.8889
847.868	95.5556
850.248	97.5556
852.628	93.5556
855.006	89.3333
857.384	86.6667
859.761	88.8889
862.138	91.3333
864.513	91.7778
866.888	95.3333
869.262	92
871.636	95.7778
874.008	92.8889
876.38	94.6667
878.751	90.2222
881.121	93.3333
883.491	90
885.86	92.2222
888.228	92.2222
890.595	94.8889
892.962	96.8889
895.327	94.4444
897.691	92.6667
900.055	94.2222
902.419	87.3333
904.782	90
907.144	85.3333
909.505	84.2222
911.864	83.3333
914.224	87.5556
916.583	85.1111
918.941	85.7778
921.298	86.2222
923.654	83.5556
926.01	82.4444
928.366	83.1111
930.719	84.6667
933.073	83.3333
935.426	81.3333
937.777	80.6667
940.129	81.1111
942.479	83.7778
944.828	82.2222
947.178	81.5556
949.526	78.6667
951.873	79.1111
954.22	77.5556
956.565	83.7778
958.911	83.5556
961.254	80.6667
963.598	81.7778
965.942	84.4444
968.283	85.1111
970.625	80
972.965	80.4445
975.305	82.2222
977.644	79.5556
979.983	83.3333
982.32	86.4444
984.657	81.7778
986.993	88
989.327	86.8889
991.663	89.1111
993.996	88
996.33	92
998.662	90.4444
1000.99	96.6667
1003.32	100.667
1005.65	108
1007.98	115.333
1010.31	122
1012.64	125.111
1014.97	137.111
1017.29	150
1019.62	158.444
1021.94	178.667
1024.27	199.111
1026.59	215.778
1028.91	249.111
1031.24	274
1033.56	286.889
1035.88	284.667
1038.2	308.444
1040.51	298.667
1042.83	281.111
1045.15	258.889
1047.47	223.111
1049.78	198
1052.1	168.667
1054.41	152.667
1056.73	141.778
1059.04	136.222
1061.35	134
1063.66	132.222
1065.97	132.444
1068.28	132.222
1070.59	130
1072.9	126.889
1075.21	122.222
1077.52	133.333
1079.82	133.778
1082.13	128.222
1084.43	123.333
1086.74	123.333
1089.04	120.667
1091.34	117.333
1093.65	120.444
1095.95	110.889
1098.25	108.222
1100.55	113.556
1102.85	111.778
1105.14	104
1107.44	110.222
1109.74	106.889
1112.03	108.667
1114.33	113.556
1116.62	114.667
1118.92	116
1121.21	115.333
1123.5	121.333
1125.79	114
1128.09	113.333
1130.38	106.667
1132.67	103.333
1134.95	98.4444
1137.24	93.3333
1139.53	92.2222
1141.82	97.1111
1144.1	94.6667
1146.39	90.6667
1148.67	96.6667
1150.95	96.2222
1153.24	96.4444
1155.52	95.3333
1157.8	96.8889
1160.08	94
1162.36	97.7778
1164.64	90.8889
1166.92	92.6667
1169.2	96.4445
1171.47	93.3333
1173.75	92
1176.03	89.5556
1178.3	88.2222
1180.58	87.5556
1182.85	84.6667
1185.12	84.4444
1187.39	82
1189.66	83.5556
1191.94	83.5556
1194.21	82
1196.48	78.6667
1198.74	83.7778
1201.01	84.2222
1203.28	85.1111
1205.54	84.6667
1207.81	82.2222
1210.07	80
1212.34	84.6667
1214.6	82.4444
1216.86	81.5556
1219.13	83.5556
1221.39	82
1223.65	83.3333
1225.91	82.8889
1228.17	82.6667
1230.43	81.7778
1232.68	81.7778
1234.94	82.4444
1237.2	83.5556
1239.45	80.2222
1241.71	84
1243.96	79.1111
1246.22	86.2222
1248.47	83.3333
1250.72	84.2222
1252.97	83.5555
1255.22	84.2222
1257.47	86.2222
1259.72	86
1261.97	83.5556
1264.22	87.3333
1266.46	88.2222
1268.71	88.4444
1270.95	89.5555
1273.2	92.6667
1275.44	86.2222
1277.69	90.8889
1279.93	92.6667
1282.17	93.5555
1284.41	100.667
1286.65	96.2222
1288.89	104.444
1291.13	103.778
1293.37	111.778
1295.61	116
1297.85	126.889
1300.08	133.556
1302.32	138.444
1304.55	141.778
1306.79	138
1309.02	131.333
1311.26	134.667
1313.49	122.222
1315.72	118.667
1317.95	113.111
1320.18	107.333
1322.41	101.778
1324.64	102
1326.86	99.7778
1329.09	94.4444
1331.32	92.8889
1333.55	95.3333
1335.77	89.1111
1337.99	84.4444
1340.22	91.1111
1342.44	90.8889
1344.66	93.5556
1346.89	87.1111
1349.11	91.7778
1351.33	90.4444
1353.55	90.6667
1355.77	94
1357.98	89.7778
1360.2	92.8889
1362.42	92.8889
1364.63	92.6667
1366.85	97.7778
1369.06	97.3333
1371.28	96.2222
1373.49	95.5556
1375.7	95.1111
1377.92	98.4444
1380.13	98.8889
1382.34	93.5556
1384.55	96.2222
1386.76	94
1388.97	97.5556
1391.17	98
1393.38	98
1395.59	96.2222
1397.79	100
1400	99.1111
1402.2	96.4444
1404.41	96.6667
1406.61	102.889
1408.81	102.667
1411.01	105.333
1413.21	103.556
1415.41	108.222
1417.61	109.556
1419.81	115.111
1422.01	119.333
1424.21	122.889
1426.4	127.333
1428.6	136.889
1430.8	147.556
1432.99	174
1435.18	196.444
1437.38	204.444
1439.57	211.333
1441.76	221.778
1443.95	224.444
1446.14	220
1448.33	239.778
1450.52	248.222
1452.71	238.889
1454.9	244.444
1457.09	229.333
1459.27	228.222
1461.46	213.778
1463.64	209.556
1465.83	203.778
1468.01	193.111
1470.2	190.889
1472.38	186
1474.56	175.778
1476.74	167.556
1478.92	159.556
1481.1	159.556
1483.28	155.111
1485.46	145.778
1487.64	142.222
1489.81	142.667
1491.99	136.444
1494.16	128.222
1496.34	133.111
1498.51	122.222
1500.69	122.444
1502.86	120.444
1505.03	117.111
1507.21	113.778
1509.38	109.333
1511.55	111.778
1513.72	114.222
1515.89	111.556
1518.05	108.667
1520.22	106.667
1522.39	103.778
1524.55	107.556
1526.72	102.667
1528.88	104
1531.05	102.667
1533.21	104.667
1535.37	103.333
1537.54	102
1539.7	98.4444
1541.86	99.5556
1544.02	103.111
1546.18	99.1111
1548.34	99.7778
1550.5	102.889
1552.65	100.889
1554.81	99.3333
1556.97	97.3333
1559.12	103.111
1561.28	100.444
1563.43	97.5556
1565.58	95.7778
1567.74	94.6667
1569.89	95.1111
1572.04	95.3333
1574.19	96.8889
1576.34	96
1578.49	93.3333
1580.64	97.7778
1582.79	92.8889
1584.94	93.5556
1587.08	93.3333
1589.23	93.1111
1591.37	91.7778
1593.52	89.7778
1595.66	92.6667
1597.81	92.8889
1599.95	87.1111
1602.09	89.5556
1604.23	90.8889
1606.37	88
1608.51	85.3333
1610.65	86.8889
1612.79	86.6667
1614.93	88.2222
1617.07	85.7778
1619.21	86.6667
1621.34	88.4444
1623.48	83.7778
1625.61	86.6667
1627.75	85.5556
1629.88	86.6667
1632.01	83.1111
1634.15	83.3333
1636.28	84.8889
1638.41	83.1111
1640.54	83.3333
1642.67	84.2222
1644.8	82.6667
1646.93	83.7778
1649.05	83.1111
1651.18	83.1111
1653.31	86.8889
1655.43	82.4445
1657.56	81.1111
1659.68	81.3333
1661.81	83.7778
1663.93	83.5556
1666.05	79.5556
1668.17	80.6667
1670.3	82.6667
1672.42	84.6667
1674.54	81.1111
1676.66	79.1111
1678.77	82.6667
1680.89	79.3333
1683.01	84.2222
1685.13	83.7778
1687.24	82
1689.36	84.6667
1691.47	81.7778
1693.59	81.5556
1695.7	81.7778
1697.81	80.2222
1699.92	83.5556
1702.04	84.4444
1704.15	80.4444
1706.26	83.5555
1708.37	83.5556
1710.47	80.2222
1712.58	77.1111
1714.69	80.6667
1716.8	83.1111
1718.9	83.1111
1721.01	78.6667
1723.11	81.7778
1725.22	76.4444
1727.32	80.8889
1729.42	81.1111
1731.53	80.8889
1733.63	82.8889
1735.73	84
1737.83	83.3333
1739.93	80.4444
1742.03	77.5556
1744.13	76.8889
1746.23	83.1111
1748.32	82.6667
1750.42	79.3333
1752.52	83.3333
1754.61	77.7778
1756.71	82
1758.8	82.4445
1760.89	81.1111
1762.99	78.2222
1765.08	82.4444
1767.17	80.4445
1769.26	80.6667
1771.35	80
1773.44	83.3333
1775.53	79.7778
1777.62	84.6667
1779.71	80.8889
1781.79	82
1783.88	79.5556
1785.96	81.3333
1788.05	82.6667
1790.13	83.5556
1792.22	79.3333
1794.3	80
1796.38	79.7778
1798.47	82.6667
1800.55	81.3333
1802.63	78.6667
1804.71	83.5555
1806.79	82.2222
1808.87	80
1810.95	83.5556
1813.02	82.8889
1815.1	79.7778
1817.18	84.2222
1819.25	82.2222
1821.33	84.6667
1823.4	82.6667
1825.47	80
1827.55	84.8889
1829.62	82.6667
1831.69	81.3333
1833.76	77.7778
1835.83	82.4444
1837.9	84.2222
1839.97	81.3333
1842.04	83.1111
1844.11	85.3333
1846.18	82.4445
1848.24	80.6667
1850.31	83.1111
1852.38	82.4444
1854.44	82.6667
1856.51	81.7778
1858.57	80.6667
1860.63	83.1111
1862.69	79.3333
1864.76	86.6667
1866.82	83.5556
1868.88	84.4444
1870.94	83.3333
1873	79.7778
1875.06	84.4445
1877.11	81.1111
1879.17	80.2222
1881.23	79.1111
1883.28	78
1885.34	80.6667
1887.4	85.7778
1889.45	82.2222
1891.5	81.1111
1893.56	84.8889
1895.61	79.1111
1897.66	81.5556
1899.71	81.5556
1901.76	84.8889
1903.81	79.3333
1905.86	82
1907.91	83.1111
1909.96	82.6667
1912.01	86.2222
1914.05	84.6667
1916.1	85.7778
1918.15	82.4444
1920.19	84.8889
1922.23	82.8889
1924.28	80.8889
1926.32	86
1928.36	85.1111
1930.41	84.2222
1932.45	87.3333
1934.49	82
1936.53	79.3333
1938.57	82.2222
1940.61	86.2222
1942.64	81.7778
1944.68	80
1946.72	83.5556
1948.76	80.8889
1950.79	80.8889
1952.83	82
1954.86	83.7778
1956.89	81.1111
1958.93	81.3333
1960.96	84.4444
1962.99	82.4444
1965.03	80.8889
1967.06	86
1969.09	84.4444
1971.12	84.4445
1973.14	83.3333
1975.17	84.2222
1977.2	86.6667
1979.23	84.8889
1981.25	82.6667
1983.28	81.3333
1985.31	84.4444
1987.33	84
1989.36	82
1991.38	81.5556
1993.4	80.8889
1995.42	81.1111
1997.45	83.3333
1999.47	80
2001.49	84.6667
2003.51	85.1111
2005.53	82
2007.55	86.4444
2009.56	79.7778
2011.58	83.5556
2013.6	85.7778
2015.61	86.4444
2017.63	79.1111
2019.65	86.8889
2021.66	86
2023.67	86.6667
2025.69	83.5556
2027.7	82.8889
2029.71	87.1111
2031.72	86.2222
2033.73	82
2035.74	89.3333
2037.75	82.8889
2039.76	84.6667
2041.77	84
2043.78	85.5556
2045.79	88.4444
2047.79	87.7778
2049.8	85.1111
2051.8	87.1111
2053.81	88
2055.81	85.1111
2057.82	84.6667
2059.82	88.4444
2061.82	86.6667
2063.82	85.5556
2065.83	86.8889
2067.83	79.7778
2069.83	86
2071.83	86.8889
2073.82	83.3333
2075.82	89.5556
2077.82	81.1111
2079.82	87.5556
2081.81	87.1111
2083.81	87.1111
2085.8	90.2222
2087.8	86
2089.79	84
2091.79	84.6667
2093.78	86.6667
2095.77	86.6667
2097.76	80
2099.76	87.1111
2101.75	86.8889
2103.74	84
2105.72	83.7778
2107.71	83.7778
2109.7	85.7778
2111.69	82.4444
2113.68	83.3333
2115.66	86.4444
2117.65	88.6667
2119.63	89.5556
2121.62	87.7778
2123.6	84
2125.59	90.4444
2127.57	81.7778
2129.55	84.8889
2131.53	86.8889
2133.51	85.7778
2135.49	88.4444
2137.47	88.2222
2139.45	85.3333
2141.43	89.5556
2143.41	88.6667
2145.39	85.3333
2147.36	88.2222
2149.34	81.1111
2151.32	86.2222
2153.29	86.6667
2155.27	85.3333
2157.24	87.3333
2159.21	88.8889
2161.19	84.8889
2163.16	85.5556
2165.13	84.4444
2167.1	84.6667
2169.07	86
2171.04	90.8889
2173.01	83.1111
2174.98	87.3333
2176.95	85.1111
2178.92	88
2180.88	87.3333
2182.85	90.8889
2184.81	84.2222
2186.78	86.2222
2188.74	85.3333
2190.71	88.6667
2192.67	90.2222
2194.63	86
2196.6	83.7778
2198.56	85.1111
2200.52	92.6667
2202.48	86.6667
2204.44	85.3333
2206.4	87.3333
2208.36	87.5556
2210.32	86
2212.28	85.5556
2214.23	85.1111
2216.19	86.6667
2218.14	86.6667
2220.1	87.1111
2222.05	87.5556
2224.01	86.4444
2225.96	85.7778
2227.91	88.8889
2229.87	88.8889
2231.82	86.8889
2233.77	87.3333
2235.72	86.6667
2237.67	90.6667
2239.62	87.3333
2241.57	87.7778
2243.52	84.2222
2245.47	86.6667
2247.41	90.6667
2249.36	90.4444
2251.31	88.4444
2253.25	87.5556
2255.2	86.8889
2257.14	88
2259.09	89.5556
2261.03	90
2262.97	88.4444
2264.91	87.3333
2266.85	86.8889
2268.8	85.5556
2270.74	86.2222
2272.68	90
2274.61	87.1111
2276.55	89.3333
2278.49	88.8889
2280.43	88
2282.37	89.1111
2284.3	85.7778
2286.24	88.6667
2288.17	86.6667
2290.11	87.5556
2292.04	86.6667
2293.98	86.8889
2295.91	88.2222
2297.84	85.3333
2299.77	86.2222
2301.7	88.6667
2303.64	86.8889
2305.56	90.4444
2307.49	89.3333
2309.42	84.8889
2311.35	86.8889
2313.28	87.3333
2315.21	93.1111
2317.13	85.1111
2319.06	87.3333
2320.99	86.6667
2322.91	89.5555
2324.84	86
2326.76	88.8889
2328.68	89.1111
2330.6	86.6667
2332.53	94.4444
2334.45	88.4444
2336.37	88
2338.29	86.4444
2340.21	85.3333
2342.13	87.3333
2344.05	86
2345.97	87.5556
2347.89	86.8889
2349.8	90.2222
2351.72	90
2353.63	87.7778
2355.55	84.2222
2357.47	89.7778
2359.38	87.7778
2361.29	87.1111
2363.21	87.3333
2365.12	88.6667
2367.03	87.7778
2368.94	87.1111
2370.85	87.1111
2372.76	86.2222
2374.67	86.6667
2376.58	86
2378.49	84.2222
2380.4	88.2222
2382.31	86.4444
2384.21	91.7778
2386.12	89.7778
2388.03	87.7778
2389.93	86.6667
2391.84	90.2222
2393.74	86
2395.64	86
2397.55	88.4444
2399.45	86
2401.35	89.1111
2403.25	84.6667
2405.15	89.1111
2407.05	89.1111
2408.95	87.7778
2410.85	88.2222
2412.75	88.4444
2414.65	91.7778
2416.55	92.6667
2418.45	89.5556
2420.34	88.6667
2422.24	86.4444
2424.13	90.4444
2426.03	90.6667
2427.92	89.7778
2429.82	88
2431.71	90.2222
2433.6	90.8889
2435.49	93.7778
2437.39	90.2222
2439.28	86.2222
2441.17	89.7778
2443.06	90
2444.95	86.6667
2446.83	90.6667
2448.72	92
2450.61	90.2222
2452.5	90.8889
2454.39	87.5556
