188.706	236.889
191.305	241.111
193.902	242
196.499	249.778
199.096	247.333
201.69	261.778
204.284	258
206.877	258.444
209.47	264.222
212.062	282
214.652	278.889
217.242	284.667
219.83	294.889
222.419	280.667
225.005	289.333
227.592	292.222
230.177	278.889
232.762	286.667
235.345	274.222
237.928	277.556
240.509	254.444
243.09	254.667
245.671	248.889
248.249	235.556
250.829	225.556
253.405	213.778
255.983	212
258.558	206.889
261.132	195.111
263.707	194.667
266.28	186.444
268.852	190.889
271.424	181.556
273.994	178
276.564	176.222
279.133	175.111
281.701	170
284.268	174.444
286.835	166.889
289.4	164.667
291.964	158.889
294.527	166.889
297.091	152.889
299.653	148.667
302.214	148
304.774	149.556
307.334	149.111
309.892	144
312.45	144.444
315.006	138.444
317.562	137.333
320.118	135.111
322.672	139.778
325.225	144.222
327.778	139.556
330.329	144.889
332.88	147.333
335.43	146
337.978	150.222
340.528	146.444
343.075	152.444
345.622	154.667
348.167	158.444
350.712	155.333
353.256	150.444
355.799	157.778
358.341	151.778
360.883	149.333
363.423	145.111
365.963	140.444
368.502	138.667
371.04	137.778
373.577	139.778
376.114	135.111
378.649	133.778
381.184	133.778
383.718	133.778
386.251	134.667
388.783	133.333
391.314	133.556
393.844	132.222
396.373	142.889
398.902	142
401.43	142.222
403.957	142.667
406.484	141.111
409.009	140.889
411.534	133.778
414.057	130.889
416.58	129.778
419.102	130
421.624	124.222
424.144	123.556
426.663	125.556
429.181	120.667
431.7	123.778
434.217	122
436.732	126.889
439.248	122.222
441.763	123.333
444.277	126.889
446.788	122
449.301	127.333
451.812	123.111
454.322	122.222
456.831	122.222
459.341	116
461.847	118.889
464.355	123.333
466.861	115.556
469.366	120.222
471.871	118.889
474.374	117.333
476.877	118.444
479.378	123.556
481.88	117.333
484.381	124.889
486.879	117.556
489.379	118.444
491.876	123.333
494.373	116.222
496.869	120.667
499.365	116.444
501.858	121.556
504.353	114.889
506.845	118.889
509.338	116.222
511.828	116.444
514.319	116.667
516.808	115.333
519.296	111.111
521.785	114
524.272	113.111
526.759	120
529.244	114.667
531.728	116.889
534.212	113.111
536.695	118
539.178	112.222
541.659	112
544.139	112
546.619	107.556
549.098	110.667
551.575	106.222
554.052	106.222
556.529	108.444
559.005	103.556
561.479	104.444
563.953	103.778
566.427	99.7778
568.899	103.333
571.37	102.667
573.84	99.7778
576.311	102.444
578.78	100
581.248	98
583.715	103.111
586.181	100.222
588.647	108
591.113	99.7778
593.577	99.5555
596.04	104.889
598.503	98
600.964	107.778
603.425	104.889
605.885	108.222
608.344	104.889
610.803	108.222
613.26	102
615.718	108.889
618.174	109.778
620.63	109.111
623.084	112
625.538	115.556
627.99	117.556
630.443	120
632.894	123.778
635.344	126.444
637.792	135.111
640.241	145.333
642.689	160
645.137	187.333
647.583	213.556
650.029	253.778
652.474	307.556
654.918	362
657.361	393.778
659.804	364.222
662.246	304.444
664.685	233.778
667.125	192.889
669.565	162.444
672.003	152
674.441	134.667
676.877	126.667
679.313	129.111
681.749	124
684.183	128.667
686.617	128.222
689.049	137.556
691.481	134.667
693.913	144.667
696.342	154.444
698.772	157.778
701.201	176.222
703.63	187.556
706.056	200.444
708.483	201.333
710.909	204
713.333	198.889
715.758	194.667
718.18	197.778
720.603	190.667
723.025	207.333
725.445	214.667
727.866	211.556
730.284	221.111
732.703	231.111
735.122	228
737.538	234.222
739.955	236.667
742.369	238.444
744.784	227.556
747.197	226
749.611	222.444
752.023	215.333
754.435	205.556
756.845	196.889
759.255	196.889
761.664	191.333
764.071	184.444
766.48	187.111
768.886	190
771.292	187.111
773.697	180.889
776.102	184.444
778.505	172.889
780.907	175.556
783.31	171.556
785.711	168.444
788.111	170.667
790.511	168.222
792.91	168.222
795.308	168.444
797.706	167.111
800.102	168.889
802.497	163.778
804.892	164.222
807.287	163.333
809.68	162.667
812.072	162.889
814.464	165.556
816.855	178.889
819.246	180
821.635	183.556
824.024	185.111
826.412	196.667
828.799	190.889
831.186	204.889
833.572	195.333
835.956	203.778
838.34	211.111
840.723	210.444
843.106	208.444
845.487	223.778
847.868	222.222
850.248	224.667
852.628	220
855.006	225.333
857.384	219.111
859.761	222.667
862.138	220.444
864.513	237.333
866.888	236.222
869.262	233.778
871.636	238.667
874.008	238.222
876.38	235.778
878.751	226.889
881.121	227.111
883.491	221.111
885.86	218.667
888.228	236.222
890.595	244.667
892.962	245.556
895.327	246
897.691	232.444
900.055	221.556
902.419	211.778
904.782	207.556
907.144	195.778
909.505	193.778
911.864	191.333
914.224	188.444
916.583	190.667
918.941	189.778
921.298	188.667
923.654	185.111
926.01	182.444
928.366	187.778
930.719	179.778
933.073	183.111
935.426	176.222
937.777	177.111
940.129	177.556
942.479	171.778
944.828	163.111
947.178	169.111
949.526	168.889
951.873	163.333
954.22	168.222
956.565	166.889
958.911	172.889
961.254	166.889
963.598	170
965.942	166.444
968.283	169.556
970.625	163.556
972.965	165.556
975.305	159.778
977.644	164
979.983	165.556
982.32	160.889
984.657	162.222
986.993	165.556
989.327	172.667
991.663	168.667
993.996	175.556
996.33	184.222
998.662	181.333
1000.99	183.111
1003.32	185.333
1005.65	185.111
1007.98	190.889
1010.31	199.333
1012.64	194.222
1014.97	200.222
1017.29	208.889
1019.62	216.222
1021.94	217.333
1024.27	221.556
1026.59	227.333
1028.91	230.444
1031.24	229.556
1033.56	229.778
1035.88	238.444
1038.2	240.667
1040.51	251.778
1042.83	254.889
1045.15	257.333
1047.47	256.444
1049.78	250.889
1052.1	248.889
1054.41	252
1056.73	254.222
1059.04	269.778
1061.35	294
1063.66	317.556
1065.97	321.556
1068.28	315.333
1070.59	316.667
1072.9	310.889
1075.21	317.778
1077.52	338.222
1079.82	346
1082.13	347.556
1084.43	333.556
1086.74	326.222
1089.04	298
1091.34	275.111
1093.65	260.222
1095.95	234.667
1098.25	221.111
1100.55	209.556
1102.85	202.889
1105.14	195.556
1107.44	201.778
1109.74	204
1112.03	205.778
1114.33	213.333
1116.62	221.111
1118.92	232.444
1121.21	241.556
1123.5	260
1125.79	259.111
1128.09	239.778
1130.38	217.111
1132.67	199.333
1134.95	188.667
1137.24	176.667
1139.53	177.111
1141.82	173.333
1144.1	175.333
1146.39	178
1148.67	182.222
1150.95	184.222
1153.24	181.111
1155.52	187.333
1157.8	186.444
1160.08	195.333
1162.36	194.222
1164.64	199.778
1166.92	188.222
1169.2	192.444
1171.47	185.111
1173.75	183.111
1176.03	182.222
1178.3	183.556
1180.58	178
1182.85	178.667
1185.12	180.444
1187.39	170.222
1189.66	174
1191.94	176.889
1194.21	179.333
1196.48	177.111
1198.74	179.333
1201.01	180.444
1203.28	176.444
1205.54	174.444
1207.81	176.222
1210.07	174
1212.34	175.333
1214.6	172.444
1216.86	182
1219.13	181.556
1221.39	179.333
1223.65	182.222
1225.91	178
1228.17	179.111
1230.43	177.778
1232.68	175.778
1234.94	181.778
1237.2	183.778
1239.45	190.444
1241.71	186.667
1243.96	188.667
1246.22	199.111
1248.47	194.444
1250.72	192.222
1252.97	192.444
1255.22	193.333
1257.47	203.778
1259.72	195.333
1261.97	206
1264.22	206.667
1266.46	213.778
1268.71	215.778
1270.95	213.111
1273.2	222.444
1275.44	217.111
1277.69	227.333
1279.93	234.889
1282.17	248.444
1284.41	253.333
1286.65	266.889
1288.89	286
1291.13	300.222
1293.37	329.333
1295.61	370.667
1297.85	417.778
1300.08	458.667
1302.32	478
1304.55	475.778
1306.79	453.111
1309.02	418.444
1311.26	392.889
1313.49	361.556
1315.72	328.222
1317.95	307.778
1320.18	287.778
1322.41	272.889
1324.64	252
1326.86	240.667
1329.09	225.778
1331.32	220.222
1333.55	204
1335.77	208
1337.99	207.333
1340.22	206.667
1342.44	207.778
1344.66	212.889
1346.89	206.444
1349.11	201.778
1351.33	186.889
1353.55	202.667
1355.77	198
1357.98	197.333
1360.2	195.111
1362.42	192.444
1364.63	203.111
1366.85	206
1369.06	205.778
1371.28	212.667
1373.49	206
1375.7	203.333
1377.92	194.889
1380.13	194
1382.34	187.333
1384.55	178.222
1386.76	177.333
1388.97	182.222
1391.17	183.778
1393.38	188.444
1395.59	186.667
1397.79	188.667
1400	184.444
1402.2	193.333
1404.41	185.778
1406.61	200.889
1408.81	200.889
1411.01	200
1413.21	208.667
1415.41	216.222
1417.61	223.111
1419.81	241.778
1422.01	256.667
1424.21	281.111
1426.4	315.556
1428.6	374.889
1430.8	452
1432.99	534.889
1435.18	612.889
1437.38	668.889
1439.57	698
1441.76	679.111
1443.95	652.889
1446.14	613.556
1448.33	585.111
1450.52	567.111
1452.71	557.333
1454.9	541.556
1457.09	536.444
1459.27	505.333
1461.46	478.667
1463.64	442.667
1465.83	395.556
1468.01	370.222
1470.2	348
1472.38	322.444
1474.56	289.333
1476.74	274
1478.92	261.778
1481.1	254.667
1483.28	231.778
1485.46	229.556
1487.64	225.556
1489.81	226
1491.99	221.778
1494.16	212.444
1496.34	213.111
1498.51	207.778
1500.69	201.333
1502.86	200.444
1505.03	189.556
1507.21	201.556
1509.38	192.222
1511.55	195.778
1513.72	191.556
1515.89	195.556
1518.05	191.333
1520.22	195.111
1522.39	183.556
1524.55	190.222
1526.72	187.778
1528.88	184.889
1531.05	181.778
1533.21	178.444
1535.37	176
1537.54	181.111
1539.7	177.111
1541.86	184.667
1544.02	187.778
1546.18	184.444
1548.34	180.889
1550.5	184.667
1552.65	185.333
1554.81	177.333
1556.97	180.222
1559.12	180.444
1561.28	174.444
1563.43	186.889
1565.58	180.889
1567.74	181.778
1569.89	180
1572.04	180.667
1574.19	177.333
1576.34	176.889
1578.49	171.778
1580.64	183.556
1582.79	177.778
1584.94	175.556
1587.08	182.222
1589.23	179.778
1591.37	181.111
1593.52	178.667
1595.66	177.333
1597.81	177.556
1599.95	175.111
1602.09	179.333
1604.23	176.222
1606.37	181.333
1608.51	179.111
1610.65	180.667
1612.79	179.778
1614.93	175.556
1617.07	181.111
1619.21	180.222
1621.34	175.556
1623.48	180.222
1625.61	178.444
1627.75	174.889
1629.88	180.444
1632.01	182.444
1634.15	176
1636.28	172.889
1638.41	176
1640.54	179.333
1642.67	179.556
1644.8	176.444
1646.93	173.111
1649.05	180.889
1651.18	172.889
1653.31	178.889
1655.43	177.556
1657.56	178
1659.68	177.333
1661.81	180.444
1663.93	179.556
1666.05	181.111
1668.17	179.556
1670.3	172.889
1672.42	178
1674.54	181.778
1676.66	178.889
1678.77	178.889
1680.89	179.778
1683.01	177.778
1685.13	178.889
1687.24	184.222
1689.36	181.556
1691.47	178
1693.59	181.333
1695.7	188.444
1697.81	183.778
1699.92	183.556
1702.04	183.333
1704.15	185.111
1706.26	180.889
1708.37	190.222
1710.47	176.667
1712.58	183.778
1714.69	182.444
1716.8	181.778
1718.9	186
1721.01	182.667
1723.11	178
1725.22	182
1727.32	176.444
1729.42	184.222
1731.53	181.778
1733.63	183.111
1735.73	186
1737.83	181.111
1739.93	182.222
1742.03	184
1744.13	188.222
1746.23	180.222
1748.32	190
1750.42	183.333
1752.52	184.222
1754.61	182.222
1756.71	187.778
1758.8	184.889
1760.89	173.556
1762.99	184.889
1765.08	186.889
1767.17	189.111
1769.26	184.444
1771.35	182.222
1773.44	181.556
1775.53	186.667
1777.62	187.333
1779.71	184.889
1781.79	186.889
1783.88	186
1785.96	179.556
1788.05	187.556
1790.13	187.556
1792.22	184.222
1794.3	188.667
1796.38	186.667
1798.47	188.889
1800.55	188
1802.63	188.222
1804.71	185.111
1806.79	184
1808.87	189.778
1810.95	190.222
1813.02	189.111
1815.1	186.889
1817.18	187.333
1819.25	185.556
1821.33	188.667
1823.4	186.222
1825.47	192
1827.55	187.778
1829.62	189.556
1831.69	190.889
1833.76	191.333
1835.83	188.667
1837.9	186.889
1839.97	188
1842.04	192.444
1844.11	188.667
1846.18	192.222
1848.24	188.444
1850.31	192.222
1852.38	191.556
1854.44	197.778
1856.51	196.222
1858.57	191.111
1860.63	194.222
1862.69	191.111
1864.76	192.444
1866.82	185.111
1868.88	191.111
1870.94	198.889
1873	193.333
1875.06	183.111
1877.11	188.667
1879.17	189.333
1881.23	195.333
1883.28	189.333
1885.34	189.556
1887.4	188.667
1889.45	189.778
1891.5	189.111
1893.56	196.889
1895.61	196.222
1897.66	193.778
1899.71	193.333
1901.76	195.333
1903.81	199.556
1905.86	198.667
1907.91	190.444
1909.96	190.444
1912.01	194.444
1914.05	200
1916.1	197.556
1918.15	194.667
1920.19	191.333
1922.23	201.778
1924.28	194.222
1926.32	200.667
1928.36	196.222
1930.41	193.556
1932.45	192.667
1934.49	198.889
1936.53	195.556
1938.57	191.778
1940.61	200.889
1942.64	200
1944.68	192.444
1946.72	196
1948.76	192
1950.79	195.333
1952.83	195.111
1954.86	196.667
1956.89	200.889
1958.93	186.889
1960.96	191.333
1962.99	200
1965.03	196
1967.06	202.667
1969.09	194.222
1971.12	198
1973.14	200.444
1975.17	196.889
1977.2	196.667
1979.23	206.889
1981.25	196.667
1983.28	202.222
1985.31	200.889
1987.33	200.222
1989.36	196.222
1991.38	202.444
1993.4	201.778
1995.42	194.444
1997.45	196.444
1999.47	200.444
2001.49	201.556
2003.51	201.111
2005.53	203.778
2007.55	196
2009.56	200.222
2011.58	204.667
2013.6	202.444
2015.61	202.667
2017.63	202
2019.65	200
2021.66	202.444
2023.67	205.333
2025.69	204
2027.7	204.889
2029.71	202
2031.72	206.889
2033.73	203.556
2035.74	207.333
2037.75	200.444
2039.76	206.889
2041.77	198.222
2043.78	212.444
2045.79	206.444
2047.79	202
2049.8	206.667
2051.8	205.556
2053.81	210.667
2055.81	203.556
2057.82	203.111
2059.82	210.222
2061.82	209.556
2063.82	204.889
2065.83	207.333
2067.83	208.444
2069.83	207.333
2071.83	212.667
2073.82	204
2075.82	215.111
2077.82	204.444
2079.82	215.333
2081.81	208
2083.81	209.556
2085.8	216
2087.8	207.556
2089.79	210.222
2091.79	207.111
2093.78	214.222
2095.77	210.889
2097.76	211.333
2099.76	212.444
2101.75	209.556
2103.74	213.556
2105.72	213.333
2107.71	214.444
2109.7	208.444
2111.69	210.667
2113.68	210.222
2115.66	214.889
2117.65	208.222
2119.63	214.667
2121.62	212.667
2123.6	216.889
2125.59	215.333
2127.57	215.111
2129.55	218
2131.53	213.333
2133.51	215.333
2135.49	222.222
2137.47	207.778
2139.45	213.778
2141.43	220.889
2143.41	214
2145.39	214.222
2147.36	217.778
2149.34	222
2151.32	217.778
2153.29	218.889
2155.27	219.778
2157.24	218.889
2159.21	216.222
2161.19	218.444
2163.16	213.778
2165.13	217.333
2167.1	218.889
2169.07	220.667
2171.04	219.778
2173.01	215.111
2174.98	219.111
2176.95	219.556
2178.92	218.667
2180.88	226
2182.85	220.889
2184.81	236.222
2186.78	222.444
2188.74	216.222
2190.71	216.222
2192.67	225.556
2194.63	218.889
2196.6	229.333
2198.56	225.111
2200.52	214.667
2202.48	220.667
2204.44	225.556
2206.4	223.333
2208.36	214.889
2210.32	223.111
2212.28	222.222
2214.23	221.556
2216.19	218
2218.14	218
2220.1	221.111
2222.05	222.667
2224.01	219.778
2225.96	218
2227.91	223.333
2229.87	219.111
2231.82	219.333
2233.77	227.778
2235.72	219.778
2237.67	226.444
2239.62	222.222
2241.57	226.444
2243.52	221.778
2245.47	220.444
2247.41	220.667
2249.36	217.778
2251.31	230.889
2253.25	221.111
2255.2	226.222
2257.14	225.333
2259.09	227.778
2261.03	227.556
2262.97	223.778
2264.91	222.667
2266.85	222.667
2268.8	220.889
2270.74	221.556
2272.68	218.222
2274.61	230.222
2276.55	222.667
2278.49	226.667
2280.43	228.222
2282.37	220.667
2284.3	225.333
2286.24	223.111
2288.17	220.889
2290.11	223.556
2292.04	220
2293.98	217.333
2295.91	226.667
2297.84	221.778
2299.77	222.222
2301.7	222.889
2303.64	223.778
2305.56	225.556
2307.49	227.333
2309.42	224.889
2311.35	225.556
2313.28	229.111
2315.21	224.889
2317.13	225.556
2319.06	231.111
2320.99	220.889
2322.91	222.444
2324.84	226.444
2326.76	224.889
2328.68	221.333
2330.6	226
2332.53	225.556
2334.45	223.333
2336.37	224
2338.29	230.667
2340.21	224.889
2342.13	225.556
2344.05	230
2345.97	228.667
2347.89	228
2349.8	230
2351.72	230.222
2353.63	227.111
2355.55	221.111
2357.47	220.222
2359.38	222.667
2361.29	225.333
2363.21	227.111
2365.12	226.667
2367.03	229.333
2368.94	225.778
2370.85	230.222
2372.76	227.111
2374.67	219.778
2376.58	232.889
2378.49	226
2380.4	230
2382.31	228.889
2384.21	237.778
2386.12	230.889
2388.03	226.444
2389.93	232.222
2391.84	231.333
2393.74	227.556
2395.64	228.667
2397.55	233.556
2399.45	230
2401.35	228.222
2403.25	229.556
2405.15	233.333
2407.05	236
2408.95	230.222
2410.85	228.444
2412.75	230
2414.65	230.222
2416.55	230.889
2418.45	231.556
2420.34	238
2422.24	234.889
2424.13	235.333
2426.03	238.444
2427.92	233.778
2429.82	237.778
2431.71	230.222
2433.6	232
2435.49	234.667
2437.39	239.556
2439.28	235.111
2441.17	235.556
2443.06	243.333
2444.95	236.889
2446.83	231.333
2448.72	240.667
2450.61	234
2452.5	244
2454.39	234.667
