188.706	372.222
191.305	352.667
193.902	351.333
196.499	339.111
199.096	317.111
201.69	312.222
204.284	301.111
206.877	290.222
209.47	281.778
212.062	279.111
214.652	274.222
217.242	273.778
219.83	259.556
222.419	256.444
225.005	258.444
227.592	254.444
230.177	252.889
232.762	253.778
235.345	254.222
237.928	247.333
240.509	241.556
243.09	243.333
245.671	237.333
248.249	228.444
250.829	224
253.405	213.778
255.983	210.889
258.558	201.556
261.132	193.111
263.707	198.444
266.28	197.778
268.852	187.556
271.424	189.111
273.994	186.667
276.564	184.667
279.133	184.222
281.701	182.444
284.268	178.444
286.835	179.111
289.4	185.111
291.964	187.333
294.527	189.556
297.091	189.111
299.653	191.333
302.214	197.111
304.774	205.111
307.334	205.556
309.892	212.667
312.45	224
315.006	232.667
317.562	253.333
320.118	269.333
322.672	262
325.225	248.889
327.778	244
330.329	231.778
332.88	228.889
335.43	220.444
337.978	223.111
340.528	220.889
343.075	232.889
345.622	251.556
348.167	272
350.712	298.222
353.256	310.444
355.799	333.333
358.341	336.889
360.883	330.444
363.423	318
365.963	307.111
368.502	288.222
371.04	266.444
373.577	256.222
376.114	248.222
378.649	231.778
381.184	223.333
383.718	224
386.251	225.111
388.783	225.333
391.314	227.111
393.844	236.889
396.373	259.111
398.902	290.667
401.43	336.889
403.957	390.667
406.484	439.556
409.009	436.444
411.534	391.111
414.057	314.444
416.58	271.333
419.102	234.889
421.624	212.444
424.144	194.667
426.663	183.778
429.181	176.222
431.7	169.111
434.217	162
436.732	158.889
439.248	165.333
441.763	152.889
444.277	163.111
446.788	150.667
449.301	148.667
451.812	148.222
454.322	145.333
456.831	148.222
459.341	145.333
461.847	142
464.355	145.111
466.861	150.444
469.366	144.222
471.871	141.778
474.374	144.444
476.877	140.222
479.378	142
481.88	138
484.381	141.111
486.879	138.222
489.379	142
491.876	141.556
494.373	142
496.869	141.111
499.365	144.667
501.858	141.778
504.353	142.667
506.845	134.222
509.338	137.333
511.828	140.222
514.319	135.556
516.808	143.111
519.296	140.444
521.785	141.111
524.272	134.444
526.759	134.889
529.244	136.444
531.728	140.444
534.212	141.778
536.695	141.333
539.178	138.889
541.659	143.556
544.139	139.333
546.619	138.889
549.098	138.667
551.575	141.778
554.052	139.333
556.529	141.778
559.005	141.333
561.479	138.444
563.953	146.667
566.427	146
568.899	145.778
571.37	141.111
573.84	146.444
576.311	146.667
578.78	143.111
581.248	144
583.715	144.889
586.181	145.778
588.647	153.556
591.113	156
593.577	158.889
596.04	170.667
598.503	179.333
600.964	201.333
603.425	259.778
605.885	275.556
608.344	258.444
610.803	238.889
613.26	225.556
615.718	204.889
618.174	190.222
620.63	179.556
623.084	179.111
625.538	176.444
627.99	171.111
630.443	174
632.894	172
635.344	181.778
637.792	178
640.241	191.778
642.689	211.111
645.137	232.444
647.583	279.778
650.029	366.667
652.474	513.556
654.918	655.111
657.361	782.444
659.804	994.444
662.246	938
664.685	686.444
667.125	425.556
669.565	296.444
672.003	230
674.441	197.111
676.877	180.889
679.313	161.333
681.749	163.111
684.183	158.667
686.617	159.111
689.049	158.444
691.481	151.778
693.913	159.556
696.342	156
698.772	156.667
701.201	158.222
703.63	151.778
706.056	156.889
708.483	157.778
710.909	162
713.333	159.333
715.758	160.444
718.18	152
720.603	148.444
723.025	146.222
725.445	145.778
727.866	145.778
730.284	144.667
732.703	148.667
735.122	142
737.538	143.778
739.955	145.111
742.369	145.111
744.784	142.222
747.197	141.778
749.611	149.778
752.023	146.889
754.435	152.889
756.845	146.222
759.255	143.778
761.664	147.778
764.071	143.778
766.48	141.333
768.886	144
771.292	140
773.697	138.667
776.102	136.222
778.505	137.333
780.907	138
783.31	141.556
785.711	138
788.111	138
790.511	136.667
792.91	140.667
795.308	144.444
797.706	144.889
800.102	138
802.497	144.222
804.892	139.111
807.287	142
809.68	144.889
812.072	147.778
814.464	150.667
816.855	150
819.246	146.444
821.635	146.667
824.024	143.333
826.412	146.222
828.799	140.667
831.186	142.667
833.572	140.667
835.956	143.333
838.34	144
840.723	147.111
843.106	150
845.487	146.444
847.868	150.444
850.248	162.222
852.628	182.222
855.006	196
857.384	217.111
859.761	271.333
862.138	402
864.513	698.222
866.888	989.111
869.262	911.556
871.636	586.889
874.008	356.222
876.38	245.333
878.751	207.333
881.121	182
883.491	181.111
885.86	175.778
888.228	171.556
890.595	169.333
892.962	170.889
895.327	161.778
897.691	160
900.055	154.444
902.419	154
904.782	148.444
907.144	149.778
909.505	141.333
911.864	148.222
914.224	147.333
916.583	146.222
918.941	150.444
921.298	146.667
923.654	145.111
926.01	144.222
928.366	148.444
930.719	146.444
933.073	146.667
935.426	150.444
937.777	152.222
940.129	157.556
942.479	164
944.828	153.333
947.178	158.444
949.526	166.222
951.873	154
954.22	158
956.565	153.556
958.911	162.667
961.254	162.889
963.598	159.556
965.942	162
968.283	166.667
970.625	173.778
972.965	190.444
975.305	203.778
977.644	258.667
979.983	351.778
982.32	383.556
984.657	400
986.993	593.333
989.327	1632
991.663	3714.44
993.996	3678.89
996.33	2601.78
998.662	1917.11
1000.99	1209.33
1003.32	660
1005.65	388.444
1007.98	297.778
1010.31	262
1012.64	255.333
1014.97	256.667
1017.29	280.444
1019.62	290.889
1021.94	330
1024.27	388
1026.59	518.889
1028.91	1167.11
1031.24	2910
1033.56	3450
1035.88	2014.22
1038.2	821.333
1040.51	405.111
1042.83	276.889
1045.15	242
1047.47	230.222
1049.78	220.889
1052.1	222
1054.41	222.667
1056.73	222.222
1059.04	223.556
1061.35	232.222
1063.66	242
1065.97	257.111
1068.28	281.556
1070.59	287.778
1072.9	258.444
1075.21	240.667
1077.52	212.889
1079.82	223.556
1082.13	223.333
1084.43	241.111
1086.74	256.444
1089.04	293.778
1091.34	334.444
1093.65	358.222
1095.95	363.333
1098.25	346.222
1100.55	339.111
1102.85	309.556
1105.14	274.667
1107.44	253.333
1109.74	234.889
1112.03	218.444
1114.33	211.778
1116.62	205.333
1118.92	196.667
1121.21	192.889
1123.5	195.778
1125.79	185.556
1128.09	179.333
1130.38	183.111
1132.67	180
1134.95	187.333
1137.24	185.333
1139.53	190
1141.82	198.222
1144.1	196.444
1146.39	222.889
1148.67	231.333
1150.95	229.556
1153.24	224.667
1155.52	198.444
1157.8	186.889
1160.08	172.889
1162.36	170.889
1164.64	167.556
1166.92	169.556
1169.2	169.556
1171.47	164.667
1173.75	168.222
1176.03	153.111
1178.3	158.222
1180.58	164.889
1182.85	159.111
1185.12	156.667
1187.39	160.444
1189.66	163.778
1191.94	167.111
1194.21	162.889
1196.48	167.111
1198.74	179.333
1201.01	179.111
1203.28	185.778
1205.54	209.111
1207.81	233.111
1210.07	251.556
1212.34	289.778
1214.6	353.111
1216.86	453.556
1219.13	506.889
1221.39	467.778
1223.65	400.889
1225.91	345.333
1228.17	314.444
1230.43	291.111
1232.68	257.778
1234.94	232.889
1237.2	202.889
1239.45	186.667
1241.71	182
1243.96	171.333
1246.22	173.556
1248.47	167.778
1250.72	167.556
1252.97	157.556
1255.22	162
1257.47	161.333
1259.72	162.444
1261.97	164.222
1264.22	161.333
1266.46	156.222
1268.71	155.778
1270.95	157.556
1273.2	159.556
1275.44	160.222
1277.69	154.889
1279.93	154.222
1282.17	150.889
1284.41	154.889
1286.65	149.778
1288.89	155.778
1291.13	153.556
1293.37	153.778
1295.61	153.333
1297.85	154.889
1300.08	155.333
1302.32	152.667
1304.55	151.778
1306.79	151.778
1309.02	161.778
1311.26	149.111
1313.49	155.111
1315.72	159.778
1317.95	161.556
1320.18	152.889
1322.41	155.556
1324.64	162.444
1326.86	156
1329.09	163.556
1331.32	159.778
1333.55	161.333
1335.77	160
1337.99	160.444
1340.22	166
1342.44	163.778
1344.66	170.222
1346.89	173.778
1349.11	174.667
1351.33	176.889
1353.55	182
1355.77	174.444
1357.98	181.111
1360.2	182.444
1362.42	190.222
1364.63	192
1366.85	193.333
1369.06	190
1371.28	201.333
1373.49	209.778
1375.7	210
1377.92	225.778
1380.13	241.111
1382.34	259.778
1384.55	280.444
1386.76	309.111
1388.97	338.667
1391.17	355.333
1393.38	362.667
1395.59	380.667
1397.79	406.444
1400	452.667
1402.2	538
1404.41	614.667
1406.61	702.889
1408.81	754.444
1411.01	768.222
1413.21	700
1415.41	622.444
1417.61	529.556
1419.81	456
1422.01	394
1424.21	356.222
1426.4	344.667
1428.6	347.778
1430.8	366.889
1432.99	416
1435.18	486.222
1437.38	572
1439.57	612.667
1441.76	642.444
1443.95	605.111
1446.14	537.333
1448.33	476.667
1450.52	421.556
1452.71	376.444
1454.9	355.333
1457.09	324.222
1459.27	312.222
1461.46	300.444
1463.64	278.889
1465.83	285.333
1468.01	265.111
1470.2	265.556
1472.38	263.111
1474.56	254
1476.74	246
1478.92	261.333
1481.1	274.667
1483.28	308.667
1485.46	310.444
1487.64	284
1489.81	250.889
1491.99	244.667
1494.16	242.667
1496.34	245.333
1498.51	239.333
1500.69	244.222
1502.86	238.667
1505.03	231.778
1507.21	235.333
1509.38	233.778
1511.55	220.889
1513.72	217.778
1515.89	209.333
1518.05	203.778
1520.22	192.667
1522.39	196.667
1524.55	193.111
1526.72	187.778
1528.88	185.778
1531.05	186.444
1533.21	186
1535.37	186.444
1537.54	182.222
1539.7	182.667
1541.86	179.556
1544.02	188.667
1546.18	188.222
1548.34	190
1550.5	186.667
1552.65	198.222
1554.81	203.333
1556.97	203.556
1559.12	205.556
1561.28	216.444
1563.43	230.444
1565.58	250.889
1567.74	274
1569.89	326.444
1572.04	389.333
1574.19	455.111
1576.34	455.556
1578.49	394
1580.64	419.778
1582.79	443.333
1584.94	430.444
1587.08	395.778
1589.23	371.333
1591.37	338.222
1593.52	294.444
1595.66	282.667
1597.81	296
1599.95	303.333
1602.09	287.556
1604.23	248.222
1606.37	233.111
1608.51	214.222
1610.65	217.111
1612.79	215.556
1614.93	198.667
1617.07	199.111
1619.21	186
1621.34	189.778
1623.48	186.889
1625.61	185.333
1627.75	183.556
1629.88	184.889
1632.01	192
1634.15	187.333
1636.28	190.889
1638.41	182.222
1640.54	190
1642.67	189.556
1644.8	198.444
1646.93	198
1649.05	206.667
1651.18	219.556
1653.31	236
1655.43	251.778
1657.56	283.111
1659.68	301.778
1661.81	333.778
1663.93	348.667
1666.05	360.889
1668.17	360.667
1670.3	365.333
1672.42	346.222
1674.54	348.222
1676.66	326.444
1678.77	315.778
1680.89	294.444
1683.01	285.333
1685.13	258.667
1687.24	242.667
1689.36	216.889
1691.47	207.556
1693.59	200.667
1695.7	184.222
1697.81	181.333
1699.92	177.111
1702.04	173.556
1704.15	170.444
1706.26	170.222
1708.37	169.111
1710.47	159.111
1712.58	167.333
1714.69	166.444
1716.8	162.222
1718.9	165.111
1721.01	163.556
1723.11	168.222
1725.22	164.222
1727.32	166.667
1729.42	169.556
1731.53	168.667
1733.63	162
1735.73	158.889
1737.83	152.444
1739.93	154.444
1742.03	156.889
1744.13	149.333
1746.23	156.222
1748.32	158.444
1750.42	155.333
1752.52	156.667
1754.61	158
1756.71	150
1758.8	155.778
1760.89	148.222
1762.99	152.222
1765.08	148.889
1767.17	150.667
1769.26	153.778
1771.35	154.222
1773.44	152.222
1775.53	155.333
1777.62	153.556
1779.71	147.778
1781.79	149.333
1783.88	154.444
1785.96	154.889
1788.05	149.778
1790.13	150.667
1792.22	152.889
1794.3	150.889
1796.38	152.667
1798.47	154.667
1800.55	153.556
1802.63	144.444
1804.71	153.556
1806.79	154.667
1808.87	150.667
1810.95	152.889
1813.02	152.444
1815.1	151.556
1817.18	150.222
1819.25	150.222
1821.33	153.778
1823.4	156.667
1825.47	148.222
1827.55	156.889
1829.62	147.111
1831.69	157.556
1833.76	147.333
1835.83	148.667
1837.9	152.889
1839.97	149.778
1842.04	155.111
1844.11	149.556
1846.18	148.444
1848.24	152
1850.31	154.444
1852.38	155.556
1854.44	154.222
1856.51	145.333
1858.57	153.556
1860.63	149.111
1862.69	150.444
1864.76	147.778
1866.82	155.333
1868.88	146.222
1870.94	147.111
1873	148.222
1875.06	150
1877.11	150.667
1879.17	156.222
1881.23	155.111
1883.28	151.333
1885.34	154.444
1887.4	151.778
1889.45	155.556
1891.5	153.333
1893.56	146.889
1895.61	148.667
1897.66	148.444
1899.71	148.222
1901.76	152.222
1903.81	147.556
1905.86	153.333
1907.91	154.889
1909.96	154
1912.01	152.889
1914.05	154
1916.1	150.667
1918.15	152.889
1920.19	151.778
1922.23	147.333
1924.28	149.778
1926.32	150.667
1928.36	152.444
1930.41	147.111
1932.45	154.667
1934.49	153.111
1936.53	152
1938.57	150.222
1940.61	153.111
1942.64	154
1944.68	150
1946.72	152.667
1948.76	155.333
1950.79	152.667
1952.83	152.667
1954.86	150.222
1956.89	147.333
1958.93	153.556
1960.96	144
1962.99	150.667
1965.03	153.333
1967.06	148
1969.09	150.667
1971.12	152.444
1973.14	151.778
1975.17	151.778
1977.2	150.222
1979.23	152.222
1981.25	146
1983.28	155.333
1985.31	153.333
1987.33	146.889
1989.36	151.333
1991.38	152
1993.4	158.667
1995.42	150.889
1997.45	156.889
1999.47	157.111
2001.49	158.222
2003.51	156.889
2005.53	158.444
2007.55	164.444
2009.56	159.778
2011.58	158
2013.6	156.889
2015.61	159.333
2017.63	158.444
2019.65	161.333
2021.66	160.222
2023.67	161.333
2025.69	165.333
2027.7	153.111
2029.71	157.778
2031.72	156.444
2033.73	149.333
2035.74	152.222
2037.75	154.222
2039.76	153.111
2041.77	157.556
2043.78	154.444
2045.79	149.333
2047.79	155.556
2049.8	150.444
2051.8	157.778
2053.81	153.333
2055.81	153.333
2057.82	153.111
2059.82	150
2061.82	153.333
2063.82	152.222
2065.83	156
2067.83	151.333
2069.83	147.333
2071.83	156.444
2073.82	156.444
2075.82	152.444
2077.82	154.667
2079.82	151.556
2081.81	152.444
2083.81	154.222
2085.8	149.111
2087.8	156
2089.79	151.556
2091.79	154.889
2093.78	155.556
2095.77	149.333
2097.76	152.889
2099.76	152.889
2101.75	150
2103.74	153.111
2105.72	152.222
2107.71	151.111
2109.7	156.444
2111.69	156.222
2113.68	147.556
2115.66	153.556
2117.65	152
2119.63	156.889
2121.62	152.444
2123.6	153.111
2125.59	148.222
2127.57	150.889
2129.55	150
2131.53	154.444
2133.51	158.889
2135.49	151.778
2137.47	157.111
2139.45	151.556
2141.43	149.556
2143.41	152.889
2145.39	150.444
2147.36	152.444
2149.34	156.444
2151.32	149.111
2153.29	150.222
2155.27	153.556
2157.24	159.556
2159.21	154.444
2161.19	151.556
2163.16	155.111
2165.13	148.444
2167.1	156.444
2169.07	157.333
2171.04	147.556
2173.01	152.444
2174.98	150.889
2176.95	147.556
2178.92	157.111
2180.88	151.111
2182.85	153.333
2184.81	151.111
2186.78	150.889
2188.74	151.778
2190.71	155.333
2192.67	156.667
2194.63	150.667
2196.6	148.889
2198.56	156.667
2200.52	147.111
2202.48	152.889
2204.44	150.444
2206.4	154
2208.36	150.889
2210.32	151.778
2212.28	153.333
2214.23	152
2216.19	151.556
2218.14	149.111
2220.1	153.333
2222.05	155.333
2224.01	153.111
2225.96	154
2227.91	152.222
2229.87	150.667
2231.82	152
2233.77	155.111
2235.72	149.778
2237.67	151.333
2239.62	148
2241.57	152
2243.52	146.667
2245.47	148.667
2247.41	144.889
2249.36	155.778
2251.31	150.444
2253.25	152
2255.2	153.111
2257.14	152.667
2259.09	150.889
2261.03	152
2262.97	153.111
2264.91	148.444
2266.85	150.889
2268.8	146.444
2270.74	144.889
2272.68	149.556
2274.61	152.222
2276.55	153.333
2278.49	151.778
2280.43	152.889
2282.37	151.778
2284.3	149.111
2286.24	146.444
2288.17	146.444
2290.11	160.667
2292.04	151.333
2293.98	152.444
2295.91	160
2297.84	158.444
2299.77	157.778
2301.7	157.778
2303.64	153.333
2305.56	150
2307.49	152.667
2309.42	150.889
2311.35	152.667
2313.28	151.778
2315.21	158
2317.13	154.889
2319.06	150.667
2320.99	146.222
2322.91	152.889
2324.84	155.556
2326.76	153.556
2328.68	149.111
2330.6	152.444
2332.53	153.111
2334.45	147.111
2336.37	154.889
2338.29	149.333
2340.21	152.222
2342.13	152
2344.05	157.111
2345.97	149.778
2347.89	148.889
2349.8	151.556
2351.72	150.444
2353.63	145.778
2355.55	154.667
2357.47	150
2359.38	149.556
2361.29	154
2363.21	148.222
2365.12	155.556
2367.03	155.333
2368.94	157.556
2370.85	156
2372.76	164
2374.67	161.778
2376.58	166.667
2378.49	169.111
2380.4	164
2382.31	160.444
2384.21	155.556
2386.12	159.111
2388.03	153.111
2389.93	152.667
2391.84	154
2393.74	152.222
2395.64	146.889
2397.55	148.889
2399.45	151.778
2401.35	149.556
2403.25	145.556
2405.15	146.222
2407.05	151.778
2408.95	147.778
2410.85	149.111
2412.75	148
2414.65	145.778
2416.55	146.889
2418.45	153.556
2420.34	146.667
2422.24	147.778
2424.13	148
2426.03	158.444
2427.92	152.667
2429.82	158.444
2431.71	157.111
2433.6	155.778
2435.49	154
2437.39	158.444
2439.28	161.778
2441.17	156.889
2443.06	162.889
2444.95	159.778
2446.83	160.667
2448.72	166
2450.61	180.222
2452.5	180.222
2454.39	182.444
