188.706	419.556
191.305	397.111
193.902	385.556
196.499	372.444
199.096	357.333
201.69	358.222
204.284	339.778
206.877	330.667
209.47	320
212.062	319.778
214.652	303.556
217.242	303.333
219.83	291.778
222.419	298.667
225.005	295.556
227.592	294
230.177	298.222
232.762	294.667
235.345	279.333
237.928	285.556
240.509	283.333
243.09	278.444
245.671	274.444
248.249	264.222
250.829	257.333
253.405	252.889
255.983	250
258.558	241.556
261.132	230.444
263.707	231.556
266.28	231.778
268.852	228.222
271.424	223.111
273.994	217.556
276.564	226
279.133	227.333
281.701	218.667
284.268	220.444
286.835	219.556
289.4	222.444
291.964	227.111
294.527	224.889
297.091	233.111
299.653	238.444
302.214	235.556
304.774	240.667
307.334	247.333
309.892	256.444
312.45	272.222
315.006	286
317.562	295.778
320.118	304.222
322.672	308.667
325.225	303.111
327.778	288.444
330.329	276.667
332.88	271.111
335.43	262.889
337.978	271.111
340.528	266.444
343.075	277.333
345.622	301.333
348.167	322.222
350.712	346.222
353.256	369.333
355.799	380.667
358.341	394.222
360.883	375.778
363.423	370.889
365.963	351.111
368.502	334.667
371.04	316.667
373.577	292
376.114	290.444
378.649	280.889
381.184	276.444
383.718	276
386.251	275.111
388.783	262
391.314	268.667
393.844	282
396.373	298
398.902	342.222
401.43	385.556
403.957	456.667
406.484	494.667
409.009	489.333
411.534	427.556
414.057	367.556
416.58	323.556
419.102	280.222
421.624	263.556
424.144	243.111
426.663	239.111
429.181	223.333
431.7	220.222
434.217	218.222
436.732	208.222
439.248	209.333
441.763	208.667
444.277	200.444
446.788	191.556
449.301	193.333
451.812	197.111
454.322	195.111
456.831	188.222
459.341	196.222
461.847	195.333
464.355	193.333
466.861	194.222
469.366	184.444
471.871	186.222
474.374	189.556
476.877	189.111
479.378	187.778
481.88	186.444
484.381	192
486.879	180.444
489.379	181.778
491.876	190.444
494.373	185.556
496.869	188
499.365	186.444
501.858	182.889
504.353	188
506.845	184
509.338	182.667
511.828	181.556
514.319	187.333
516.808	187.778
519.296	188
521.785	178.667
524.272	185.556
526.759	184.667
529.244	185.778
531.728	179.111
534.212	185.556
536.695	184.222
539.178	182.667
541.659	186
544.139	184.444
546.619	183.111
549.098	181.333
551.575	182.444
554.052	188.444
556.529	187.111
559.005	189.111
561.479	188.667
563.953	181.333
566.427	188.667
568.899	191.556
571.37	185.778
573.84	189.333
576.311	187.333
578.78	185.556
581.248	188
583.715	190
586.181	195.111
588.647	192.889
591.113	191.556
593.577	199.111
596.04	208.889
598.503	222.889
600.964	251.111
603.425	302
605.885	334.889
608.344	309.333
610.803	290.667
613.26	272.889
615.718	250.889
618.174	240.222
620.63	226.889
623.084	221.778
625.538	218.444
627.99	218.222
630.443	224
632.894	222
635.344	222.444
637.792	237.111
640.241	246.444
642.689	259.333
645.137	280.444
647.583	326.444
650.029	422.667
652.474	582.222
654.918	713.778
657.361	881.778
659.804	1083.11
662.246	1015.33
664.685	747.333
667.125	482.444
669.565	346.667
672.003	278.889
674.441	245.778
676.877	224
679.313	220.667
681.749	210.444
684.183	208.889
686.617	202.667
689.049	205.333
691.481	202.667
693.913	203.778
696.342	197.333
698.772	200.444
701.201	200.444
703.63	200.444
706.056	204.667
708.483	203.111
710.909	208
713.333	202.222
715.758	199.778
718.18	199.111
720.603	194.667
723.025	188.889
725.445	193.333
727.866	188.667
730.284	186.889
732.703	184.889
735.122	190
737.538	180.222
739.955	180.222
742.369	188.222
744.784	185.556
747.197	196.444
749.611	189.111
752.023	190.667
754.435	198.667
756.845	192.222
759.255	195.111
761.664	185.333
764.071	186.889
766.48	185.111
768.886	186.222
771.292	180.889
773.697	182.667
776.102	179.556
778.505	182.444
780.907	183.556
783.31	180.667
785.711	178.667
788.111	180.222
790.511	178.222
792.91	176.889
795.308	173.556
797.706	181.333
800.102	180
802.497	180.444
804.892	186.222
807.287	185.111
809.68	188
812.072	191.111
814.464	194.444
816.855	186.889
819.246	190.889
821.635	187.778
824.024	189.111
826.412	184.889
828.799	190
831.186	182
833.572	182
835.956	180
838.34	177.333
840.723	189.556
843.106	185.111
845.487	193.556
847.868	195.333
850.248	201.111
852.628	208.667
855.006	233.556
857.384	257.111
859.761	318.667
862.138	447.778
864.513	773.556
866.888	1084.67
869.262	983.333
871.636	651.778
874.008	406
876.38	287.778
878.751	244
881.121	226.222
883.491	226.667
885.86	221.333
888.228	219.333
890.595	212.667
892.962	208.889
895.327	201.556
897.691	199.111
900.055	193.556
902.419	187.111
904.782	191.111
907.144	186
909.505	184.222
911.864	185.778
914.224	185.778
916.583	183.556
918.941	191.556
921.298	187.111
923.654	186
926.01	190.667
928.366	184
930.719	184.889
933.073	189.333
935.426	188.222
937.777	192.889
940.129	198.222
942.479	198
944.828	200.667
947.178	194
949.526	199.333
951.873	200
954.22	199.333
956.565	191.111
958.911	196.889
961.254	201.111
963.598	197.556
965.942	201.111
968.283	207.556
970.625	215.778
972.965	224.889
975.305	241.111
977.644	301.333
979.983	404.222
982.32	431.556
984.657	450.444
986.993	656.222
989.327	1773.33
991.663	3946.89
993.996	3846.89
996.33	2764.22
998.662	1997.56
1000.99	1275.56
1003.32	706.222
1005.65	431.556
1007.98	336.889
1010.31	309.111
1012.64	289.556
1014.97	303.333
1017.29	315.333
1019.62	334.444
1021.94	377.556
1024.27	430.667
1026.59	570.889
1028.91	1272.22
1031.24	3063.78
1033.56	3578
1035.88	2108.67
1038.2	900.444
1040.51	447.778
1042.83	325.556
1045.15	287.556
1047.47	272.444
1049.78	259.333
1052.1	262.667
1054.41	256.444
1056.73	255.778
1059.04	268.444
1061.35	279.556
1063.66	276.889
1065.97	293.333
1068.28	323.333
1070.59	320.444
1072.9	303.111
1075.21	274.667
1077.52	252.667
1079.82	257.778
1082.13	269.111
1084.43	279.556
1086.74	306.889
1089.04	335.778
1091.34	378.444
1093.65	401.111
1095.95	408.222
1098.25	402.444
1100.55	382.222
1102.85	343.333
1105.14	319.333
1107.44	295.333
1109.74	264.889
1112.03	253.333
1114.33	238
1116.62	236.667
1118.92	230.444
1121.21	233.111
1123.5	225.333
1125.79	218.667
1128.09	218
1130.38	220.667
1132.67	217.778
1134.95	221.333
1137.24	212.222
1139.53	225.111
1141.82	228.444
1144.1	240.222
1146.39	255.111
1148.67	269.778
1150.95	267.556
1153.24	260.222
1155.52	240.444
1157.8	224.222
1160.08	214.444
1162.36	204.444
1164.64	203.778
1166.92	203.111
1169.2	198.889
1171.47	197.111
1173.75	194.889
1176.03	200.667
1178.3	192.222
1180.58	192
1182.85	189.333
1185.12	199.778
1187.39	197.778
1189.66	198
1191.94	196.889
1194.21	202.222
1196.48	204.222
1198.74	210.444
1201.01	206
1203.28	228.889
1205.54	242.889
1207.81	255.778
1210.07	272.667
1212.34	316.444
1214.6	409.333
1216.86	507.556
1219.13	552
1221.39	521.333
1223.65	446.889
1225.91	386.444
1228.17	354.889
1230.43	336.222
1232.68	301.778
1234.94	256.444
1237.2	235.556
1239.45	219.556
1241.71	214.667
1243.96	199.556
1246.22	202.222
1248.47	197.556
1250.72	196.667
1252.97	195.556
1255.22	196.444
1257.47	190.667
1259.72	190
1261.97	191.778
1264.22	193.333
1266.46	190.667
1268.71	192.667
1270.95	188.667
1273.2	184.444
1275.44	185.778
1277.69	188.667
1279.93	190.444
1282.17	182.667
1284.41	180.667
1286.65	183.778
1288.89	185.556
1291.13	189.556
1293.37	184.444
1295.61	180.889
1297.85	184.889
1300.08	184.667
1302.32	185.333
1304.55	183.778
1306.79	190.444
1309.02	184
1311.26	182.444
1313.49	189.333
1315.72	187.778
1317.95	181.778
1320.18	188
1322.41	181.111
1324.64	194.444
1326.86	188.444
1329.09	181.111
1331.32	194.889
1333.55	190.889
1335.77	193.778
1337.99	194.444
1340.22	196.222
1342.44	200.667
1344.66	194.444
1346.89	201.111
1349.11	197.333
1351.33	204.667
1353.55	207.111
1355.77	205.111
1357.98	209.333
1360.2	216.889
1362.42	214.667
1364.63	220.667
1366.85	217.556
1369.06	222.444
1371.28	224.889
1373.49	229.778
1375.7	251.778
1377.92	257.778
1380.13	272.222
1382.34	280.444
1384.55	310.667
1386.76	341.778
1388.97	368
1391.17	395.111
1393.38	411.111
1395.59	423.111
1397.79	444
1400	483.556
1402.2	570
1404.41	668
1406.61	765.111
1408.81	825.333
1411.01	812.889
1413.21	760.889
1415.41	668.667
1417.61	572.667
1419.81	489.556
1422.01	432.889
1424.21	397.778
1426.4	383.111
1428.6	391.111
1430.8	410
1432.99	455.111
1435.18	528
1437.38	613.778
1439.57	684.667
1441.76	684.889
1443.95	640.222
1446.14	587.778
1448.33	522
1450.52	458.667
1452.71	406.667
1454.9	382.222
1457.09	362
1459.27	345.111
1461.46	320.889
1463.64	317.111
1465.83	306
1468.01	301.778
1470.2	298.889
1472.38	288.889
1474.56	289.333
1476.74	287.111
1478.92	283.778
1481.1	295.111
1483.28	339.778
1485.46	341.111
1487.64	314.222
1489.81	279.333
1491.99	272.222
1494.16	276
1496.34	270.667
1498.51	266.222
1500.69	263.556
1502.86	269.333
1505.03	263.556
1507.21	266.222
1509.38	263.333
1511.55	258.444
1513.72	240
1515.89	233.778
1518.05	230.667
1520.22	221.333
1522.39	223.333
1524.55	215.556
1526.72	222.444
1528.88	217.111
1531.05	212.667
1533.21	211.556
1535.37	215.778
1537.54	210.889
1539.7	205.778
1541.86	211.111
1544.02	213.556
1546.18	222.222
1548.34	209.111
1550.5	214.889
1552.65	222.667
1554.81	228.889
1556.97	232.667
1559.12	233.778
1561.28	242.667
1563.43	267.333
1565.58	272.222
1567.74	315.556
1569.89	353.778
1572.04	432.222
1574.19	498.444
1576.34	487.333
1578.49	441.556
1580.64	456
1582.79	488.667
1584.94	455.111
1587.08	421.333
1589.23	398
1591.37	359.778
1593.52	330.667
1595.66	315.778
1597.81	324.667
1599.95	336.222
1602.09	307.333
1604.23	284.444
1606.37	264.444
1608.51	250.667
1610.65	242.444
1612.79	238
1614.93	230
1617.07	224.667
1619.21	214.444
1621.34	214.222
1623.48	212.889
1625.61	212.889
1627.75	209.333
1629.88	211.778
1632.01	213.778
1634.15	207.778
1636.28	214
1638.41	211.111
1640.54	220.444
1642.67	219.556
1644.8	224.667
1646.93	225.333
1649.05	240.222
1651.18	245.556
1653.31	252
1655.43	280.667
1657.56	305.333
1659.68	332.667
1661.81	367.556
1663.93	379.111
1666.05	394.444
1668.17	397.333
1670.3	394.222
1672.42	386.889
1674.54	375.556
1676.66	359.333
1678.77	340.222
1680.89	334.222
1683.01	319.333
1685.13	291.778
1687.24	272.222
1689.36	248.222
1691.47	233.778
1693.59	223.778
1695.7	213.778
1697.81	205.333
1699.92	202.667
1702.04	193.778
1704.15	194.667
1706.26	189.333
1708.37	187.556
1710.47	184
1712.58	192.667
1714.69	188.667
1716.8	188.667
1718.9	192.222
1721.01	185.778
1723.11	186.889
1725.22	188.667
1727.32	190.667
1729.42	186.889
1731.53	188.222
1733.63	185.333
1735.73	188
1737.83	181.778
1739.93	181.333
1742.03	179.111
1744.13	178.889
1746.23	175.778
1748.32	172.667
1750.42	176.889
1752.52	176.667
1754.61	180.444
1756.71	175.333
1758.8	178.222
1760.89	180.889
1762.99	172.444
1765.08	176.889
1767.17	178.889
1769.26	173.333
1771.35	171.778
1773.44	174
1775.53	177.111
1777.62	176
1779.71	172.444
1781.79	179.778
1783.88	180
1785.96	171.556
1788.05	173.333
1790.13	178.222
1792.22	171.556
1794.3	175.778
1796.38	176
1798.47	175.333
1800.55	175.111
1802.63	174.889
1804.71	171.333
1806.79	167.778
1808.87	170.444
1810.95	172.889
1813.02	174
1815.1	172.667
1817.18	170.222
1819.25	175.111
1821.33	171.556
1823.4	169.111
1825.47	174.444
1827.55	172.444
1829.62	170.444
1831.69	174.222
1833.76	170.889
1835.83	168.667
1837.9	171.778
1839.97	170.889
1842.04	168.889
1844.11	169.333
1846.18	171.556
1848.24	170.222
1850.31	178.222
1852.38	172.444
1854.44	168.889
1856.51	166.667
1858.57	173.556
1860.63	173.778
1862.69	166.889
1864.76	173.556
1866.82	175.778
1868.88	172
1870.94	171.333
1873	169.556
1875.06	174.889
1877.11	177.333
1879.17	169.556
1881.23	177.778
1883.28	175.111
1885.34	177.111
1887.4	172.444
1889.45	172.222
1891.5	171.333
1893.56	170.667
1895.61	171.111
1897.66	176.889
1899.71	173.111
1901.76	168.889
1903.81	176.889
1905.86	173.333
1907.91	172.889
1909.96	177.556
1912.01	181.333
1914.05	176
1916.1	172.444
1918.15	172.667
1920.19	177.111
1922.23	172
1924.28	172.667
1926.32	174.667
1928.36	173.111
1930.41	170.444
1932.45	176.444
1934.49	174
1936.53	169.778
1938.57	175.333
1940.61	168.889
1942.64	171.333
1944.68	175.333
1946.72	172.667
1948.76	177.111
1950.79	177.778
1952.83	164.222
1954.86	171.556
1956.89	167.778
1958.93	169.556
1960.96	169.333
1962.99	166
1965.03	169.556
1967.06	171.556
1969.09	176.667
1971.12	163.556
1973.14	172.444
1975.17	168.222
1977.2	172
1979.23	170.889
1981.25	174.667
1983.28	168.667
1985.31	169.556
1987.33	175.778
1989.36	171.778
1991.38	179.333
1993.4	172.667
1995.42	174.444
1997.45	174.444
1999.47	178.889
2001.49	177.111
2003.51	180.444
2005.53	179.111
2007.55	178.889
2009.56	177.556
2011.58	175.556
2013.6	181.778
2015.61	180.667
2017.63	171.333
2019.65	183.333
2021.66	182.222
2023.67	182.222
2025.69	178.889
2027.7	177.111
2029.71	174.667
2031.72	174.667
2033.73	172.889
2035.74	170.222
2037.75	172
2039.76	181.111
2041.77	173.778
2043.78	175.778
2045.79	168.889
2047.79	167.111
2049.8	177.556
2051.8	173.556
2053.81	174
2055.81	170.444
2057.82	171.333
2059.82	173.111
2061.82	170.889
2063.82	174.222
2065.83	172.667
2067.83	174
2069.83	168
2071.83	168.889
2073.82	172.222
2075.82	173.111
2077.82	170.444
2079.82	170
2081.81	168.667
2083.81	172.889
2085.8	174
2087.8	174.667
2089.79	171.778
2091.79	168.889
2093.78	169.556
2095.77	168.444
2097.76	171.556
2099.76	170.444
2101.75	169.111
2103.74	167.778
2105.72	168.444
2107.71	171.556
2109.7	168.889
2111.69	169.333
2113.68	171.111
2115.66	175.778
2117.65	170.444
2119.63	168.667
2121.62	170.444
2123.6	174.444
2125.59	171.333
2127.57	168
2129.55	168.222
2131.53	171.556
2133.51	166.222
2135.49	171.778
2137.47	166.222
2139.45	169.778
2141.43	168.444
2143.41	163.556
2145.39	168.889
2147.36	171.111
2149.34	169.778
2151.32	173.111
2153.29	168.444
2155.27	170.222
2157.24	170.222
2159.21	170.889
2161.19	168.667
2163.16	161.333
2165.13	165.333
2167.1	170.222
2169.07	169.556
2171.04	170.222
2173.01	164
2174.98	172.889
2176.95	167.333
2178.92	166.444
2180.88	172.667
2182.85	165.333
2184.81	165.111
2186.78	168.222
2188.74	165.778
2190.71	167.556
2192.67	169.333
2194.63	169.556
2196.6	169.111
2198.56	169.333
2200.52	169.333
2202.48	163.778
2204.44	168
2206.4	168.444
2208.36	163.778
2210.32	171.778
2212.28	172
2214.23	165.556
2216.19	166
2218.14	168.444
2220.1	168.889
2222.05	175.111
2224.01	166.889
2225.96	166.889
2227.91	171.778
2229.87	170.444
2231.82	163.556
2233.77	168.667
2235.72	166.889
2237.67	168.667
2239.62	172
2241.57	170.222
2243.52	167.333
2245.47	165.333
2247.41	168.667
2249.36	164.889
2251.31	165.556
2253.25	171.778
2255.2	163.778
2257.14	172.667
2259.09	163.556
2261.03	172.222
2262.97	168.222
2264.91	162.222
2266.85	164.444
2268.8	171.333
2270.74	166.889
2272.68	166.667
2274.61	168.444
2276.55	169.778
2278.49	162.444
2280.43	174.889
2282.37	165.333
2284.3	163.111
2286.24	168.889
2288.17	163.111
2290.11	168.444
2292.04	168
2293.98	170.222
2295.91	166.444
2297.84	175.111
2299.77	171.111
2301.7	171.111
2303.64	173.111
2305.56	169.111
2307.49	169.778
2309.42	165.778
2311.35	166.222
2313.28	168.667
2315.21	165.556
2317.13	164.889
2319.06	166.889
2320.99	167.111
2322.91	167.556
2324.84	167.778
2326.76	166
2328.68	168
2330.6	164.222
2332.53	161.333
2334.45	167.333
2336.37	166.667
2338.29	167.778
2340.21	166.222
2342.13	156.889
2344.05	168.444
2345.97	162
2347.89	158.889
2349.8	166.222
2351.72	163.556
2353.63	166.222
2355.55	162.222
2357.47	166.444
2359.38	167.111
2361.29	164.889
2363.21	168.222
2365.12	169.111
2367.03	166.444
2368.94	169.556
2370.85	171.556
2372.76	176.222
2374.67	178.222
2376.58	182.667
2378.49	188
2380.4	182
2382.31	180.889
2384.21	173.111
2386.12	173.111
2388.03	171.556
2389.93	168
2391.84	167.778
2393.74	161.556
2395.64	163.556
2397.55	161.778
2399.45	168
2401.35	166.444
2403.25	162.444
2405.15	164.889
2407.05	161.333
2408.95	159.333
2410.85	168.222
2412.75	161.111
2414.65	162.667
2416.55	166.667
2418.45	166.444
2420.34	160.444
2422.24	160.444
2424.13	164.889
2426.03	168.667
2427.92	160.444
2429.82	163.556
2431.71	162.444
2433.6	165.556
2435.49	170.667
2437.39	168.667
2439.28	173.111
2441.17	165.556
2443.06	180.444
2444.95	180.222
2446.83	180
2448.72	184.444
2450.61	185.556
2452.5	189.556
2454.39	196
