188.706	419.556
191.305	394.222
193.902	385.778
196.499	362
199.096	354.222
201.69	349.556
204.284	330
206.877	322.444
209.47	314
212.062	310.444
214.652	301.556
217.242	302.889
219.83	295.778
222.419	290.667
225.005	291.556
227.592	293.556
230.177	286
232.762	289.556
235.345	276.667
237.928	278.444
240.509	282.222
243.09	280.222
245.671	266.444
248.249	263.556
250.829	263.333
253.405	248.444
255.983	239.778
258.558	238.889
261.132	221.333
263.707	224.222
266.28	221.111
268.852	223.778
271.424	215.778
273.994	218.889
276.564	219.556
279.133	214.667
281.701	214
284.268	208.444
286.835	217.556
289.4	215.556
291.964	218.222
294.527	218.444
297.091	217.111
299.653	230.889
302.214	234.889
304.774	234
307.334	236.444
309.892	249.778
312.45	261.556
315.006	276.667
317.562	290.222
320.118	294.889
322.672	292.889
325.225	291.111
327.778	278
330.329	261.111
332.88	255.333
335.43	261.333
337.978	251.556
340.528	269.778
343.075	273.333
345.622	290.889
348.167	318.444
350.712	334.667
353.256	360.889
355.799	377.556
358.341	383.111
360.883	373.556
363.423	372.667
365.963	342.222
368.502	327.556
371.04	310.444
373.577	300
376.114	283.556
378.649	274.222
381.184	270.889
383.718	263.111
386.251	261.111
388.783	258.667
391.314	270.222
393.844	278.667
396.373	299.778
398.902	332.889
401.43	385.333
403.957	438.889
406.484	488
409.009	478.889
411.534	422.889
414.057	362.444
416.58	309.333
419.102	272.444
421.624	254.444
424.144	231.111
426.663	222.667
429.181	218.222
431.7	204.444
434.217	205.778
436.732	204.667
439.248	195.111
441.763	196.444
444.277	195.333
446.788	193.111
449.301	182.889
451.812	184.889
454.322	178.667
456.831	185.778
459.341	182
461.847	179.333
464.355	182.444
466.861	184
469.366	182
471.871	176.444
474.374	177.556
476.877	180.222
479.378	175.556
481.88	176.222
484.381	180.444
486.879	174.889
489.379	176.889
491.876	173.778
494.373	179.111
496.869	175.778
499.365	178.667
501.858	175.778
504.353	178.889
506.845	171.556
509.338	176
511.828	175.333
514.319	173.778
516.808	174.667
519.296	171.111
521.785	176.889
524.272	178.889
526.759	176.667
529.244	176.222
531.728	177.111
534.212	173.333
536.695	175.556
539.178	175.333
541.659	179.111
544.139	177.556
546.619	170.667
549.098	177.333
551.575	177.556
554.052	175.556
556.529	170.889
559.005	169.333
561.479	184.222
563.953	177.556
566.427	178.889
568.899	187.111
571.37	177.333
573.84	181.111
576.311	183.556
578.78	182.444
581.248	178.222
583.715	182.222
586.181	184.444
588.647	186.889
591.113	189.778
593.577	192.889
596.04	208
598.503	213.333
600.964	248.444
603.425	288.889
605.885	313.556
608.344	299.556
610.803	284.444
613.26	260
615.718	241.556
618.174	227.333
620.63	216.444
623.084	209.111
625.538	206.444
627.99	210.444
630.443	217.778
632.894	216.222
635.344	223.111
637.792	226.667
640.241	237.111
642.689	245.778
645.137	273.556
647.583	322
650.029	420.667
652.474	565.556
654.918	727.333
657.361	864.667
659.804	1050
662.246	1010.22
664.685	742.444
667.125	476.889
669.565	338.444
672.003	267.333
674.441	238.889
676.877	227.778
679.313	209.556
681.749	202.444
684.183	196.889
686.617	203.111
689.049	192.667
691.481	192.667
693.913	189.111
696.342	188.222
698.772	187.333
701.201	191.111
703.63	182.667
706.056	192
708.483	191.556
710.909	200.222
713.333	192.667
715.758	195.778
718.18	186.889
720.603	187.111
723.025	184.889
725.445	180.222
727.866	180.444
730.284	185.111
732.703	184.667
735.122	178.667
737.538	172.667
739.955	180
742.369	180.889
744.784	180
747.197	181.111
749.611	185.778
752.023	187.333
754.435	187.778
756.845	190.889
759.255	187.556
761.664	172.889
764.071	180.444
766.48	175.556
768.886	178.889
771.292	174.222
773.697	172.444
776.102	179.111
778.505	178.667
780.907	174.444
783.31	172
785.711	171.778
788.111	173.111
790.511	173.333
792.91	178.667
795.308	172
797.706	170.444
800.102	178.444
802.497	179.111
804.892	178.222
807.287	174.444
809.68	179.556
812.072	182.444
814.464	183.556
816.855	177.556
819.246	184.444
821.635	182
824.024	176.444
826.412	181.778
828.799	177.111
831.186	181.778
833.572	181.556
835.956	179.333
838.34	180
840.723	178.667
843.106	182.444
845.487	183.778
847.868	183.111
850.248	201.778
852.628	206.667
855.006	224.889
857.384	252.667
859.761	311.778
862.138	448.444
864.513	761.778
866.888	1077.33
869.262	973.778
871.636	639.778
874.008	393.778
876.38	281.111
878.751	240.667
881.121	223.778
883.491	218
885.86	213.556
888.228	204.222
890.595	204.222
892.962	195.333
895.327	202
897.691	189.778
900.055	189.333
902.419	178.889
904.782	188.222
907.144	177.778
909.505	178
911.864	174.667
914.224	177.778
916.583	178.889
918.941	177.333
921.298	183.111
923.654	180.444
926.01	178.889
928.366	175.111
930.719	180.222
933.073	177.778
935.426	188.889
937.777	187.333
940.129	190
942.479	190.889
944.828	191.778
947.178	194.889
949.526	189.556
951.873	194.889
954.22	194.667
956.565	190.444
958.911	188.667
961.254	189.111
963.598	189.778
965.942	196.667
968.283	201.111
970.625	207.556
972.965	219.556
975.305	238.667
977.644	295.556
979.983	386.222
982.32	429.333
984.657	435.556
986.993	648
989.327	1766.89
991.663	3928.44
993.996	3819.78
996.33	2752
998.662	2024.89
1000.99	1289.33
1003.32	692.667
1005.65	425.778
1007.98	332.222
1010.31	296.889
1012.64	284.222
1014.97	286.444
1017.29	312.889
1019.62	329.111
1021.94	364.222
1024.27	412.667
1026.59	566.667
1028.91	1274.89
1031.24	3072.67
1033.56	3608
1035.88	2118
1038.2	878.667
1040.51	440.444
1042.83	319.111
1045.15	277.333
1047.47	265.333
1049.78	258.444
1052.1	256.667
1054.41	255.333
1056.73	249.778
1059.04	256.889
1061.35	266.444
1063.66	275.778
1065.97	286.444
1068.28	309.111
1070.59	310.889
1072.9	292.444
1075.21	268.444
1077.52	262.667
1079.82	255.333
1082.13	255.556
1084.43	269.778
1086.74	301.778
1089.04	326.667
1091.34	370.444
1093.65	398
1095.95	407.111
1098.25	388
1100.55	367.111
1102.85	349.333
1105.14	321.111
1107.44	288.444
1109.74	266.222
1112.03	255.778
1114.33	237.333
1116.62	235.333
1118.92	222.889
1121.21	222
1123.5	220
1125.79	215.778
1128.09	213.333
1130.38	212.889
1132.67	205.333
1134.95	212.667
1137.24	211.556
1139.53	217.111
1141.82	220.444
1144.1	234.444
1146.39	249.778
1148.67	268.444
1150.95	266.889
1153.24	252.667
1155.52	231.556
1157.8	226.222
1160.08	212.667
1162.36	203.556
1164.64	202.667
1166.92	199.333
1169.2	191.556
1171.47	189.778
1173.75	185.333
1176.03	182
1178.3	187.111
1180.58	191.556
1182.85	192.444
1185.12	187.111
1187.39	186.667
1189.66	188
1191.94	195.333
1194.21	194
1196.48	193.556
1198.74	200.222
1201.01	210
1203.28	222.667
1205.54	234.444
1207.81	259.111
1210.07	275.556
1212.34	320.889
1214.6	401.333
1216.86	506.222
1219.13	548.889
1221.39	515.333
1223.65	437.111
1225.91	384
1228.17	348.222
1230.43	323.111
1232.68	291.111
1234.94	258.444
1237.2	238.667
1239.45	216.222
1241.71	211.778
1243.96	203.778
1246.22	196
1248.47	196.667
1250.72	188.667
1252.97	182.444
1255.22	189.556
1257.47	186.667
1259.72	188.444
1261.97	185.111
1264.22	180.667
1266.46	184.444
1268.71	186.444
1270.95	182.222
1273.2	186.444
1275.44	181.111
1277.69	180.667
1279.93	175.778
1282.17	181.111
1284.41	175.778
1286.65	177.556
1288.89	180.889
1291.13	178.444
1293.37	178.444
1295.61	180
1297.85	178.444
1300.08	179.556
1302.32	180.667
1304.55	182.889
1306.79	183.778
1309.02	178.222
1311.26	179.778
1313.49	182
1315.72	189.111
1317.95	186.667
1320.18	181.333
1322.41	184.667
1324.64	183.556
1326.86	182.889
1329.09	184.444
1331.32	190.222
1333.55	187.778
1335.77	188.889
1337.99	193.111
1340.22	187.556
1342.44	192.444
1344.66	190.444
1346.89	194.444
1349.11	196
1351.33	197.556
1353.55	197.111
1355.77	202.222
1357.98	208.667
1360.2	213.778
1362.42	206.222
1364.63	217.111
1366.85	215.333
1369.06	218.222
1371.28	230.889
1373.49	231.778
1375.7	235.778
1377.92	252
1380.13	271.111
1382.34	282.889
1384.55	307.333
1386.76	338
1388.97	377.556
1391.17	382.222
1393.38	397.111
1395.59	408.222
1397.79	438.222
1400	484.444
1402.2	567.778
1404.41	665.555
1406.61	750.444
1408.81	816
1411.01	817.556
1413.21	759.556
1415.41	668.222
1417.61	562.222
1419.81	489.778
1422.01	421.556
1424.21	393.778
1426.4	375.556
1428.6	379.333
1430.8	396.667
1432.99	445.333
1435.18	517.333
1437.38	601.333
1439.57	686.889
1441.76	695.556
1443.95	632.444
1446.14	579.333
1448.33	500.444
1450.52	457.333
1452.71	419.333
1454.9	380.222
1457.09	363.333
1459.27	334.444
1461.46	321.111
1463.64	305.333
1465.83	295.556
1468.01	294
1470.2	289.778
1472.38	286.667
1474.56	279.778
1476.74	280.667
1478.92	289.556
1481.1	303.111
1483.28	341.778
1485.46	337.333
1487.64	309.556
1489.81	281.778
1491.99	269.556
1494.16	261.333
1496.34	263.333
1498.51	263.111
1500.69	265.556
1502.86	268.889
1505.03	268
1507.21	258.667
1509.38	250.222
1511.55	253.111
1513.72	242.444
1515.89	231.111
1518.05	222.667
1520.22	219.556
1522.39	213.556
1524.55	211.333
1526.72	210.222
1528.88	209.556
1531.05	210.889
1533.21	198.667
1535.37	214.667
1537.54	202.667
1539.7	201.111
1541.86	214
1544.02	209.333
1546.18	208.667
1548.34	223.556
1550.5	211.778
1552.65	220
1554.81	220.444
1556.97	232.222
1559.12	233.333
1561.28	240.222
1563.43	252.889
1565.58	276.222
1567.74	302
1569.89	352.667
1572.04	431.778
1574.19	499.778
1576.34	485.778
1578.49	438.444
1580.64	440
1582.79	476.444
1584.94	450.667
1587.08	417.556
1589.23	403.333
1591.37	364.889
1593.52	329.556
1595.66	307.333
1597.81	326.667
1599.95	328.444
1602.09	306.667
1604.23	274.444
1606.37	252.444
1608.51	254.222
1610.65	246.889
1612.79	236.667
1614.93	224.889
1617.07	212.444
1619.21	213.556
1621.34	209.333
1623.48	217.333
1625.61	205.333
1627.75	208.889
1629.88	208
1632.01	211.333
1634.15	207.556
1636.28	210.889
1638.41	208.222
1640.54	215.333
1642.67	211.778
1644.8	213.111
1646.93	217.333
1649.05	233.556
1651.18	236.889
1653.31	262.222
1655.43	282
1657.56	304.889
1659.68	330.667
1661.81	359.333
1663.93	378.444
1666.05	390.667
1668.17	391.778
1670.3	390.667
1672.42	380
1674.54	370.222
1676.66	358.667
1678.77	338.444
1680.89	315.556
1683.01	307.778
1685.13	284.444
1687.24	268.222
1689.36	248.889
1691.47	224
1693.59	215.556
1695.7	207.556
1697.81	200.889
1699.92	191.111
1702.04	190
1704.15	191.333
1706.26	188.444
1708.37	189.333
1710.47	186.222
1712.58	187.111
1714.69	183.111
1716.8	174
1718.9	187.333
1721.01	184
1723.11	187.778
1725.22	190.444
1727.32	192.889
1729.42	188.444
1731.53	188.222
1733.63	186
1735.73	176.444
1737.83	181.333
1739.93	180
1742.03	179.333
1744.13	176.889
1746.23	177.556
1748.32	175.778
1750.42	170.222
1752.52	173.111
1754.61	172.889
1756.71	172.667
1758.8	170.444
1760.89	171.333
1762.99	173.778
1765.08	170.444
1767.17	172.889
1769.26	176.889
1771.35	174.889
1773.44	167.333
1775.53	173.111
1777.62	174
1779.71	178
1781.79	167.778
1783.88	166.444
1785.96	167.778
1788.05	177.111
1790.13	168.889
1792.22	171.778
1794.3	171.556
1796.38	175.778
1798.47	167.556
1800.55	174.444
1802.63	171.333
1804.71	165.556
1806.79	173.111
1808.87	169.111
1810.95	170.667
1813.02	173.556
1815.1	174.444
1817.18	171.111
1819.25	166.889
1821.33	164
1823.4	169.111
1825.47	172.667
1827.55	175.111
1829.62	171.333
1831.69	172.667
1833.76	164
1835.83	165.778
1837.9	168
1839.97	170.889
1842.04	169.111
1844.11	163.333
1846.18	172
1848.24	162.889
1850.31	166.889
1852.38	166.667
1854.44	166
1856.51	166.667
1858.57	165.556
1860.63	171.111
1862.69	168.222
1864.76	169.333
1866.82	171.111
1868.88	167.556
1870.94	162.222
1873	169.333
1875.06	165.778
1877.11	170.667
1879.17	170.889
1881.23	160.222
1883.28	168.667
1885.34	171.333
1887.4	167.111
1889.45	168.444
1891.5	169.333
1893.56	165.778
1895.61	163.333
1897.66	164
1899.71	168.444
1901.76	171.556
1903.81	171.111
1905.86	169.556
1907.91	174.889
1909.96	170.222
1912.01	165.778
1914.05	176.444
1916.1	170
1918.15	173.333
1920.19	168.667
1922.23	167.556
1924.28	170.444
1926.32	173.333
1928.36	165.556
1930.41	167.778
1932.45	165.556
1934.49	164.667
1936.53	164.667
1938.57	172
1940.61	170.222
1942.64	169.778
1944.68	164.889
1946.72	166.444
1948.76	168.444
1950.79	170.667
1952.83	172.667
1954.86	169.556
1956.89	171.333
1958.93	170.667
1960.96	165.333
1962.99	167.111
1965.03	166.444
1967.06	170
1969.09	170.222
1971.12	168.667
1973.14	167.556
1975.17	170.444
1977.2	166.889
1979.23	161.111
1981.25	167.778
1983.28	163.556
1985.31	167.778
1987.33	165.556
1989.36	171.333
1991.38	167.333
1993.4	176.889
1995.42	168.222
1997.45	169.556
1999.47	175.333
2001.49	174
2003.51	172.889
2005.53	175.333
2007.55	179.556
2009.56	179.778
2011.58	172.889
2013.6	173.556
2015.61	176.444
2017.63	176.889
2019.65	176.667
2021.66	175.556
2023.67	178
2025.69	178.222
2027.7	176
2029.71	170
2031.72	169.778
2033.73	166.444
2035.74	173.111
2037.75	169.111
2039.76	176.444
2041.77	167.556
2043.78	170.667
2045.79	173.556
2047.79	171.778
2049.8	168.667
2051.8	170.444
2053.81	166.667
2055.81	169.778
2057.82	163.111
2059.82	169.111
2061.82	166.889
2063.82	174.667
2065.83	167.778
2067.83	163.333
2069.83	168.444
2071.83	168.444
2073.82	170
2075.82	167.111
2077.82	166.889
2079.82	163.556
2081.81	165.778
2083.81	166.222
2085.8	171.556
2087.8	170.444
2089.79	167.111
2091.79	168.444
2093.78	167.333
2095.77	168.667
2097.76	167.556
2099.76	164.667
2101.75	168
2103.74	171.111
2105.72	167.333
2107.71	170.222
2109.7	164.889
2111.69	164.667
2113.68	169.556
2115.66	170.667
2117.65	169.556
2119.63	166.667
2121.62	166.667
2123.6	167.333
2125.59	171.556
2127.57	161.778
2129.55	169.778
2131.53	164
2133.51	173.333
2135.49	169.778
2137.47	163.333
2139.45	163.556
2141.43	166.444
2143.41	169.556
2145.39	169.111
2147.36	168
2149.34	167.778
2151.32	164.222
2153.29	160.667
2155.27	166.444
2157.24	165.111
2159.21	162.889
2161.19	164
2163.16	163.778
2165.13	165.111
2167.1	164.667
2169.07	168.667
2171.04	159.333
2173.01	163.556
2174.98	171.333
2176.95	162.222
2178.92	166.222
2180.88	166.667
2182.85	163.333
2184.81	165.778
2186.78	167.333
2188.74	160.667
2190.71	165.111
2192.67	167.778
2194.63	169.556
2196.6	170.444
2198.56	161.333
2200.52	167.556
2202.48	164
2204.44	167.111
2206.4	170.667
2208.36	164.667
2210.32	165.333
2212.28	168.667
2214.23	162.444
2216.19	160.444
2218.14	170.222
2220.1	169.556
2222.05	166.444
2224.01	171.778
2225.96	166
2227.91	165.778
2229.87	164.889
2231.82	161.333
2233.77	172.222
2235.72	165.556
2237.67	161.778
2239.62	168.222
2241.57	162.444
2243.52	161.778
2245.47	165.111
2247.41	170
2249.36	161.778
2251.31	162
2253.25	161.111
2255.2	167.111
2257.14	161.778
2259.09	162.667
2261.03	164.444
2262.97	160.667
2264.91	161.556
2266.85	163.778
2268.8	161.778
2270.74	162.889
2272.68	164.889
2274.61	167.556
2276.55	162
2278.49	162.889
2280.43	164
2282.37	158.889
2284.3	161.111
2286.24	167.778
2288.17	165.556
2290.11	167.111
2292.04	163.556
2293.98	163.778
2295.91	168
2297.84	165.778
2299.77	170
2301.7	162.889
2303.64	165.111
2305.56	166
2307.49	166
2309.42	166
2311.35	164.889
2313.28	166
2315.21	164
2317.13	154.444
2319.06	167.778
2320.99	162.444
2322.91	157.556
2324.84	159.556
2326.76	163.556
2328.68	165.333
2330.6	160.889
2332.53	163.778
2334.45	164.444
2336.37	160.889
2338.29	161.333
2340.21	155.111
2342.13	163.778
2344.05	160.444
2345.97	159.778
2347.89	160.444
2349.8	162.889
2351.72	165.556
2353.63	163.778
2355.55	158.667
2357.47	156.444
2359.38	159.111
2361.29	161.111
2363.21	158.667
2365.12	163.333
2367.03	170.222
2368.94	168.667
2370.85	164.444
2372.76	174.222
2374.67	178.222
2376.58	178.889
2378.49	179.778
2380.4	177.556
2382.31	169.778
2384.21	169.556
2386.12	167.333
2388.03	168.222
2389.93	160
2391.84	166.667
2393.74	162.222
2395.64	159.111
2397.55	165.556
2399.45	158.889
2401.35	158
2403.25	158.889
2405.15	159.111
2407.05	155.111
2408.95	162.667
2410.85	161.333
2412.75	154
2414.65	163.778
2416.55	160.222
2418.45	157.556
2420.34	160.889
2422.24	160.667
2424.13	158.222
2426.03	167.333
2427.92	156.444
2429.82	164.222
2431.71	166.222
2433.6	164.222
2435.49	166.444
2437.39	165.333
2439.28	167.333
2441.17	172
2443.06	168
2444.95	167.333
2446.83	176.889
2448.72	182
2450.61	189.333
2452.5	193.111
2454.39	193.778
