188.706	245.333
191.305	245.333
193.902	245.778
196.499	243.333
199.096	236.222
201.69	236.222
204.284	241.556
206.877	234
209.47	231.111
212.062	235.778
214.652	233.111
217.242	241.111
219.83	241.333
222.419	239.556
225.005	245.556
227.592	242
230.177	262.222
232.762	263.111
235.345	275.111
237.928	274.444
240.509	276.889
243.09	282.889
245.671	290.444
248.249	289.111
250.829	296.444
253.405	299.778
255.983	295.333
258.558	284.667
261.132	275.111
263.707	265.111
266.28	254.222
268.852	246.222
271.424	243.778
273.994	232.889
276.564	238.667
279.133	237.111
281.701	234.222
284.268	224.444
286.835	210.889
289.4	217.111
291.964	197.556
294.527	195.333
297.091	196.667
299.653	192.889
302.214	198
304.774	193.111
307.334	203.556
309.892	203.778
312.45	209.556
315.006	221.333
317.562	229.778
320.118	237.556
322.672	234.222
325.225	236
327.778	234.444
330.329	221.556
332.88	220.444
335.43	219.778
337.978	218.667
340.528	224.444
343.075	226.444
345.622	235.111
348.167	249.778
350.712	272.667
353.256	288.222
355.799	302.667
358.341	319.333
360.883	314.667
363.423	314.889
365.963	297.556
368.502	271.556
371.04	262
373.577	240.222
376.114	228.222
378.649	212.667
381.184	204.889
383.718	196.667
386.251	187.556
388.783	199.111
391.314	188.667
393.844	200
396.373	212.667
398.902	238.222
401.43	275.111
403.957	316.889
406.484	349.111
409.009	330
411.534	295.778
414.057	262.222
416.58	228.667
419.102	200.222
421.624	182.667
424.144	174.889
426.663	156.444
429.181	154
431.7	151.333
434.217	145.778
436.732	140.667
439.248	146.667
441.763	139.778
444.277	150.667
446.788	147.778
449.301	150.667
451.812	141.333
454.322	143.556
456.831	139.111
459.341	140.222
461.847	136
464.355	131.333
466.861	134.889
469.366	132.444
471.871	126.667
474.374	128.444
476.877	128.667
479.378	122.889
481.88	129.778
484.381	128.667
486.879	122
489.379	123.111
491.876	123.333
494.373	129.111
496.869	126.222
499.365	128.222
501.858	126.889
504.353	130.889
506.845	138.222
509.338	132.667
511.828	136.222
514.319	134.667
516.808	134.444
519.296	129.778
521.785	135.333
524.272	126
526.759	129.556
529.244	130.889
531.728	129.111
534.212	127.556
536.695	123.111
539.178	116.889
541.659	124.667
544.139	126.889
546.619	116.889
549.098	120.444
551.575	120.444
554.052	119.333
556.529	116.889
559.005	118.444
561.479	123.111
563.953	123.333
566.427	119.111
568.899	115.333
571.37	113.556
573.84	116
576.311	118.889
578.78	117.333
581.248	116
583.715	119.556
586.181	121.556
588.647	119.778
591.113	123.778
593.577	118.667
596.04	123.111
598.503	114.667
600.964	123.111
603.425	119.111
605.885	118.222
608.344	121.556
610.803	119.111
613.26	120.222
615.718	124.889
618.174	121.111
620.63	129.111
623.084	133.333
625.538	136.889
627.99	136
630.443	136
632.894	145.778
635.344	153.333
637.792	162.889
640.241	178.222
642.689	195.778
645.137	225.111
647.583	265.556
650.029	315.556
652.474	385.778
654.918	476.444
657.361	634
659.804	828.667
662.246	846.667
664.685	717.333
667.125	508
669.565	338
672.003	240.889
674.441	191.556
676.877	170.444
679.313	156.222
681.749	154.667
684.183	148
686.617	148.444
689.049	150
691.481	146.667
693.913	160.444
696.342	163.556
698.772	174.667
701.201	183.111
703.63	192.444
706.056	205.111
708.483	204.222
710.909	207.556
713.333	202
715.758	205.778
718.18	195.556
720.603	195.111
723.025	201.778
725.445	201.333
727.866	208.444
730.284	209.333
732.703	219.556
735.122	218.667
737.538	217.778
739.955	214.889
742.369	213.556
744.784	217.333
747.197	213.778
749.611	202.889
752.023	194.667
754.435	196.667
756.845	186.444
759.255	178.889
761.664	174
764.071	170.889
766.48	164.667
768.886	170.222
771.292	162
773.697	158.444
776.102	159.111
778.505	160.222
780.907	154.889
783.31	156
785.711	160.889
788.111	161.556
790.511	160.889
792.91	157.556
795.308	154.222
797.706	150.667
800.102	153.111
802.497	158.667
804.892	152
807.287	151.556
809.68	148.889
812.072	150.444
814.464	149.333
816.855	147.778
819.246	144
821.635	151.778
824.024	149.556
826.412	147.778
828.799	152.889
831.186	157.333
833.572	166.222
835.956	170.889
838.34	175.556
840.723	181.111
843.106	186
845.487	193.333
847.868	197.111
850.248	199.778
852.628	218.667
855.006	224.889
857.384	254
859.761	311.778
862.138	438.222
864.513	698
866.888	899.333
869.262	822.889
871.636	596
874.008	385.778
876.38	290.444
878.751	240.222
881.121	219.333
883.491	207.778
885.86	188.444
888.228	182.667
890.595	182.889
892.962	171.778
895.327	173.778
897.691	160.444
900.055	167.778
902.419	169.111
904.782	164.667
907.144	165.778
909.505	163.556
911.864	161.556
914.224	172.667
916.583	162.889
918.941	167.333
921.298	164
923.654	157.111
926.01	154.222
928.366	155.111
930.719	154
933.073	150
935.426	153.333
937.777	144.444
940.129	147.333
942.479	149.333
944.828	145.778
947.178	143.778
949.526	141.111
951.873	145.111
954.22	147.556
956.565	150.444
958.911	147.778
961.254	150.222
963.598	146
965.942	149.556
968.283	145.556
970.625	147.111
972.965	148.444
975.305	146.667
977.644	150.222
979.983	154.889
982.32	152.222
984.657	149.778
986.993	143.333
989.327	155.333
991.663	156
993.996	154
996.33	160.222
998.662	158
1000.99	172
1003.32	179.333
1005.65	180
1007.98	189.333
1010.31	191.111
1012.64	191.111
1014.97	189.111
1017.29	186.889
1019.62	183.333
1021.94	178
1024.27	175.333
1026.59	168.444
1028.91	165.778
1031.24	163.778
1033.56	168.889
1035.88	172.444
1038.2	171.111
1040.51	168.667
1042.83	176.889
1045.15	167.556
1047.47	176
1049.78	185.778
1052.1	193.333
1054.41	198.889
1056.73	220.667
1059.04	236.667
1061.35	236.667
1063.66	243.556
1065.97	242
1068.28	246.667
1070.59	247.111
1072.9	256.222
1075.21	268.444
1077.52	271.111
1079.82	280
1082.13	283.333
1084.43	296.667
1086.74	302.222
1089.04	324.444
1091.34	336.667
1093.65	348.444
1095.95	354.889
1098.25	356.667
1100.55	342.889
1102.85	326
1105.14	298.222
1107.44	271.778
1109.74	244.889
1112.03	216.889
1114.33	202.889
1116.62	181.333
1118.92	178.444
1121.21	156.889
1123.5	158.667
1125.79	156.667
1128.09	149.778
1130.38	149.556
1132.67	147.556
1134.95	151.333
1137.24	150
1139.53	148.667
1141.82	148.222
1144.1	151.333
1146.39	154.222
1148.67	152.444
1150.95	147.333
1153.24	145.778
1155.52	143.556
1157.8	142
1160.08	142.667
1162.36	142.222
1164.64	139.778
1166.92	146.444
1169.2	141.556
1171.47	141.556
1173.75	142.444
1176.03	138.667
1178.3	140.667
1180.58	139.333
1182.85	140.444
1185.12	141.778
1187.39	143.111
1189.66	138.222
1191.94	140.222
1194.21	144.444
1196.48	140.889
1198.74	136.667
1201.01	137.778
1203.28	144.444
1205.54	136.889
1207.81	142.889
1210.07	140.444
1212.34	140.222
1214.6	142.889
1216.86	144.889
1219.13	152.444
1221.39	145.778
1223.65	148.444
1225.91	154.889
1228.17	153.556
1230.43	155.556
1232.68	160.667
1234.94	156.222
1237.2	152.222
1239.45	158.222
1241.71	157.333
1243.96	156.667
1246.22	162.667
1248.47	163.556
1250.72	160.444
1252.97	155.778
1255.22	154.889
1257.47	152.667
1259.72	153.556
1261.97	159.111
1264.22	154.889
1266.46	161.111
1268.71	172.222
1270.95	171.778
1273.2	182.889
1275.44	189.778
1277.69	186.667
1279.93	188.667
1282.17	188.889
1284.41	196
1286.65	198.667
1288.89	206.444
1291.13	216.222
1293.37	223.778
1295.61	232.444
1297.85	258
1300.08	256.667
1302.32	263.111
1304.55	270.667
1306.79	258.889
1309.02	248
1311.26	227.778
1313.49	223.556
1315.72	214
1317.95	205.778
1320.18	197.111
1322.41	192.889
1324.64	183.556
1326.86	179.111
1329.09	170
1331.32	169.778
1333.55	162.222
1335.77	169.556
1337.99	165.333
1340.22	169.111
1342.44	162.444
1344.66	164
1346.89	168.222
1349.11	164.444
1351.33	168.889
1353.55	164.444
1355.77	166.444
1357.98	172.444
1360.2	170.889
1362.42	178.444
1364.63	179.556
1366.85	180.667
1369.06	181.333
1371.28	190.444
1373.49	197.556
1375.7	208.667
1377.92	208.222
1380.13	225.333
1382.34	240.889
1384.55	258
1386.76	279.333
1388.97	298.889
1391.17	320.667
1393.38	336.889
1395.59	335.556
1397.79	346
1400	395.333
1402.2	456.444
1404.41	522.444
1406.61	610.222
1408.81	680.667
1411.01	711.556
1413.21	683.111
1415.41	629.555
1417.61	555.333
1419.81	473.778
1422.01	424.222
1424.21	412
1426.4	405.778
1428.6	429.556
1430.8	472.222
1432.99	539.778
1435.18	627.111
1437.38	704.444
1439.57	759.556
1441.76	771.333
1443.95	730.222
1446.14	665.333
1448.33	579.556
1450.52	521.111
1452.71	467.556
1454.9	424.667
1457.09	408.667
1459.27	372
1461.46	350.444
1463.64	333.111
1465.83	320.889
1468.01	304.667
1470.2	294
1472.38	291.556
1474.56	287.111
1476.74	281.111
1478.92	270.444
1481.1	257.111
1483.28	242
1485.46	233.556
1487.64	231.111
1489.81	227.556
1491.99	223.778
1494.16	228
1496.34	223.778
1498.51	220
1500.69	214.222
1502.86	212.222
1505.03	211.556
1507.21	209.111
1509.38	207.111
1511.55	203.111
1513.72	191.778
1515.89	188.222
1518.05	183.778
1520.22	170
1522.39	168.667
1524.55	163.333
1526.72	165.778
1528.88	157.111
1531.05	159.333
1533.21	156.222
1535.37	156.222
1537.54	154.444
1539.7	154.444
1541.86	152
1544.02	151.333
1546.18	148
1548.34	151.333
1550.5	148.444
1552.65	152.444
1554.81	148.889
1556.97	145.333
1559.12	147.778
1561.28	142
1563.43	149.556
1565.58	148.444
1567.74	145.556
1569.89	144.667
1572.04	149.556
1574.19	142.667
1576.34	148.444
1578.49	144
1580.64	153.333
1582.79	148.667
1584.94	144.667
1587.08	146.222
1589.23	143.778
1591.37	145.333
1593.52	146.889
1595.66	145.333
1597.81	142.222
1599.95	140
1602.09	141.111
1604.23	144.667
1606.37	147.778
1608.51	144
1610.65	146.889
1612.79	141.333
1614.93	138.889
1617.07	140.444
1619.21	145.778
1621.34	144.667
1623.48	145.778
1625.61	145.778
1627.75	148.889
1629.88	149.111
1632.01	149.556
1634.15	145.778
1636.28	150.889
1638.41	154.444
1640.54	155.111
1642.67	164.889
1644.8	174.222
1646.93	178
1649.05	188.889
1651.18	208
1653.31	239.778
1655.43	258.444
1657.56	275.556
1659.68	291.778
1661.81	295.778
1663.93	294.667
1666.05	290.222
1668.17	293.778
1670.3	280.444
1672.42	270.667
1674.54	260.444
1676.66	252.444
1678.77	248.667
1680.89	233.778
1683.01	227.556
1685.13	208.667
1687.24	195.333
1689.36	185.111
1691.47	181.111
1693.59	171.333
1695.7	163.778
1697.81	150.444
1699.92	151.333
1702.04	153.556
1704.15	147.778
1706.26	143.556
1708.37	143.111
1710.47	140.222
1712.58	142.667
1714.69	146.444
1716.8	144.444
1718.9	144
1721.01	143.556
1723.11	146.444
1725.22	146
1727.32	149.111
1729.42	145.778
1731.53	143.333
1733.63	148.667
1735.73	140.444
1737.83	142.222
1739.93	137.333
1742.03	140.444
1744.13	138.667
1746.23	135.778
1748.32	134
1750.42	131.333
1752.52	137.556
1754.61	143.111
1756.71	129.556
1758.8	138.667
1760.89	135.556
1762.99	138.889
1765.08	136.222
1767.17	133.778
1769.26	135.556
1771.35	132.667
1773.44	132.667
1775.53	128.889
1777.62	130.889
1779.71	134.444
1781.79	134.444
1783.88	132.889
1785.96	132.889
1788.05	132.889
1790.13	133.111
1792.22	132.667
1794.3	137.111
1796.38	135.778
1798.47	140
1800.55	132.667
1802.63	134
1804.71	129.778
1806.79	133.778
1808.87	130.444
1810.95	133.333
1813.02	132
1815.1	138.667
1817.18	131.111
1819.25	131.333
1821.33	133.778
1823.4	134.444
1825.47	131.556
1827.55	133.111
1829.62	134.667
1831.69	135.333
1833.76	134
1835.83	137.778
1837.9	140.222
1839.97	137.111
1842.04	132.444
1844.11	136
1846.18	133.556
1848.24	130
1850.31	136
1852.38	135.556
1854.44	136.222
1856.51	137.111
1858.57	129.556
1860.63	131.556
1862.69	136.667
1864.76	130.222
1866.82	131.556
1868.88	134.444
1870.94	138.222
1873	133.111
1875.06	132.222
1877.11	136
1879.17	136.889
1881.23	136.667
1883.28	136.222
1885.34	135.333
1887.4	131.111
1889.45	136.222
1891.5	136.222
1893.56	134.889
1895.61	131.111
1897.66	131.333
1899.71	136.667
1901.76	138
1903.81	135.556
1905.86	138.889
1907.91	135.778
1909.96	140.889
1912.01	142.444
1914.05	140.889
1916.1	137.333
1918.15	134.222
1920.19	138.889
1922.23	136.889
1924.28	136
1926.32	136.222
1928.36	134
1930.41	136.889
1932.45	136
1934.49	137.556
1936.53	136
1938.57	133.333
1940.61	138.222
1942.64	136.889
1944.68	136
1946.72	133.556
1948.76	136.222
1950.79	138.444
1952.83	140.444
1954.86	136.444
1956.89	138
1958.93	137.778
1960.96	135.556
1962.99	135.556
1965.03	131.778
1967.06	138.222
1969.09	134.444
1971.12	133.111
1973.14	139.111
1975.17	133.111
1977.2	137.556
1979.23	139.778
1981.25	137.778
1983.28	139.333
1985.31	139.778
1987.33	140.444
1989.36	139.556
1991.38	135.778
1993.4	141.556
1995.42	140.222
1997.45	144.444
1999.47	145.556
2001.49	138.444
2003.51	144.889
2005.53	143.556
2007.55	140.222
2009.56	148.444
2011.58	143.111
2013.6	149.778
2015.61	147.333
2017.63	146.444
2019.65	146.444
2021.66	144.667
2023.67	144.222
2025.69	148.889
2027.7	145.111
2029.71	142.667
2031.72	143.111
2033.73	137.556
2035.74	141.333
2037.75	136.667
2039.76	139.778
2041.77	140.889
2043.78	145.333
2045.79	139.556
2047.79	137.778
2049.8	140.667
2051.8	135.111
2053.81	142
2055.81	142.889
2057.82	141.333
2059.82	140.889
2061.82	138.667
2063.82	138
2065.83	134.889
2067.83	144.889
2069.83	140.667
2071.83	142.444
2073.82	139.778
2075.82	139.333
2077.82	141.111
2079.82	138.222
2081.81	141.111
2083.81	137.333
2085.8	135.556
2087.8	141.111
2089.79	137.111
2091.79	138
2093.78	142
2095.77	143.778
2097.76	138.222
2099.76	145.333
2101.75	140.889
2103.74	140.444
2105.72	138.222
2107.71	138.667
2109.7	144.889
2111.69	138.667
2113.68	143.111
2115.66	143.333
2117.65	144.667
2119.63	141.333
2121.62	136.889
2123.6	140.889
2125.59	143.556
2127.57	146
2129.55	146.444
2131.53	144.889
2133.51	143.333
2135.49	139.111
2137.47	142.444
2139.45	144
2141.43	134.222
2143.41	140.667
2145.39	139.111
2147.36	137.333
2149.34	145.333
2151.32	143.333
2153.29	138.889
2155.27	141.111
2157.24	140.222
2159.21	140.222
2161.19	139.556
2163.16	144.444
2165.13	141.556
2167.1	145.556
2169.07	140.444
2171.04	140
2173.01	140.222
2174.98	142.444
2176.95	138.444
2178.92	143.556
2180.88	140.667
2182.85	143.111
2184.81	144.222
2186.78	143.333
2188.74	146.444
2190.71	143.556
2192.67	139.556
2194.63	141.333
2196.6	139.778
2198.56	139.778
2200.52	142.889
2202.48	144.667
2204.44	146.444
2206.4	145.333
2208.36	142.889
2210.32	148.222
2212.28	139.778
2214.23	140.889
2216.19	140
2218.14	137.111
2220.1	141.778
2222.05	139.778
2224.01	137.778
2225.96	143.556
2227.91	136.667
2229.87	143.111
2231.82	143.333
2233.77	144.889
2235.72	140
2237.67	139.111
2239.62	133.556
2241.57	146
2243.52	139.556
2245.47	142.444
2247.41	141.556
2249.36	139.333
2251.31	141.111
2253.25	138.889
2255.2	142.444
2257.14	143.778
2259.09	140.667
2261.03	143.778
2262.97	140.222
2264.91	141.111
2266.85	142.222
2268.8	141.333
2270.74	140.667
2272.68	140.889
2274.61	138.889
2276.55	142.667
2278.49	146.222
2280.43	143.111
2282.37	142.222
2284.3	138
2286.24	139.556
2288.17	144
2290.11	139.778
2292.04	141.778
2293.98	146.222
2295.91	140.444
2297.84	140.889
2299.77	145.333
2301.7	146
2303.64	139.778
2305.56	142
2307.49	144.667
2309.42	146.222
2311.35	144.222
2313.28	143.111
2315.21	143.556
2317.13	143.111
2319.06	142.667
2320.99	142
2322.91	137.333
2324.84	148.667
2326.76	145.333
2328.68	140.667
2330.6	142.667
2332.53	141.556
2334.45	139.778
2336.37	143.778
2338.29	141.556
2340.21	144
2342.13	145.333
2344.05	142.889
2345.97	142
2347.89	142.889
2349.8	138
2351.72	142.444
2353.63	140.222
2355.55	146.667
2357.47	139.111
2359.38	143.333
2361.29	139.333
2363.21	139.778
2365.12	138.889
2367.03	139.111
2368.94	142
2370.85	138.222
2372.76	139.778
2374.67	141.333
2376.58	140
2378.49	141.333
2380.4	148.444
2382.31	140.222
2384.21	146.222
2386.12	145.778
2388.03	142.889
2389.93	143.778
2391.84	142
2393.74	139.778
2395.64	139.111
2397.55	142.444
2399.45	137.778
2401.35	138.444
2403.25	145.778
2405.15	142
2407.05	146.222
2408.95	142.667
2410.85	140.222
2412.75	149.333
2414.65	140.222
2416.55	142.889
2418.45	148.222
2420.34	152
2422.24	143.556
2424.13	143.333
2426.03	142
2427.92	146
2429.82	145.333
2431.71	145.333
2433.6	149.556
2435.49	146.889
2437.39	149.778
2439.28	148.222
2441.17	144.667
2443.06	149.333
2444.95	149.333
2446.83	153.333
2448.72	146.222
2450.61	148.444
2452.5	150.444
2454.39	152.889
