178.677	756.889
181.278	750.667
183.879	750.889
186.48	752.889
189.078	751.778
191.677	762.889
194.275	754.222
196.871	758.667
199.467	745.556
202.061	758.889
204.656	768.889
207.248	773.556
209.841	782.667
212.431	780.444
215.022	793.111
217.613	786.667
220.201	798.444
222.789	783.333
225.375	816
227.962	798.222
230.547	803.111
233.13	805.556
235.714	823.556
238.296	829.333
240.879	821.778
243.459	809.111
246.04	809.111
248.618	802.889
251.196	808.889
253.774	796
256.35	794.222
258.927	784.222
261.501	766.889
264.074	765.111
266.648	756.444
269.22	751.111
271.791	735.778
274.362	730
276.931	728
279.5	733.778
282.069	718.667
284.635	711.556
287.201	719.555
289.766	724.444
292.331	713.111
294.894	718.667
297.457	715.556
300.018	711.778
302.58	703.556
305.14	719.556
307.699	700
310.257	703.778
312.814	704.444
315.372	714.222
317.928	694
320.482	704.444
323.036	715.333
325.589	699.556
328.142	713.778
330.693	721.111
333.243	710.445
335.795	698.889
338.343	716.222
340.891	721.778
343.439	724.889
345.985	718.222
348.53	721.333
351.075	730.444
353.619	716.667
356.162	730
358.704	704.222
361.245	727.111
363.786	733.333
366.325	721.778
368.864	736
371.402	720.444
373.939	738.222
376.475	735.556
379.011	754.222
381.545	770.889
384.079	738.667
386.612	735.111
389.144	729.333
391.674	728.444
394.204	718.222
396.734	717.333
399.263	725.556
401.791	728
404.318	726.889
406.844	741.333
409.368	761.778
411.893	779.778
414.417	801.333
416.94	793.556
419.462	788.667
421.982	787.556
424.502	774
427.022	762.444
429.541	759.778
432.057	747.333
434.574	749.556
437.091	765.556
439.606	763.333
442.12	759.333
444.634	738.445
447.147	735.333
449.657	737.333
452.169	739.556
454.68	742
457.188	743.778
459.697	754.444
462.205	745.556
464.711	756.222
467.217	740.444
469.722	740.667
472.227	733.333
474.731	746.889
477.232	742.889
479.735	748
482.235	740.889
484.736	738.667
487.234	746.222
489.734	737.111
492.23	747.111
494.728	739.333
497.223	734.222
499.719	736.667
502.213	744.889
504.707	741.333
507.199	728.444
509.692	738.222
512.182	743.778
514.673	737.333
517.162	746.222
519.65	739.333
522.139	752.222
524.625	742
527.112	737.778
529.597	733.111
532.081	734.889
534.565	732.889
537.047	731.111
539.529	737.556
542.011	730.889
544.491	745.333
546.97	748.667
549.45	741.111
551.927	738.667
554.404	736.444
556.88	729.778
559.356	724.222
561.831	751.556
564.304	747.333
566.777	742.667
569.25	747.333
571.721	735.333
574.191	736.667
576.661	736
579.129	743.778
581.599	728.889
584.066	734.667
586.532	744.445
588.997	730.889
591.462	738.444
593.926	756
596.389	739.111
598.851	742.222
601.314	747.111
603.775	751.333
606.235	748.222
608.694	756.667
611.152	747.556
613.609	761.778
616.066	772.444
618.522	754.444
620.977	758
623.431	761.111
625.885	749.778
628.338	745.111
630.79	750.222
633.241	746.222
635.691	748.667
638.141	755.111
640.589	756.444
643.036	766.444
645.483	759.333
647.929	755.556
650.375	754
652.82	760.667
655.264	751.556
657.707	748
660.149	748.444
662.59	747.778
665.031	742.222
667.471	751.778
669.91	742.889
672.349	750.444
674.786	744.667
677.222	743.111
679.658	737.556
682.093	742.222
684.528	761.111
686.96	754.444
689.393	761.111
691.826	774.667
694.256	753.556
696.686	750.889
699.116	738.667
701.545	744.222
703.972	743.556
706.4	740
708.826	729.556
711.251	754.667
713.676	743.556
716.099	746.889
718.523	754.222
720.946	742.222
723.366	748.444
725.788	742.667
728.207	763.333
730.627	747.111
733.044	756.667
735.462	749.111
737.88	748.222
740.295	755.333
742.711	736.889
745.125	737.111
747.539	744.222
749.951	731.556
752.363	734.667
754.775	730.889
757.185	729.556
759.595	734.667
762.003	727.556
764.412	739.333
766.819	736
769.225	745.555
771.632	731.333
774.036	741.556
776.441	729.556
778.844	721.555
781.246	740.444
783.649	746.222
786.05	735.778
788.449	735.111
790.85	728.667
793.248	747.778
795.646	753.778
798.042	734.444
800.44	743.778
802.835	747.556
805.23	742.889
807.623	756.222
810.018	743.556
812.41	746.222
814.801	745.778
817.192	729.333
819.582	744
821.972	746.222
824.361	739.333
826.748	753.778
829.135	744
831.521	746.222
833.907	735.778
836.291	755.778
838.675	747.778
841.059	737.778
843.442	743.333
845.823	759.333
848.204	746.667
850.584	732.444
852.963	747.333
855.342	740
857.72	736.667
860.097	745.333
862.473	739.111
864.848	739.778
867.223	745.333
869.597	753.778
871.97	740.889
874.343	745.556
876.714	738.222
879.084	742.444
881.454	758
883.824	741.556
886.192	742.889
888.56	747.333
890.927	743.111
893.294	740.222
895.66	745.111
898.023	754.444
900.387	748.444
902.751	740
905.114	744.444
907.476	736.889
909.835	740.444
912.196	741.556
914.555	742.667
916.914	731.556
919.271	737.556
921.629	739.111
923.985	747.333
926.341	733.556
928.695	743.333
931.05	744.222
933.404	744.222
935.755	734.889
938.107	742.444
940.459	725.778
942.808	726.444
945.158	738.889
947.508	751.555
949.855	737.778
952.202	742.889
954.548	747.556
956.894	745.556
959.239	737.333
961.583	768.889
963.928	741.111
966.27	755.111
968.612	749.556
970.953	753.556
973.294	750.444
975.633	750.222
977.972	757.333
980.31	748.889
982.647	752.444
984.984	758.667
987.32	747.778
989.656	756
991.989	759.333
994.324	807.333
996.656	880.889
998.988	899.556
1001.32	828
1003.65	783.333
1005.98	758.445
1008.31	747.778
1010.64	745.778
1012.97	742.444
1015.29	758.444
1017.62	782.444
1019.94	805.778
1022.27	831.111
1024.59	800.667
1026.92	771.778
1029.24	760.444
1031.56	749.111
1033.88	762
1036.2	760.222
1038.52	747.778
1040.84	757.111
1043.16	743.111
1045.48	752.667
1047.79	753.778
1050.11	763.556
1052.42	760.222
1054.74	768.444
1057.05	767.111
1059.36	782.667
1061.67	793.556
1063.99	808.667
1066.3	847.333
1068.61	879.333
1070.92	890
1073.22	898.667
1075.53	897.111
1077.84	880
1080.15	854.222
1082.45	832.667
1084.76	824
1087.06	821.778
1089.36	821.111
1091.66	825.333
1093.97	836.222
1096.27	860.667
1098.57	857.556
1100.87	846.889
1103.17	830.667
1105.46	822.667
1107.76	823.556
1110.06	828.667
1112.35	821.778
1114.65	833.333
1116.94	827.556
1119.24	835.556
1121.53	832.222
1123.82	841.778
1126.11	839.333
1128.4	836.444
1130.7	825.778
1132.98	807.556
1135.27	813.778
1137.56	810.889
1139.85	807.556
1142.13	827.555
1144.42	823.111
1146.71	844.667
1148.99	828.667
1151.27	836.889
1153.56	849.111
1155.84	858.889
1158.12	836.222
1160.4	837.111
1162.68	800.444
1164.96	814.444
1167.24	818
1169.51	803.333
1171.79	794.667
1174.07	805.333
1176.34	813.333
1178.62	797.556
1180.89	811.333
1183.17	788.667
1185.44	783.111
1187.71	776.222
1189.98	776.445
1192.25	771.556
1194.52	776.889
1196.79	770.667
1199.06	774.667
1201.33	783.778
1203.59	776
1205.86	768.667
1208.12	769.556
1210.39	754.667
1212.65	763.333
1214.92	768.444
1217.18	753.556
1219.44	760.444
1221.7	771.778
1223.96	770.667
1226.22	784.667
1228.48	774.667
1230.74	776.667
1233	771.556
1235.25	769.556
1237.51	775.111
1239.77	773.778
1242.02	762.667
1244.27	766
1246.53	756
1248.78	777.333
1251.03	767.778
1253.28	792.222
1255.53	776.444
1257.78	768
1260.03	772
1262.28	769.111
1264.53	775.556
1266.78	778.667
1269.02	795.556
1271.27	779.778
1273.51	783.556
1275.76	780.667
1278	780.222
1280.24	795.111
1282.48	774
1284.72	778.667
1286.97	782.222
1289.21	778.222
1291.44	783.111
1293.68	777.111
1295.92	774.445
1298.16	778.889
1300.39	769.556
1302.63	776.222
1304.86	772.889
1307.1	764.444
1309.33	746
1311.56	775.333
1313.8	764.889
1316.03	780.889
1318.26	760.667
1320.49	772
1322.72	777.333
1324.95	778.667
1327.17	772.222
1329.4	776.889
1331.63	770.889
1333.85	766.222
1336.08	791.555
1338.3	788
1340.53	774.667
1342.75	778.889
1344.97	770
1347.19	785.111
1349.41	774.667
1351.63	774.667
1353.85	760.889
1356.07	775.333
1358.29	765.778
1360.51	752.444
1362.72	751.555
1364.94	749.333
1367.16	766.667
1369.37	761.778
1371.58	780.444
1373.8	776.889
1376.01	770.222
1378.22	783.778
1380.43	784.444
1382.64	773.111
1384.85	763.333
1387.06	764.222
1389.27	757.333
1391.48	748.444
1393.68	753.333
1395.89	756.889
1398.1	739.111
1400.3	746.222
1402.51	728.444
1404.71	738
1406.91	754.667
1409.11	748.222
1411.32	763.111
1413.52	763.333
1415.72	746.889
1417.92	759.556
1420.11	770.889
1422.31	748.444
1424.51	755.778
1426.71	751.333
1428.9	756.889
1431.1	757.556
1433.29	745.556
1435.49	755.778
1437.68	744.444
1439.87	758.444
1442.06	756.222
1444.25	764.222
1446.45	761.556
1448.64	776.667
1450.82	782.222
1453.01	780.667
1455.2	786.222
1457.39	810.444
1459.57	797.333
1461.76	817.111
1463.94	814.444
1466.13	821.111
1468.31	817.556
1470.5	832.444
1472.68	845.556
1474.86	826
1477.04	838.667
1479.22	836.222
1481.4	837.778
1483.58	841.778
1485.76	840.444
1487.94	841.556
1490.11	822
1492.29	832.444
1494.46	831.333
1496.64	837.555
1498.81	827.333
1500.99	835.333
1503.16	819.556
1505.33	812.889
1507.5	819.111
1509.67	821.555
1511.84	805.111
1514.01	807.333
1516.18	804.222
1518.35	827.556
1520.52	818.667
1522.68	833.333
1524.85	829.111
1527.02	823.333
1529.18	833.778
1531.35	834.222
1533.51	834.444
1535.67	836.667
1537.83	842.444
1539.99	854.889
1542.16	856.222
1544.31	854.889
1546.47	882.667
1548.63	871.556
1550.79	878.889
1552.95	881.778
1555.11	893.556
1557.26	878
1559.42	881.778
1561.57	885.778
1563.73	907.556
1565.88	902
1568.03	936.222
1570.18	945.778
1572.34	976.222
1574.49	959.556
1576.64	934.667
1578.79	918.667
1580.93	879.111
1583.08	857.778
1585.23	855.333
1587.38	822.889
1589.52	814.667
1591.67	820.889
1593.81	805.556
1595.96	811.111
1598.1	812.444
1600.24	802.889
1602.38	810.222
1604.53	789.556
1606.67	786.667
1608.81	776.889
1610.95	766.889
1613.09	769.333
1615.22	761.556
1617.36	735.556
1619.5	727.333
1621.63	711.111
1623.77	710.889
1625.9	711.556
1628.04	701.111
1630.17	689.111
1632.3	693.333
1634.44	680.445
1636.57	690.445
1638.7	680.889
1640.83	661.111
1642.96	669.333
1645.09	660
1647.22	650.222
1649.34	654.222
1651.47	645.111
1653.6	653.333
1655.72	652
1657.85	652.667
1659.97	641.556
1662.1	649.555
1664.22	640.667
1666.34	640.222
1668.46	632.667
1670.58	634.667
1672.7	631.333
1674.82	629.333
1676.94	630.444
1679.06	629.333
1681.18	630.667
1683.3	616.667
1685.41	628.667
1687.53	621.111
1689.64	619.778
1691.76	622.222
1693.87	610.222
1695.99	617.778
1698.1	614
1700.21	623.111
1702.32	615.333
1704.43	618.444
1706.54	608.889
1708.65	619.111
1710.76	611.778
1712.87	607.778
1714.98	607.778
1717.08	614.222
1719.19	602.889
1721.29	617.111
1723.4	607.556
1725.5	608.222
1727.61	601.333
1729.71	611.556
1731.81	596.667
1733.91	596.444
1736.02	594
1738.12	587.778
1740.22	606
1742.31	594.445
1744.41	600
1746.51	593.778
1748.61	580.444
1750.7	586.444
1752.8	594.444
1754.9	593.778
1756.99	596.444
1759.08	573.778
1761.18	594.667
1763.27	582.444
1765.36	585.333
1767.45	581.111
1769.54	582.667
1771.63	581.778
1773.72	573.111
1775.81	576.667
1777.9	580.444
1779.99	575.778
1782.08	584.222
1784.16	570
1786.25	582
1788.33	584
1790.42	574.889
1792.5	569.778
1794.58	586
1796.67	583.111
1798.75	567.333
1800.83	566.222
1802.91	571.333
1804.99	571.111
1807.07	563.778
1809.15	576.444
1811.23	563.333
1813.3	575.556
1815.38	570.667
1817.46	566
1819.53	562.445
1821.61	566
1823.68	559.778
1825.75	573.556
1827.83	562.222
1829.9	554.444
1831.97	558
1834.04	570.667
1836.11	555.778
1838.18	562.889
1840.25	548.444
1842.32	557.111
1844.39	548.889
1846.46	557.778
1848.52	546
1850.59	547.333
1852.65	550.889
1854.72	557.556
1856.78	551.333
1858.85	553.778
1860.91	538.667
1862.97	532.222
1865.03	549.333
1867.09	538.889
1869.16	541.333
1871.22	550.222
1873.27	548.444
1875.33	542.889
1877.39	540.222
1879.45	539.556
1881.51	536.667
1883.56	543.111
1885.62	540.222
1887.67	532.222
1889.73	532
1891.78	535.111
1893.83	553.111
1895.89	524.444
1897.94	538
1899.99	537.556
1902.04	548.222
1904.09	539.111
1906.14	534.889
1908.19	540.222
1910.23	537.333
1912.28	527.556
1914.33	538.667
1916.37	534.889
1918.42	534.889
1920.46	541.333
1922.51	530.889
1924.55	519.556
1926.6	534
1928.64	538.222
1930.68	520.889
1932.72	531.111
1934.76	530.222
1936.8	536
1938.84	522.889
1940.88	535.111
1942.92	524.222
1944.96	522
1946.99	525.556
1949.03	529.778
1951.06	518.444
1953.1	516.889
1955.13	521.778
1957.17	523.778
1959.2	518.667
1961.23	515.111
1963.27	525.111
1965.3	512
1967.33	515.778
1969.36	509.556
1971.39	510
1973.42	504.222
1975.44	516.222
1977.47	508.444
1979.5	512.889
1981.53	515.778
1983.55	506.667
1985.58	501.556
1987.6	504.222
1989.63	513.556
1991.65	496.222
1993.67	510.889
1995.69	490.222
1997.72	497.556
1999.74	494.222
2001.76	508.889
2003.78	507.778
2005.8	514
2007.82	512.444
2009.83	518.667
2011.85	508
2013.87	494.889
2015.88	503.778
2017.9	502.222
2019.91	492.444
2021.93	506.222
2023.94	504
2025.96	509.556
2027.97	492.889
2029.98	485.111
2031.99	495.111
2034	506.444
2036.01	510.889
2038.02	496.222
2040.03	496.889
2042.04	493.333
2044.05	490.444
2046.05	488.667
2048.06	490.889
2050.07	493.556
2052.07	494.889
2054.08	493.778
2056.08	496.444
2058.08	496
2060.09	487.556
2062.09	490
2064.09	490.222
2066.09	489.111
2068.09	501.333
2070.09	496.667
2072.09	474.222
2074.09	480.222
2076.09	490.222
2078.09	481.111
2080.08	481.333
2082.08	490.889
2084.08	484.667
2086.07	472.444
2088.07	476.889
2090.06	487.111
2092.05	485.111
2094.05	477.778
2096.04	478.667
2098.03	468.444
2100.02	476
2102.01	469.556
2104	473.111
2105.99	475.556
2107.98	481.111
2109.97	480
2111.95	475.111
2113.94	472
2115.93	475.778
2117.91	476.222
2119.9	476.889
2121.88	473.778
2123.87	467.111
2125.85	472
2127.83	463.111
2129.81	468.889
2131.8	460.444
2133.78	464
2135.76	475.111
2137.74	470
2139.72	470.667
2141.69	461.778
2143.67	465.333
2145.65	466.889
2147.63	461.333
2149.6	461.333
2151.58	470
2153.55	466.889
2155.53	462.444
2157.5	463.333
2159.48	455.556
2161.45	465.111
2163.42	468
2165.39	457.778
2167.36	450.444
2169.33	445.111
2171.3	450.222
2173.27	451.778
2175.24	447.556
2177.21	463.111
2179.18	454.889
2181.14	452
2183.11	453.111
2185.07	437.111
2187.04	462
2189	456.667
2190.97	443.111
2192.93	440.444
2194.89	446.667
2196.86	451.333
2198.82	446
2200.78	440.222
2202.74	443.111
2204.7	446.889
2206.66	444.444
2208.62	441.333
2210.57	440
2212.53	445.778
2214.49	440
2216.45	447.111
2218.4	445.333
2220.36	448.444
2222.31	439.111
2224.27	437.778
2226.22	447.778
2228.17	443.111
2230.12	440.222
2232.08	436.222
2234.03	434.444
2235.98	438.889
2237.93	446
2239.88	430.222
2241.83	437.333
2243.78	434.444
2245.72	438
2247.67	428.222
2249.62	437.556
2251.56	423.556
2253.51	428.889
2255.45	436.889
2257.4	426.667
2259.34	422
2261.28	423.778
2263.23	428
2265.17	416
2267.11	419.111
2269.05	423.111
2270.99	427.111
2272.93	418.667
2274.87	419.111
2276.81	424.889
2278.75	417.111
2280.68	411.111
2282.62	421.778
2284.56	421.111
2286.49	424.222
2288.43	404.667
2290.36	422.667
2292.3	414.667
2294.23	414.667
2296.16	418.667
2298.09	405.556
2300.03	406.667
2301.96	410.667
2303.89	403.556
2305.82	411.111
2307.75	410.444
2309.68	410.444
2311.6	400
2313.53	405.778
2315.46	398.889
2317.39	401.111
2319.31	416.222
2321.24	402.444
2323.16	394.667
2325.09	404.444
2327.01	392.667
2328.93	402.222
2330.86	402.889
2332.78	401.556
2334.7	406.222
2336.62	396.222
2338.54	394.667
2340.46	400.222
2342.38	390.667
2344.3	398.667
2346.22	397.556
2348.14	395.111
2350.05	392.444
2351.97	400
2353.89	385.778
2355.8	389.778
2357.71	392.889
2359.63	388.889
2361.54	387.556
2363.46	380.444
2365.37	384.667
2367.28	386.444
2369.19	390.667
2371.1	387.111
2373.01	387.556
2374.92	384.667
2376.83	390.889
2378.74	381.333
2380.65	386.444
2382.56	385.333
2384.46	378
2386.37	385.333
2388.27	385.556
2390.18	387.778
2392.08	388.222
2393.99	381.556
2395.89	382.889
2397.8	381.556
2399.7	375.111
2401.6	386.889
2403.5	373.778
2405.4	377.111
2407.3	375.778
2409.2	380.889
2411.1	380.444
2413	383.333
2414.9	374.444
2416.8	376.667
2418.69	376.889
2420.59	375.111
2422.48	372.222
2424.38	371.111
2426.28	370.444
2428.17	372.444
2430.06	378
2431.96	370
2433.85	374.667
2435.74	376.222
2437.63	380.444
2439.52	372.889
2441.41	370.889
2443.3	371.778
2445.19	371.778
2447.08	366.222
