176.817	648.889
179.42	646.889
182.022	645.111
184.622	635.333
187.223	639.778
189.821	633.333
192.419	634.444
195.017	640.444
197.612	641.333
200.208	638.667
202.802	635.111
205.397	632
207.99	643.556
210.581	648.667
213.173	657.556
215.762	655.111
218.352	658.444
220.94	675.778
223.528	685.556
226.114	675.556
228.701	683.333
231.285	686.889
233.87	698.222
236.452	697.111
239.034	718.889
241.616	704.667
244.196	711.556
246.777	707.778
249.355	715.111
251.933	741.778
254.511	731.556
257.086	730.444
259.663	721.778
262.237	728.444
264.81	736.444
267.383	725.111
269.955	732.889
272.525	725.111
275.097	717.556
277.665	725.556
280.234	696.222
282.802	693.778
285.368	677.556
287.934	673.111
290.499	675.778
293.064	681.778
295.627	674.222
298.189	650.445
300.75	652.444
303.312	662.222
305.871	660.222
308.43	639.778
310.988	633.556
313.545	623.778
316.101	602.222
318.658	606.444
321.212	594.222
323.766	597.778
326.319	592.222
328.871	593.111
331.422	593.556
333.972	580.445
336.522	577.778
339.072	575.111
341.619	584.889
344.166	574.222
346.712	584.889
349.258	583.556
351.802	584
354.346	586.444
356.888	588.444
359.43	587.556
361.971	580.889
364.511	584.667
367.051	578.667
369.589	588
372.127	580
374.664	594.889
377.2	595.111
379.735	610.444
382.27	604.444
384.802	585.333
387.334	596.667
389.866	592.667
392.397	578.444
394.927	581.333
397.457	581.333
399.985	580.444
402.513	575.778
405.038	577.111
407.565	574.444
410.09	587.778
412.614	581.333
415.138	587.333
417.66	585.333
420.181	594.444
422.702	585.556
425.222	588.889
427.742	594.222
430.259	589.333
432.777	595.333
435.294	592.444
437.81	594.889
440.324	598.889
442.838	583.778
445.352	590.667
447.863	580.667
450.375	582.667
452.887	579.111
455.395	580.889
457.905	582.889
460.414	602.222
462.92	584.444
465.427	586.444
467.932	592.889
470.438	585.333
472.942	593.333
475.445	591.111
477.948	587.333
480.448	601.333
482.95	590.222
485.449	594.667
487.949	597.333
490.446	585.333
492.944	588
495.44	580
497.937	592.889
500.431	584.444
502.926	586.889
505.418	594.222
507.912	586
510.403	584.444
512.894	596
515.384	585.778
517.874	602.222
520.361	605.333
522.848	590.222
525.336	598
527.821	598.667
530.306	590.889
532.791	596.889
535.274	599.111
537.756	594
540.238	595.778
542.719	588.444
545.199	585.556
547.679	588.889
550.157	591.333
552.634	589.333
555.112	578.889
557.588	590.222
560.063	584.889
562.537	586.222
565.011	598.889
567.484	595.333
569.955	596.444
572.426	596.444
574.896	601.556
577.367	588.889
579.835	593.778
582.303	590
584.77	596.889
587.236	596.444
589.701	596.222
592.165	594.667
594.629	600.667
597.093	608.667
599.555	612.222
602.016	596.667
604.477	596.667
606.936	588.222
609.395	610.889
611.853	615.111
614.311	626.889
616.767	618.222
619.223	621.555
621.678	623.556
624.132	621.333
626.585	602
629.037	614.889
631.489	624
633.94	609.556
636.39	616.222
638.839	611.111
641.288	634.667
643.736	622.444
646.183	606.222
648.627	626
651.073	629.778
653.517	616.667
655.961	624
658.404	616
660.846	614.444
663.288	621.556
665.727	624
668.167	612
670.606	600.667
673.044	609.556
675.482	615.111
677.917	605.556
680.353	606
682.788	608.222
685.222	616.667
687.655	624.889
690.087	604.667
692.519	616.667
694.951	615.556
697.38	612.889
699.809	609.111
702.238	623.778
704.665	615.333
707.092	620.889
709.519	616
711.943	626.222
714.368	623.333
716.791	624.222
719.214	626.889
721.637	623.333
724.058	616.222
726.479	626.444
728.898	617.111
731.317	611.111
733.734	616.667
736.152	611.556
738.568	612.222
740.985	610.667
743.399	606.667
745.814	608
748.227	616.444
750.64	594.667
753.051	609.556
755.463	614.667
757.872	610.222
760.283	607.111
762.691	610.444
765.098	610
767.506	600.889
769.912	621.111
772.318	612
774.722	613.333
777.126	618.222
779.53	619.333
781.932	610.889
784.333	619.778
786.735	641.333
789.135	642.667
791.533	628.444
793.933	631.556
796.33	631.333
798.727	604.667
801.123	634.444
803.519	622
805.913	629.556
808.307	636
810.699	644.444
813.093	626.889
815.484	644.445
817.874	649.556
820.264	647.111
822.653	637.333
825.041	647.778
827.43	652
829.817	642
832.203	640
834.588	631.778
836.972	640.667
839.356	646.222
841.738	634.889
844.12	631.111
846.502	638
848.882	652.889
851.262	645.778
853.641	651.333
856.02	665.333
858.397	648.222
860.774	679.556
863.15	673.333
865.525	661.111
867.9	671.555
870.273	649.333
872.646	668.222
875.019	645.333
877.39	652.889
879.761	665.556
882.131	649.778
884.5	647.556
886.869	641.778
889.236	645.333
891.602	642.222
893.968	647.111
896.334	648.222
898.698	639.778
901.062	640.667
903.426	640
905.787	626.667
908.148	621.555
910.509	638.444
912.87	640.889
915.228	634.222
917.587	625.556
919.945	637.333
922.302	625.333
924.657	637.778
927.013	651.778
929.368	629.778
931.721	645.778
934.074	642.889
936.427	636.222
938.778	652.222
941.129	632.222
943.479	651.778
945.828	640.222
948.177	645.333
950.524	637.333
952.871	632.444
955.218	639.111
957.563	631.556
959.908	633.556
962.252	630.667
964.595	625.778
966.937	633.778
969.28	644.444
971.62	624.889
973.961	635.778
976.3	621.778
978.639	625.778
980.976	631.333
983.314	631.778
985.65	632
987.987	630.889
990.321	639.556
992.655	637.556
994.989	645.778
997.321	642.889
999.653	656.222
1001.98	649.333
1004.31	659.333
1006.65	644.889
1008.97	640.889
1011.3	628.667
1013.63	634.667
1015.96	642
1018.28	642.667
1020.61	636.667
1022.93	632
1025.26	645.778
1027.58	650.667
1029.9	633.556
1032.22	639.333
1034.54	652
1036.86	641.333
1039.18	641.111
1041.5	634.667
1043.82	628.889
1046.14	636.889
1048.45	638.667
1050.77	639.556
1053.08	644.667
1055.4	648.222
1057.71	644.889
1060.02	656.444
1062.33	646.889
1064.64	653.556
1066.96	642.667
1069.27	645.556
1071.57	656.444
1073.88	661.111
1076.19	661.556
1078.5	665.111
1080.8	671.778
1083.11	669.111
1085.41	690.222
1087.72	683.556
1090.02	693.778
1092.32	694
1094.62	715.111
1096.92	715.555
1099.22	709.333
1101.52	711.333
1103.82	687.778
1106.12	695.111
1108.42	699.111
1110.71	717.556
1113.01	704.222
1115.3	717.556
1117.6	735.556
1119.89	736.444
1122.18	740.889
1124.48	749.555
1126.77	740.667
1129.06	733.778
1131.35	751.778
1133.64	734.889
1135.93	739.556
1138.21	734
1140.5	739.111
1142.79	750
1145.07	740.667
1147.36	773.556
1149.64	782.667
1151.92	765.778
1154.21	786.667
1156.49	783.778
1158.77	782.889
1161.05	765.778
1163.33	768.667
1165.61	771.556
1167.89	758.889
1170.16	731.333
1172.44	748.222
1174.72	747.778
1176.99	741.556
1179.27	742.444
1181.54	733.556
1183.81	733.778
1186.09	746.667
1188.36	749.556
1190.63	742.889
1192.9	748.444
1195.17	750
1197.44	764.222
1199.71	760
1201.97	740.889
1204.24	772.889
1206.5	763.556
1208.77	758.889
1211.03	771.556
1213.3	784.667
1215.56	787.333
1217.82	781.556
1220.09	798.889
1222.35	791.556
1224.61	788.889
1226.87	807.111
1229.12	804.667
1231.38	811.333
1233.64	815.556
1235.9	816.667
1238.15	823.333
1240.41	825.111
1242.66	824.667
1244.92	827.333
1247.17	831.778
1249.42	842
1251.67	830.222
1253.92	848.667
1256.17	859.333
1258.42	862.667
1260.67	863.778
1262.92	881.778
1265.17	906.222
1267.42	874
1269.66	878
1271.91	873.111
1274.15	859.778
1276.39	881.556
1278.64	850.444
1280.88	856.444
1283.12	851.556
1285.36	843.111
1287.6	838.889
1289.84	840.222
1292.08	847.778
1294.32	837.556
1296.56	851.111
1298.79	855.111
1301.03	847.778
1303.26	855.111
1305.5	876.444
1307.73	892
1309.97	891.778
1312.2	884.222
1314.43	871.333
1316.66	881.333
1318.89	847.778
1321.12	853.778
1323.35	869.778
1325.58	852.222
1327.81	859.778
1330.03	867.333
1332.26	881.111
1334.49	867.778
1336.71	880.667
1338.94	875.111
1341.16	860
1343.38	884.667
1345.6	891.556
1347.83	902.889
1350.05	887.111
1352.27	923.111
1354.49	898.222
1356.7	935.111
1358.92	975.111
1361.14	1018.44
1363.36	1071.56
1365.57	1113.33
1367.79	1176.89
1370	1195.56
1372.21	1168
1374.43	1143.33
1376.64	1076.67
1378.85	1028.22
1381.06	1001.56
1383.27	945.778
1385.48	944
1387.69	928.444
1389.9	913.556
1392.11	896.444
1394.31	886.889
1396.52	866
1398.73	849.778
1400.93	863.111
1403.13	849.333
1405.34	842.444
1407.54	846.222
1409.74	840.222
1411.94	839.556
1414.14	855.333
1416.34	856.667
1418.54	854.444
1420.74	847.333
1422.94	838.444
1425.14	841.778
1427.33	839.111
1429.53	840.889
1431.72	851.111
1433.92	833.556
1436.11	851.778
1438.3	854.444
1440.5	869.333
1442.69	885.333
1444.88	890.667
1447.07	913.778
1449.26	899.333
1451.45	912
1453.64	952.667
1455.82	950
1458.01	941.556
1460.2	953.778
1462.38	947.778
1464.57	939.556
1466.75	939.111
1468.93	947.556
1471.12	940.667
1473.3	965.333
1475.48	953.556
1477.66	972.222
1479.84	957.778
1482.02	952.667
1484.2	944.444
1486.38	916
1488.55	931.333
1490.73	946.889
1492.91	926
1495.08	927.778
1497.26	896
1499.43	904.222
1501.61	903.778
1503.78	901.556
1505.95	904.889
1508.12	920.667
1510.29	923.111
1512.46	913.333
1514.63	917.111
1516.8	936.444
1518.97	925.333
1521.14	929.111
1523.3	938.444
1525.47	952
1527.63	949.778
1529.8	970.444
1531.96	968.667
1534.12	971.111
1536.29	975.111
1538.45	988
1540.61	989.333
1542.77	1005.33
1544.93	1014
1547.09	995.111
1549.25	997.778
1551.41	1008.22
1553.56	987.778
1555.72	996.667
1557.88	1009.11
1560.03	1008.89
1562.18	1018.44
1564.34	1010
1566.49	1037.33
1568.64	1024
1570.8	1024.67
1572.95	1043.11
1575.1	1052.22
1577.25	1066.22
1579.4	1069.56
1581.55	1046
1583.69	1064.44
1585.84	1031.33
1587.99	1031.33
1590.13	1021.56
1592.28	1008.67
1594.42	1015.56
1596.57	1007.78
1598.71	1013.78
1600.85	996.222
1602.99	965.778
1605.14	962.667
1607.28	945.111
1609.42	913.556
1611.56	901.333
1613.69	893.556
1615.83	893.556
1617.97	870.222
1620.11	852.889
1622.24	852.444
1624.38	826.667
1626.51	810.444
1628.65	796.222
1630.78	795.333
1632.91	776.889
1635.04	768.222
1637.17	751.778
1639.31	735.111
1641.44	723.111
1643.57	717.111
1645.69	709.111
1647.82	708.889
1649.95	696.889
1652.08	683.556
1654.2	675.111
1656.33	678.222
1658.45	665.111
1660.58	653.556
1662.7	658
1664.82	656.889
1666.94	643.556
1669.07	644.667
1671.19	638.222
1673.31	633.556
1675.43	618
1677.55	618.444
1679.66	627.778
1681.78	617.333
1683.9	608.667
1686.01	615.778
1688.13	601.556
1690.25	607.555
1692.36	597.778
1694.47	603.556
1696.59	592.444
1698.7	598.667
1700.81	586.889
1702.92	581.333
1705.03	588.222
1707.14	578.444
1709.25	576.667
1711.36	579.778
1713.47	572
1715.58	576.889
1717.68	573.111
1719.79	577.556
1721.89	577.556
1724	567.556
1726.1	562.889
1728.21	566.444
1730.31	565.555
1732.41	562.444
1734.51	567.778
1736.61	560.222
1738.71	555.556
1740.81	566.444
1742.91	557.333
1745.01	549.556
1747.11	549.778
1749.2	554.667
1751.3	536.444
1753.4	548.889
1755.49	530
1757.59	532
1759.68	537.556
1761.77	537.333
1763.86	534.667
1765.96	534.889
1768.05	532
1770.14	532.889
1772.23	528.889
1774.32	539.111
1776.41	526.222
1778.49	519.333
1780.58	517.778
1782.67	516.889
1784.76	526.667
1786.84	520.444
1788.92	514.222
1791.01	523.333
1793.09	521.778
1795.18	518.222
1797.26	521.778
1799.34	529.778
1801.42	519.333
1803.5	516.444
1805.58	518
1807.66	526.444
1809.74	513.778
1811.82	515.778
1813.89	508
1815.97	507.111
1818.05	516
1820.12	514
1822.2	519.555
1824.27	518.445
1826.34	502
1828.42	506.222
1830.49	503.778
1832.56	498
1834.63	509.556
1836.7	505.333
1838.77	499.333
1840.84	502.444
1842.91	498.889
1844.98	495.111
1847.04	502.222
1849.11	489.111
1851.18	490
1853.24	494.222
1855.31	496
1857.37	498.667
1859.43	496.444
1861.5	492
1863.56	490.667
1865.62	496
1867.68	484.444
1869.74	488
1871.8	481.111
1873.86	480
1875.92	480.889
1877.98	480.889
1880.03	487.111
1882.09	485.333
1884.15	497.111
1886.2	485.111
1888.26	485.556
1890.31	478.222
1892.36	490.889
1894.42	480.444
1896.47	479.111
1898.52	485.556
1900.57	486.444
1902.62	484.889
1904.67	476.667
1906.72	488.222
1908.77	489.778
1910.82	489.778
1912.86	486.889
1914.91	478.667
1916.96	478.667
1919	472.667
1921.04	495.556
1923.09	483.778
1925.13	482.889
1927.18	483.333
1929.22	474.667
1931.26	480.444
1933.3	474.444
1935.34	480.667
1937.38	480
1939.42	475.111
1941.46	478.444
1943.5	462
1945.53	470.444
1947.57	475.778
1949.61	474.889
1951.64	469.778
1953.68	466
1955.71	465.778
1957.75	460.667
1959.78	464
1961.81	469.778
1963.84	471.333
1965.87	466.222
1967.9	455.556
1969.93	461.778
1971.96	465.556
1973.99	458.667
1976.02	455.778
1978.05	464.667
1980.07	457.111
1982.1	463.556
1984.13	469.111
1986.15	461.333
1988.18	465.333
1990.2	456.444
1992.22	457.111
1994.25	466.444
1996.27	455.111
1998.29	447.111
2000.31	461.333
2002.33	456.667
2004.35	465.556
2006.37	459.778
2008.39	461.333
2010.41	466.667
2012.42	457.111
2014.44	450
2016.46	456.222
2018.47	454.222
2020.49	441.778
2022.5	466
2024.51	458
2026.53	454.222
2028.54	462.889
2030.55	448
2032.56	454.444
2034.57	452.444
2036.58	463.111
2038.59	453.778
2040.6	458.222
2042.61	449.778
2044.62	454.222
2046.62	445.778
2048.63	443.778
2050.64	452
2052.64	447.556
2054.65	447.111
2056.65	442.222
2058.65	437.111
2060.66	453.111
2062.66	439.111
2064.66	442.222
2066.66	453.556
2068.66	458.667
2070.66	448.444
2072.66	449.778
2074.66	436.444
2076.66	435.556
2078.65	444
2080.65	430.667
2082.65	435.556
2084.64	433.556
2086.64	441.111
2088.63	453.111
2090.63	437.556
2092.62	444.667
2094.61	446.222
2096.6	437.778
2098.59	448.667
2100.59	441.778
2102.58	449.111
2104.56	447.333
2106.55	448.222
2108.54	439.556
2110.53	448
2112.52	449.556
2114.5	448.667
2116.49	449.111
2118.48	457.111
2120.46	465.556
2122.44	469.111
2124.43	475.333
2126.41	469.111
2128.39	459.333
2130.38	471.556
2132.36	481.556
2134.34	476.667
2136.32	471.333
2138.3	471.556
2140.28	475.111
2142.26	482.667
2144.23	469.778
2146.21	476.889
2148.19	461.333
2150.16	469.556
2152.14	474
2154.11	459.778
2156.09	463.333
2158.06	459.111
2160.04	451.333
2162.01	442
2163.98	443.778
2165.95	449.556
2167.92	440.444
2169.89	443.333
2171.86	433.778
2173.83	428.889
2175.8	438.667
2177.77	427.333
2179.73	429.778
2181.7	445.778
2183.67	425.778
2185.63	422.667
2187.6	431.111
2189.56	431.111
2191.53	424
2193.49	431.556
2195.45	422.889
2197.41	430
2199.37	434.667
2201.34	436.222
2203.29	426.667
2205.26	414.667
2207.21	419.556
2209.17	432.667
2211.13	426.889
2213.09	420.889
2215.05	407.556
2217	417.556
2218.96	410.889
2220.91	416.222
2222.87	409.111
2224.82	419.778
2226.77	422.444
2228.73	413.333
2230.68	406.222
2232.63	419.111
2234.58	416.667
2236.53	409.333
2238.48	412.889
2240.43	405.556
2242.38	408.222
2244.33	406.667
2246.27	401.111
2248.22	409.556
2250.17	401.556
2252.11	398.667
2254.06	404
2256	405.778
2257.95	399.556
2259.89	397.556
2261.84	397.778
2263.78	393.111
2265.72	393.778
2267.66	391.778
2269.6	395.556
2271.54	393.778
2273.48	391.111
2275.42	383.333
2277.36	386
2279.3	391.333
2281.23	380.889
2283.17	391.111
2285.11	375.778
2287.04	382.889
2288.98	393.556
2290.91	378.444
2292.84	384
2294.78	375.111
2296.71	384.889
2298.64	384.889
2300.57	381.556
2302.51	379.111
2304.44	379.333
2306.37	371.333
2308.29	382.667
2310.22	380.889
2312.15	378.222
2314.08	370.667
2316.01	378.667
2317.93	374.222
2319.86	378.222
2321.78	373.778
2323.71	375.556
2325.63	372.667
2327.56	378.222
2329.48	379.778
2331.4	378.222
2333.32	373.778
2335.25	370.667
2337.17	370.222
2339.09	368.222
2341.01	368.667
2342.92	374
2344.84	368.889
2346.76	368.444
2348.68	374.222
2350.6	368.444
2352.51	360
2354.43	361.111
2356.34	357.333
2358.26	360.222
2360.17	365.778
2362.09	364
2364	368.667
2365.91	355.556
2367.82	350.444
2369.73	366
2371.64	362.222
2373.55	364.889
2375.46	356.889
2377.37	363.111
2379.28	356.667
2381.19	355.556
2383.1	365.778
2385	354.889
2386.91	358
2388.82	351.778
2390.72	354.889
2392.62	356
2394.53	346.222
2396.43	359.111
2398.33	347.778
2400.24	354.222
2402.14	360.222
2404.04	352
2405.94	354.222
2407.84	345.778
2409.74	351.333
2411.64	354
2413.54	354.222
2415.44	354.444
2417.33	356.444
2419.23	350.444
2421.13	355.556
2423.02	352.444
2424.92	354
2426.81	348.444
2428.71	353.778
2430.6	344
2432.49	349.333
2434.38	349.556
2436.28	349.111
2438.17	345.778
2440.06	344
2441.95	349.111
2443.84	351.778
2445.73	348.222
