188.706	259.333
191.305	255.556
193.902	245.556
196.499	237.778
199.096	230.667
201.69	239.778
204.284	228.889
206.877	220
209.47	223.556
212.062	226.889
214.652	223.111
217.242	220.444
219.83	221.111
222.419	219.778
225.005	214.889
227.592	217.111
230.177	213.556
232.762	204.889
235.345	207.333
237.928	195.111
240.509	191.333
243.09	183.778
245.671	174
248.249	171.333
250.829	162.444
253.405	153.556
255.983	150.222
258.558	144.889
261.132	138.222
263.707	137.111
266.28	127.333
268.852	128.889
271.424	123.778
273.994	116.444
276.564	116.222
279.133	115.556
281.701	109.556
284.268	114.667
286.835	112.889
289.4	105.778
291.964	108.667
294.527	102.444
297.091	101.111
299.653	99.5556
302.214	98.8889
304.774	99.3333
307.334	90.6667
309.892	93.3333
312.45	95.7778
315.006	89.7778
317.562	89.5556
320.118	87.5556
322.672	90.2222
325.225	87.5556
327.778	89.7778
330.329	92.2222
332.88	94.8889
335.43	94.8889
337.978	93.3333
340.528	93.5556
343.075	99.1111
345.622	96.6667
348.167	104.222
350.712	97.3333
353.256	100
355.799	100
358.341	95.5556
360.883	95.5556
363.423	93.5556
365.963	90.4444
368.502	87.7778
371.04	89.5556
373.577	83.7778
376.114	88.8889
378.649	86.2222
381.184	87.7778
383.718	94.4444
386.251	84.8889
388.783	91.5556
391.314	90.2222
393.844	91.7778
396.373	92.8889
398.902	100.444
401.43	100.444
403.957	104.444
406.484	103.778
409.009	98.6667
411.534	94.6667
414.057	92
416.58	86
419.102	86.4445
421.624	83.1111
424.144	80.6667
426.663	79.5556
429.181	76.8889
431.7	78.8889
434.217	77.5556
436.732	77.7778
439.248	78.6667
441.763	76.4444
444.277	77.7778
446.788	76.4444
449.301	75.1111
451.812	77.3333
454.322	74.2222
456.831	78.2222
459.341	74.6667
461.847	69.3333
464.355	72.8889
466.861	70.2222
469.366	69.5555
471.871	71.5556
474.374	72.2222
476.877	69.3333
479.378	78
481.88	71.5556
484.381	74.2222
486.879	75.1111
489.379	71.3333
491.876	72.2222
494.373	69.7778
496.869	72
499.365	73.7778
501.858	74
504.353	72.2222
506.845	72
509.338	66.6667
511.828	67.5556
514.319	68.8889
516.808	68.2222
519.296	70.8889
521.785	67.3333
524.272	68.2222
526.759	68.6667
529.244	69.3333
531.728	70.6667
534.212	71.7778
536.695	68.8889
539.178	71.7778
541.659	68.4444
544.139	65.3333
546.619	70
549.098	67.5556
551.575	67.3333
554.052	68.2222
556.529	68
559.005	69.1111
561.479	65.3333
563.953	66.2222
566.427	69.1111
568.899	68.4444
571.37	71.3333
573.84	65.7778
576.311	72.4444
578.78	75.7778
581.248	75.7778
583.715	81.7778
586.181	79.3333
588.647	84.6667
591.113	94
593.577	102.444
596.04	111.111
598.503	137.778
600.964	171.556
603.425	245.556
605.885	366.222
608.344	492.889
610.803	466.889
613.26	343.111
615.718	226.222
618.174	170
620.63	138.667
623.084	116.667
625.538	106.667
627.99	101.111
630.443	96.4444
632.894	96.2222
635.344	95.7778
637.792	96.6667
640.241	101.333
642.689	114
645.137	128
647.583	145.778
650.029	177.111
652.474	208.444
654.918	242
657.361	252
659.804	227.778
662.246	185.111
664.685	150.444
667.125	124
669.565	108.889
672.003	96.8889
674.441	95.3333
676.877	91.5556
679.313	93.7778
681.749	91.5556
684.183	88.8889
686.617	88.6667
689.049	90
691.481	92.2222
693.913	94
696.342	100
698.772	109.111
701.201	113.333
703.63	121.556
706.056	130.222
708.483	129.556
710.909	126.222
713.333	130.667
715.758	123.333
718.18	125.556
720.603	123.556
723.025	128.889
725.445	137.111
727.866	145.333
730.284	143.111
732.703	143.778
735.122	147.778
737.538	147.778
739.955	151.111
742.369	146.444
744.784	143.111
747.197	140.667
749.611	137.111
752.023	132.889
754.435	128.444
756.845	123.333
759.255	122.889
761.664	123.111
764.071	119.111
766.48	117.556
768.886	116.889
771.292	116
773.697	114.444
776.102	108.889
778.505	110.667
780.907	108
783.31	111.556
785.711	104.222
788.111	104.889
790.511	105.778
792.91	113.111
795.308	112.667
797.706	120.667
800.102	122.444
802.497	132.444
804.892	128.889
807.287	119.111
809.68	121.778
812.072	115.111
814.464	112.889
816.855	119.111
819.246	120.222
821.635	115.778
824.024	130
826.412	125.778
828.799	132.444
831.186	137.778
833.572	136.222
835.956	142.222
838.34	151.778
840.723	157.333
843.106	161.333
845.487	176.222
847.868	193.333
850.248	209.556
852.628	194.889
855.006	193.111
857.384	175.556
859.761	163.778
862.138	153.778
864.513	155.556
866.888	156.667
869.262	158.667
871.636	157.778
874.008	154
876.38	150.444
878.751	147.778
881.121	147.556
883.491	140.667
885.86	142.889
888.228	144.667
890.595	149.778
892.962	150.444
895.327	145.778
897.691	143.333
900.055	140.667
902.419	132
904.782	124.444
907.144	128.667
909.505	122.889
911.864	121.111
914.224	121.556
916.583	123.111
918.941	122.667
921.298	121.556
923.654	125.778
926.01	121.556
928.366	117.333
930.719	118
933.073	118
935.426	119.111
937.777	113.778
940.129	117.333
942.479	111.111
944.828	113.111
947.178	112
949.526	114.444
951.873	115.111
954.22	110
956.565	119.333
958.911	127.556
961.254	126
963.598	131.556
965.942	135.333
968.283	146.667
970.625	158.222
972.965	180.444
975.305	225.778
977.644	302.222
979.983	461.333
982.32	664
984.657	936.444
986.993	959.111
989.327	1556
991.663	5452.44
993.996	9400.22
996.33	6366.67
998.662	2887.11
1000.99	1258.67
1003.32	670.889
1005.65	403.778
1007.98	315.778
1010.31	246.222
1012.64	195.111
1014.97	176.444
1017.29	168.222
1019.62	165.111
1021.94	155.333
1024.27	153.556
1026.59	152.222
1028.91	152.667
1031.24	154.889
1033.56	154.889
1035.88	150
1038.2	145.333
1040.51	148.667
1042.83	145.556
1045.15	149.556
1047.47	150
1049.78	150.444
1052.1	159.333
1054.41	164
1056.73	165.111
1059.04	174.444
1061.35	184.222
1063.66	198.444
1065.97	209.778
1068.28	198.889
1070.59	183.333
1072.9	201.111
1075.21	198.444
1077.52	217.556
1079.82	215.556
1082.13	222.667
1084.43	207.778
1086.74	202
1089.04	185.556
1091.34	175.333
1093.65	159.333
1095.95	145.111
1098.25	130.444
1100.55	128.667
1102.85	120.222
1105.14	121.333
1107.44	118.444
1109.74	120
1112.03	122.444
1114.33	130.222
1116.62	135.333
1118.92	150.222
1121.21	155.333
1123.5	159.111
1125.79	163.111
1128.09	153.333
1130.38	142.667
1132.67	127.778
1134.95	118
1137.24	122
1139.53	120.444
1141.82	129.111
1144.1	128
1146.39	134.889
1148.67	143.556
1150.95	148.444
1153.24	147.111
1155.52	158.889
1157.8	160.667
1160.08	168.889
1162.36	178
1164.64	202.667
1166.92	232.889
1169.2	274
1171.47	346.444
1173.75	435.333
1176.03	529.111
1178.3	563.111
1180.58	519.778
1182.85	429.333
1185.12	328.667
1187.39	273.556
1189.66	221.333
1191.94	190
1194.21	173.778
1196.48	157.333
1198.74	148.889
1201.01	139.556
1203.28	135.333
1205.54	132
1207.81	128.889
1210.07	121.556
1212.34	121.333
1214.6	118
1216.86	125.778
1219.13	119.111
1221.39	118.444
1223.65	114.222
1225.91	108.222
1228.17	109.111
1230.43	108.222
1232.68	112.667
1234.94	107.333
1237.2	107.778
1239.45	112
1241.71	115.333
1243.96	110.889
1246.22	115.778
1248.47	111.778
1250.72	111.111
1252.97	111.111
1255.22	108.667
1257.47	113.778
1259.72	113.778
1261.97	117.333
1264.22	121.333
1266.46	121.111
1268.71	125.111
1270.95	130.889
1273.2	126.889
1275.44	125.111
1277.69	132.889
1279.93	134.667
1282.17	140.444
1284.41	151.333
1286.65	157.556
1288.89	162.889
1291.13	178
1293.37	195.778
1295.61	219.778
1297.85	243.333
1300.08	276.889
1302.32	299.556
1304.55	288
1306.79	276.889
1309.02	257.778
1311.26	238.222
1313.49	218.667
1315.72	201.556
1317.95	186.444
1320.18	171.111
1322.41	156.889
1324.64	148
1326.86	138.222
1329.09	133.111
1331.32	124.667
1333.55	116.667
1335.77	118.444
1337.99	112.889
1340.22	121.333
1342.44	117.111
1344.66	119.556
1346.89	118
1349.11	116.222
1351.33	118.222
1353.55	116
1355.77	110.889
1357.98	113.333
1360.2	112.667
1362.42	116.222
1364.63	116.222
1366.85	119.778
1369.06	117.333
1371.28	119.556
1373.49	114
1375.7	113.333
1377.92	102.667
1380.13	107.111
1382.34	102.444
1384.55	102.889
1386.76	98.6667
1388.97	98.4444
1391.17	101.333
1393.38	102.222
1395.59	102.667
1397.79	101.333
1400	107.556
1402.2	114.444
1404.41	131.778
1406.61	136.444
1408.81	128.222
1411.01	125.778
1413.21	122.222
1415.41	121.111
1417.61	128.667
1419.81	135.556
1422.01	150.889
1424.21	167.111
1426.4	191.333
1428.6	224.889
1430.8	276.222
1432.99	344.667
1435.18	406
1437.38	446.444
1439.57	448.444
1441.76	423.778
1443.95	401.111
1446.14	374
1448.33	344.444
1450.52	338
1452.71	327.778
1454.9	321.778
1457.09	308.889
1459.27	291.111
1461.46	264.222
1463.64	249.556
1465.83	226.889
1468.01	202.222
1470.2	188
1472.38	169.778
1474.56	156.222
1476.74	148.667
1478.92	138.889
1481.1	142.667
1483.28	133.778
1485.46	127.556
1487.64	125.778
1489.81	120.889
1491.99	118.667
1494.16	114.444
1496.34	113.778
1498.51	108.667
1500.69	112.667
1502.86	108.889
1505.03	106.889
1507.21	106.222
1509.38	101.111
1511.55	102.222
1513.72	102.222
1515.89	100.667
1518.05	105.556
1520.22	106.444
1522.39	98.2222
1524.55	98.4444
1526.72	104
1528.88	104.889
1531.05	103.111
1533.21	99.5555
1535.37	102.667
1537.54	102.444
1539.7	97.5556
1541.86	105.778
1544.02	104.889
1546.18	103.556
1548.34	111.778
1550.5	116.222
1552.65	110.667
1554.81	115.111
1556.97	123.778
1559.12	124.444
1561.28	128.889
1563.43	131.778
1565.58	141.556
1567.74	145.111
1569.89	160.889
1572.04	171.111
1574.19	181.111
1576.34	207.556
1578.49	235.333
1580.64	261.333
1582.79	314.222
1584.94	366
1587.08	418.889
1589.23	426.444
1591.37	381.111
1593.52	320.667
1595.66	269.778
1597.81	243.556
1599.95	236.444
1602.09	250
1604.23	297.556
1606.37	330.667
1608.51	336.444
1610.65	304.889
1612.79	270.667
1614.93	226
1617.07	197.111
1619.21	181.778
1621.34	165.111
1623.48	153.778
1625.61	143.111
1627.75	140
1629.88	132.444
1632.01	120
1634.15	120.667
1636.28	113.556
1638.41	115.111
1640.54	114.889
1642.67	115.778
1644.8	107.556
1646.93	105.556
1649.05	100.444
1651.18	102.444
1653.31	103.556
1655.43	102.889
1657.56	101.778
1659.68	99.5556
1661.81	94.6667
1663.93	101.778
1666.05	95.3333
1668.17	103.778
1670.3	99.3333
1672.42	96.4444
1674.54	95.7778
1676.66	95.1111
1678.77	97.1111
1680.89	96.8889
1683.01	97.5556
1685.13	91.7778
1687.24	99.3333
1689.36	102
1691.47	97.7778
1693.59	103.556
1695.7	103.778
1697.81	106
1699.92	104.889
1702.04	97.5556
1704.15	103.778
1706.26	99.3333
1708.37	93.7778
1710.47	100
1712.58	98.2222
1714.69	99.3333
1716.8	100.222
1718.9	96.8889
1721.01	98.4444
1723.11	95.5556
1725.22	95.7778
1727.32	94.2222
1729.42	96.8889
1731.53	97.3333
1733.63	90.6667
1735.73	93.1111
1737.83	96.4444
1739.93	97.1111
1742.03	94
1744.13	93.7778
1746.23	96.8889
1748.32	93.1111
1750.42	92.4444
1752.52	99.3333
1754.61	92.8889
1756.71	97.7778
1758.8	94.4444
1760.89	95.3333
1762.99	94.2222
1765.08	96.6667
1767.17	93.7778
1769.26	91.3333
1771.35	97.5556
1773.44	94
1775.53	95.7778
1777.62	94.4444
1779.71	95.7778
1781.79	91.7778
1783.88	101.333
1785.96	99.1111
1788.05	96.2222
1790.13	95.7778
1792.22	96.2222
1794.3	100.222
1796.38	91.5555
1798.47	95.1111
1800.55	92.6667
1802.63	98
1804.71	98.4444
1806.79	96.4444
1808.87	96.2222
1810.95	96.8889
1813.02	96.8889
1815.1	95.1111
1817.18	100.667
1819.25	96.4444
1821.33	96.6667
1823.4	97.3333
1825.47	101.556
1827.55	97.7778
1829.62	100.889
1831.69	98
1833.76	97.3333
1835.83	95.3333
1837.9	94.8889
1839.97	99.1111
1842.04	93.5555
1844.11	99.3333
1846.18	102
1848.24	96.4444
1850.31	95.7778
1852.38	98
1854.44	100.889
1856.51	99.1111
1858.57	97.1111
1860.63	99.1111
1862.69	98.4445
1864.76	97.3333
1866.82	97.1111
1868.88	100.444
1870.94	97.7778
1873	99.1111
1875.06	101.111
1877.11	101.556
1879.17	103.556
1881.23	95.7778
1883.28	96.8889
1885.34	100
1887.4	99.3333
1889.45	92.8889
1891.5	99.3333
1893.56	95.3333
1895.61	102.444
1897.66	99.3333
1899.71	104.444
1901.76	102
1903.81	99.7778
1905.86	103.556
1907.91	108.667
1909.96	105.556
1912.01	107.333
1914.05	104.667
1916.1	106.444
1918.15	102.222
1920.19	106
1922.23	103.556
1924.28	103.556
1926.32	106
1928.36	106.889
1930.41	109.111
1932.45	103.556
1934.49	109.556
1936.53	102
1938.57	104.222
1940.61	102.222
1942.64	102.667
1944.68	104
1946.72	104.889
1948.76	105.111
1950.79	101.778
1952.83	100.667
1954.86	106
1956.89	100.889
1958.93	102.444
1960.96	102.667
1962.99	105.111
1965.03	105.333
1967.06	102.889
1969.09	103.111
1971.12	98
1973.14	102.667
1975.17	103.111
1977.2	106
1979.23	102
1981.25	104.667
1983.28	103.333
1985.31	105.333
1987.33	105.556
1989.36	109.333
1991.38	103.111
1993.4	104.667
1995.42	104.889
1997.45	100.222
1999.47	105.333
2001.49	105.778
2003.51	103.556
2005.53	105.778
2007.55	102
2009.56	105.111
2011.58	101.556
2013.6	104.889
2015.61	106.667
2017.63	106.444
2019.65	105.778
2021.66	112.222
2023.67	111.556
2025.69	111.111
2027.7	109.778
2029.71	108.222
2031.72	104.444
2033.73	102.667
2035.74	107.111
2037.75	107.778
2039.76	109.333
2041.77	106.889
2043.78	105.333
2045.79	109.556
2047.79	107.111
2049.8	110
2051.8	106.889
2053.81	116.222
2055.81	110.444
2057.82	107.556
2059.82	107.333
2061.82	106.444
2063.82	108.889
2065.83	109.333
2067.83	110.222
2069.83	106.444
2071.83	108.444
2073.82	108.667
2075.82	111.111
2077.82	107.778
2079.82	109.333
2081.81	110.667
2083.81	108.667
2085.8	107.778
2087.8	106.889
2089.79	110.889
2091.79	111.556
2093.78	109.556
2095.77	106.222
2097.76	108.889
2099.76	109.778
2101.75	112.222
2103.74	105.556
2105.72	111.556
2107.71	110.222
2109.7	111.333
2111.69	113.778
2113.68	112.667
2115.66	113.333
2117.65	110
2119.63	110.444
2121.62	107.333
2123.6	114.222
2125.59	112.667
2127.57	110.667
2129.55	110
2131.53	113.556
2133.51	114.889
2135.49	109.333
2137.47	113.333
2139.45	110.444
2141.43	116.444
2143.41	110
2145.39	109.333
2147.36	115.556
2149.34	109.556
2151.32	114.444
2153.29	112.889
2155.27	108.889
2157.24	112.667
2159.21	113.333
2161.19	115.556
2163.16	114.222
2165.13	118.889
2167.1	114.444
2169.07	113.556
2171.04	113.778
2173.01	117.111
2174.98	115.111
2176.95	121.778
2178.92	113.778
2180.88	119.556
2182.85	117.556
2184.81	119.778
2186.78	121.111
2188.74	122.444
2190.71	122.444
2192.67	121.333
2194.63	118.667
2196.6	120
2198.56	117.778
2200.52	117.556
2202.48	116.667
2204.44	111.778
2206.4	116.667
2208.36	117.111
2210.32	114.667
2212.28	118.222
2214.23	116.222
2216.19	117.333
2218.14	116.889
2220.1	118
2222.05	116
2224.01	118.889
2225.96	117.778
2227.91	113.778
2229.87	117.556
2231.82	118.222
2233.77	120.444
2235.72	115.778
2237.67	113.778
2239.62	113.556
2241.57	120
2243.52	115.111
2245.47	119.556
2247.41	116
2249.36	120
2251.31	118.667
2253.25	118.444
2255.2	120.667
2257.14	115.111
2259.09	117.111
2261.03	113.556
2262.97	119.778
2264.91	112.222
2266.85	118.889
2268.8	115.333
2270.74	120
2272.68	117.556
2274.61	114.444
2276.55	118.444
2278.49	120.667
2280.43	118.444
2282.37	114.889
2284.3	113.111
2286.24	123.111
2288.17	117.111
2290.11	119.778
2292.04	122.667
2293.98	124.889
2295.91	129.111
2297.84	127.556
2299.77	122.667
2301.7	118
2303.64	116.444
2305.56	121.333
2307.49	122.222
2309.42	118.444
2311.35	121.111
2313.28	117.111
2315.21	118.222
2317.13	119.111
2319.06	118.667
2320.99	119.111
2322.91	117.556
2324.84	125.111
2326.76	115.111
2328.68	119.111
2330.6	122.222
2332.53	113.111
2334.45	116
2336.37	118.444
2338.29	122.444
2340.21	122.444
2342.13	118.222
2344.05	119.556
2345.97	116.222
2347.89	122.667
2349.8	123.556
2351.72	124
2353.63	116.667
2355.55	122.222
2357.47	125.333
2359.38	119.778
2361.29	125.111
2363.21	122.667
2365.12	117.778
2367.03	121.111
2368.94	118.222
2370.85	121.333
2372.76	123.333
2374.67	120.667
2376.58	124
2378.49	122
2380.4	123.556
2382.31	130.444
2384.21	122.889
2386.12	124.667
2388.03	122.667
2389.93	120
2391.84	120.667
2393.74	121.778
2395.64	127.556
2397.55	123.111
2399.45	125.111
2401.35	123.556
2403.25	117.111
2405.15	124.889
2407.05	119.778
2408.95	125.778
2410.85	124.222
2412.75	126.222
2414.65	129.333
2416.55	124.667
2418.45	123.111
2420.34	124
2422.24	128.444
2424.13	123.333
2426.03	126.222
2427.92	128
2429.82	123.111
2431.71	127.778
2433.6	126.667
2435.49	128.444
2437.39	126.889
2439.28	128.667
2441.17	128.444
2443.06	129.333
2444.95	128.889
2446.83	128.444
2448.72	129.333
2450.61	130.667
2452.5	137.556
2454.39	145.556
