188.706	259.556
191.305	250.667
193.902	238
196.499	238.444
199.096	234.667
201.69	228.222
204.284	230.444
206.877	229.556
209.47	218.889
212.062	223.333
214.652	224.444
217.242	220
219.83	221.333
222.419	216.444
225.005	216.667
227.592	213.556
230.177	207.778
232.762	208.222
235.345	197.778
237.928	192
240.509	187.333
243.09	182
245.671	171.111
248.249	168
250.829	163.111
253.405	153.556
255.983	145.333
258.558	141.111
261.132	138.222
263.707	127.111
266.28	128
268.852	125.111
271.424	122
273.994	117.333
276.564	116.667
279.133	114.667
281.701	115.111
284.268	109.111
286.835	104.889
289.4	106
291.964	108
294.527	102.667
297.091	100.222
299.653	100.444
302.214	92.6667
304.774	88
307.334	96.8889
309.892	92
312.45	92.6667
315.006	88.2222
317.562	92
320.118	91.1111
322.672	87.7778
325.225	86.2222
327.778	89.7778
330.329	93.5556
332.88	91.3333
335.43	93.3333
337.978	96.8889
340.528	96.8889
343.075	96.4445
345.622	101.111
348.167	100.889
350.712	96.8889
353.256	98.2222
355.799	97.3333
358.341	98
360.883	94.6667
363.423	90.6667
365.963	88.2222
368.502	90
371.04	87.5555
373.577	87.3333
376.114	84.8889
378.649	86.8889
381.184	86.4444
383.718	85.5556
386.251	86.6667
388.783	90.6667
391.314	90.4444
393.844	95.1111
396.373	94.8889
398.902	98.6667
401.43	99.5556
403.957	98.8889
406.484	99.5556
409.009	95.7778
411.534	89.7778
414.057	88.4444
416.58	85.1111
419.102	85.1111
421.624	81.3333
424.144	80.2222
426.663	80.2222
429.181	78
431.7	76.6667
434.217	76.2222
436.732	76.6667
439.248	76
441.763	79.3333
444.277	79.1111
446.788	76.6667
449.301	73.1111
451.812	72.2222
454.322	74.2222
456.831	75.1111
459.341	72
461.847	72.2222
464.355	71.3333
466.861	69.5556
469.366	71.3333
471.871	74
474.374	68.8889
476.877	73.7778
479.378	73.5556
481.88	73.3333
484.381	67.7778
486.879	72.6667
489.379	72.2222
491.876	72
494.373	69.5556
496.869	68.8889
499.365	68.2222
501.858	68.6667
504.353	69.7778
506.845	66.8889
509.338	71.3333
511.828	69.1111
514.319	69.1111
516.808	65.1111
519.296	67.5555
521.785	70.4444
524.272	66.4444
526.759	68.6667
529.244	67.5556
531.728	66.4445
534.212	67.1111
536.695	65.1111
539.178	65.3333
541.659	68
544.139	68.8889
546.619	69.1111
549.098	66.8889
551.575	64.4444
554.052	66.4444
556.529	66
559.005	66.4444
561.479	67.7778
563.953	66.8889
566.427	67.5556
568.899	70
571.37	69.3333
573.84	70.6667
576.311	72.6667
578.78	69.3333
581.248	75.5556
583.715	78.8889
586.181	79.5556
588.647	86
591.113	92
593.577	100.889
596.04	111.778
598.503	134.889
600.964	170.222
603.425	239.111
605.885	375.333
608.344	497.556
610.803	467.556
613.26	344
615.718	221.111
618.174	161.333
620.63	132.444
623.084	116.889
625.538	106.222
627.99	100.889
630.443	93.7778
632.894	94.6667
635.344	93.1111
637.792	95.5556
640.241	100.444
642.689	113.111
645.137	127.333
647.583	150.444
650.029	172
652.474	209.111
654.918	244.222
657.361	251.556
659.804	223.111
662.246	185.333
664.685	149.333
667.125	121.556
669.565	106.889
672.003	97.1111
674.441	93.5556
676.877	89.3333
679.313	91.7778
681.749	87.5556
684.183	88.2222
686.617	86.8889
689.049	88.2222
691.481	87.7778
693.913	96
696.342	100
698.772	102.667
701.201	107.778
703.63	115.111
706.056	120
708.483	127.778
710.909	126.667
713.333	126
715.758	116.889
718.18	122
720.603	125.111
723.025	126.222
725.445	137.111
727.866	134.889
730.284	142.444
732.703	144.444
735.122	144.222
737.538	146.222
739.955	143.111
742.369	147.111
744.784	147.556
747.197	136
749.611	133.333
752.023	127.778
754.435	126
756.845	130.667
759.255	118.667
761.664	120.222
764.071	113.778
766.48	117.778
768.886	115.778
771.292	110.667
773.697	112.889
776.102	113.333
778.505	109.556
780.907	105.778
783.31	104.667
785.711	108.444
788.111	109.778
790.511	105.556
792.91	107.333
795.308	111.111
797.706	113.333
800.102	119.778
802.497	126.222
804.892	128.667
807.287	119.778
809.68	115.556
812.072	115.333
814.464	109.778
816.855	114.667
819.246	118
821.635	121.778
824.024	119.333
826.412	126.444
828.799	135.333
831.186	137.333
833.572	139.556
835.956	142.667
838.34	144.444
840.723	153.333
843.106	170.222
845.487	181.556
847.868	202.444
850.248	202.444
852.628	202.222
855.006	184
857.384	168.444
859.761	161.111
862.138	152
864.513	149.778
866.888	152.667
869.262	153.333
871.636	152.444
874.008	152.222
876.38	149.111
878.751	146.222
881.121	137.333
883.491	144.889
885.86	139.778
888.228	148.889
890.595	149.333
892.962	150.889
895.327	147.333
897.691	138.667
900.055	138
902.419	139.778
904.782	127.556
907.144	126.667
909.505	122
911.864	121.556
914.224	122.667
916.583	118.667
918.941	117.333
921.298	117.778
923.654	117.333
926.01	118.222
928.366	118.222
930.719	114.889
933.073	115.778
935.426	115.556
937.777	116
940.129	109.333
942.479	111.556
944.828	106.667
947.178	114
949.526	108.222
951.873	111.333
954.22	115.333
956.565	119.778
958.911	118.222
961.254	124.889
963.598	126.889
965.942	134.222
968.283	141.333
970.625	158
972.965	178
975.305	215.778
977.644	310.444
979.983	467.778
982.32	671.556
984.657	916
986.993	972.889
989.327	1572.22
991.663	5475.11
993.996	9318.22
996.33	6429.11
998.662	2816.44
1000.99	1262
1003.32	674.444
1005.65	409.111
1007.98	321.556
1010.31	245.556
1012.64	195.778
1014.97	177.333
1017.29	164.889
1019.62	166.889
1021.94	156.444
1024.27	154
1026.59	153.333
1028.91	147.556
1031.24	154.222
1033.56	146.222
1035.88	146.889
1038.2	141.333
1040.51	144.222
1042.83	142.667
1045.15	148.667
1047.47	148.444
1049.78	152.444
1052.1	155.556
1054.41	155.111
1056.73	165.111
1059.04	167.778
1061.35	179.778
1063.66	198.444
1065.97	193.778
1068.28	191.778
1070.59	190.444
1072.9	194.889
1075.21	206.889
1077.52	208
1079.82	219.111
1082.13	211.778
1084.43	207.111
1086.74	199.333
1089.04	184.889
1091.34	169.778
1093.65	154.667
1095.95	137.556
1098.25	132.222
1100.55	129.333
1102.85	119.778
1105.14	118.889
1107.44	119.556
1109.74	123.111
1112.03	123.111
1114.33	125.778
1116.62	134.444
1118.92	144.667
1121.21	147.778
1123.5	154.889
1125.79	152.889
1128.09	146.222
1130.38	138.667
1132.67	123.556
1134.95	117.556
1137.24	119.556
1139.53	119.778
1141.82	120.222
1144.1	128
1146.39	134
1148.67	144.222
1150.95	143.556
1153.24	149.111
1155.52	151.778
1157.8	159.111
1160.08	167.778
1162.36	188.667
1164.64	201.778
1166.92	230.444
1169.2	276.667
1171.47	341.778
1173.75	443.778
1176.03	519.556
1178.3	566
1180.58	509.556
1182.85	426.444
1185.12	330.667
1187.39	271.333
1189.66	216.889
1191.94	192.444
1194.21	170
1196.48	152.889
1198.74	148.667
1201.01	141.556
1203.28	135.333
1205.54	124
1207.81	123.556
1210.07	121.778
1212.34	119.778
1214.6	118.667
1216.86	118
1219.13	115.556
1221.39	113.111
1223.65	111.333
1225.91	107.556
1228.17	107.111
1230.43	106.889
1232.68	104.222
1234.94	104.444
1237.2	114.444
1239.45	105.333
1241.71	112.222
1243.96	110.222
1246.22	110
1248.47	111.556
1250.72	106.889
1252.97	109.556
1255.22	106.667
1257.47	112.889
1259.72	109.778
1261.97	116
1264.22	118.667
1266.46	121.333
1268.71	123.556
1270.95	129.111
1273.2	128.222
1275.44	121.556
1277.69	127.111
1279.93	140.444
1282.17	136.667
1284.41	150.222
1286.65	155.778
1288.89	164.222
1291.13	178.444
1293.37	197.556
1295.61	216
1297.85	242.667
1300.08	275.111
1302.32	282
1304.55	282.889
1306.79	273.111
1309.02	252.444
1311.26	238.889
1313.49	207.333
1315.72	196
1317.95	178.444
1320.18	170.889
1322.41	158.444
1324.64	147.111
1326.86	136.889
1329.09	129.333
1331.32	122.222
1333.55	118
1335.77	114.444
1337.99	113.333
1340.22	114
1342.44	113.333
1344.66	114.667
1346.89	115.556
1349.11	115.111
1351.33	113.111
1353.55	115.333
1355.77	110.667
1357.98	110.222
1360.2	106.889
1362.42	114
1364.63	112.889
1366.85	114.667
1369.06	119.778
1371.28	119.778
1373.49	118.444
1375.7	112.222
1377.92	107.333
1380.13	105.556
1382.34	102
1384.55	97.1111
1386.76	94.4444
1388.97	101.556
1391.17	96.2222
1393.38	96.4444
1395.59	98.8889
1397.79	106
1400	110.222
1402.2	115.778
1404.41	126.444
1406.61	130.444
1408.81	123.333
1411.01	124.222
1413.21	118.444
1415.41	121.778
1417.61	125.111
1419.81	131.333
1422.01	144
1424.21	161.778
1426.4	188.222
1428.6	221.556
1430.8	277.778
1432.99	333.556
1435.18	397.111
1437.38	440.667
1439.57	440.889
1441.76	432.889
1443.95	395.111
1446.14	361.333
1448.33	342
1450.52	337.778
1452.71	323.333
1454.9	311.111
1457.09	296.444
1459.27	279.333
1461.46	261.556
1463.64	238.444
1465.83	218.667
1468.01	202
1470.2	185.556
1472.38	166.444
1474.56	154.889
1476.74	145.778
1478.92	146
1481.1	132
1483.28	130
1485.46	126.667
1487.64	124.444
1489.81	120.444
1491.99	114.889
1494.16	116.667
1496.34	114
1498.51	110
1500.69	104
1502.86	105.778
1505.03	104.889
1507.21	103.778
1509.38	105.333
1511.55	100
1513.72	102
1515.89	99.3333
1518.05	98
1520.22	101.333
1522.39	98.6667
1524.55	98.4444
1526.72	98.8889
1528.88	102.444
1531.05	99.5556
1533.21	99.7778
1535.37	99.3333
1537.54	105.111
1539.7	102
1541.86	103.556
1544.02	108
1546.18	106.222
1548.34	108.889
1550.5	111.778
1552.65	113.333
1554.81	107.778
1556.97	121.556
1559.12	124.444
1561.28	127.111
1563.43	132
1565.58	134.444
1567.74	149.111
1569.89	155.111
1572.04	169.556
1574.19	180.667
1576.34	206.667
1578.49	227.556
1580.64	274.889
1582.79	303.778
1584.94	372
1587.08	421.556
1589.23	415.333
1591.37	382.222
1593.52	313.556
1595.66	267.111
1597.81	245.111
1599.95	239.778
1602.09	259.556
1604.23	296.889
1606.37	327.556
1608.51	338.222
1610.65	302.222
1612.79	265.778
1614.93	220
1617.07	199.556
1619.21	174
1621.34	161.556
1623.48	149.556
1625.61	142.667
1627.75	134.667
1629.88	130.222
1632.01	120.444
1634.15	119.111
1636.28	112.667
1638.41	112.889
1640.54	112.222
1642.67	107.111
1644.8	106.667
1646.93	104.667
1649.05	102.222
1651.18	104.667
1653.31	100.889
1655.43	100
1657.56	99.7778
1659.68	99.3333
1661.81	98
1663.93	97.1111
1666.05	94.6667
1668.17	96
1670.3	96.2222
1672.42	100.667
1674.54	97.7778
1676.66	94.8889
1678.77	94
1680.89	95.1111
1683.01	95.1111
1685.13	99.5556
1687.24	95.3333
1689.36	98.6667
1691.47	97.7778
1693.59	98.6667
1695.7	99.3333
1697.81	100.667
1699.92	106.667
1702.04	99.3333
1704.15	104.222
1706.26	98.8889
1708.37	96.4444
1710.47	95.1111
1712.58	94.4444
1714.69	97.1111
1716.8	96.6667
1718.9	95.1111
1721.01	94.4444
1723.11	97.3333
1725.22	93.5556
1727.32	98.2222
1729.42	93.1111
1731.53	94.8889
1733.63	93.5556
1735.73	91.7778
1737.83	95.5556
1739.93	95.3333
1742.03	91.3333
1744.13	93.1111
1746.23	92.8889
1748.32	96.2222
1750.42	93.3333
1752.52	94
1754.61	91.7778
1756.71	94.2222
1758.8	94.8889
1760.89	92.2222
1762.99	90.8889
1765.08	92.2222
1767.17	94.6667
1769.26	92
1771.35	93.5556
1773.44	94.4444
1775.53	97.5556
1777.62	97.1111
1779.71	90.2222
1781.79	91.3333
1783.88	93.7778
1785.96	98.4444
1788.05	91.3333
1790.13	93.7778
1792.22	96.4444
1794.3	98.8889
1796.38	92.8889
1798.47	92.8889
1800.55	99.5556
1802.63	95.1111
1804.71	95.5556
1806.79	92.4445
1808.87	95.5556
1810.95	97.5556
1813.02	98.6667
1815.1	96.8889
1817.18	93.3333
1819.25	93.5556
1821.33	97.7778
1823.4	91.3333
1825.47	93.1111
1827.55	94.4444
1829.62	95.1111
1831.69	94.8889
1833.76	94.4444
1835.83	94
1837.9	92.6667
1839.97	90.2222
1842.04	97.1111
1844.11	98
1846.18	94
1848.24	96.8889
1850.31	98
1852.38	95.3333
1854.44	94.8889
1856.51	94.4444
1858.57	93.1111
1860.63	95.1111
1862.69	98.4445
1864.76	96.2222
1866.82	94.6667
1868.88	95.7778
1870.94	96.6667
1873	98.2222
1875.06	97.3333
1877.11	98.4444
1879.17	95.5556
1881.23	97.7778
1883.28	97.5556
1885.34	99.3333
1887.4	102.667
1889.45	94
1891.5	102.444
1893.56	98.4444
1895.61	101.333
1897.66	98.4444
1899.71	98.8889
1901.76	100.667
1903.81	100.222
1905.86	101.111
1907.91	106
1909.96	104.667
1912.01	109.556
1914.05	102.667
1916.1	104
1918.15	99.3333
1920.19	101.111
1922.23	94.6667
1924.28	101.778
1926.32	102.444
1928.36	106
1930.41	104.222
1932.45	103.778
1934.49	108
1936.53	105.333
1938.57	100.889
1940.61	101.556
1942.64	102.667
1944.68	100.667
1946.72	102.222
1948.76	97.3333
1950.79	102
1952.83	102.222
1954.86	100.444
1956.89	99.5556
1958.93	100.889
1960.96	102
1962.99	104.889
1965.03	100.889
1967.06	102.667
1969.09	101.778
1971.12	101.556
1973.14	104.444
1975.17	102.222
1977.2	103.556
1979.23	104.222
1981.25	106.222
1983.28	102.889
1985.31	101.556
1987.33	107.111
1989.36	107.556
1991.38	104.667
1993.4	100
1995.42	103.333
1997.45	102.444
1999.47	101.111
2001.49	102.444
2003.51	102
2005.53	108
2007.55	102
2009.56	102.222
2011.58	102.889
2013.6	101.333
2015.61	107.333
2017.63	104.889
2019.65	105.556
2021.66	110.444
2023.67	103.778
2025.69	104.667
2027.7	106.444
2029.71	105.111
2031.72	102.444
2033.73	107.778
2035.74	104
2037.75	106.222
2039.76	110.222
2041.77	106.222
2043.78	106.222
2045.79	103.556
2047.79	105.778
2049.8	109.556
2051.8	106.222
2053.81	107.333
2055.81	107.111
2057.82	104.889
2059.82	109.778
2061.82	101.556
2063.82	105.111
2065.83	104.667
2067.83	107.778
2069.83	104.667
2071.83	110.222
2073.82	106.444
2075.82	106.444
2077.82	102
2079.82	106.889
2081.81	108.444
2083.81	102.444
2085.8	104.222
2087.8	106.222
2089.79	106
2091.79	109.111
2093.78	102.667
2095.77	104.222
2097.76	110.667
2099.76	105.111
2101.75	106
2103.74	112.667
2105.72	113.556
2107.71	104.444
2109.7	108
2111.69	110
2113.68	109.333
2115.66	108.444
2117.65	108.889
2119.63	109.333
2121.62	110.889
2123.6	108.667
2125.59	108.667
2127.57	111.556
2129.55	111.111
2131.53	105.778
2133.51	111.778
2135.49	111.778
2137.47	108.222
2139.45	109.778
2141.43	109.556
2143.41	106.444
2145.39	110
2147.36	111.333
2149.34	110.444
2151.32	110
2153.29	113.778
2155.27	110.889
2157.24	111.556
2159.21	110.444
2161.19	109.333
2163.16	112.667
2165.13	111.778
2167.1	107.556
2169.07	111.111
2171.04	113.556
2173.01	110.889
2174.98	112.889
2176.95	116
2178.92	113.333
2180.88	118
2182.85	115.778
2184.81	119.778
2186.78	119.778
2188.74	118
2190.71	123.111
2192.67	113.556
2194.63	114
2196.6	115.556
2198.56	118
2200.52	112.889
2202.48	116.222
2204.44	115.556
2206.4	113.111
2208.36	106.889
2210.32	109.111
2212.28	116.222
2214.23	114
2216.19	118.889
2218.14	115.778
2220.1	117.556
2222.05	117.111
2224.01	114.444
2225.96	116
2227.91	112
2229.87	114.222
2231.82	114.667
2233.77	111.556
2235.72	116.222
2237.67	111.556
2239.62	110
2241.57	110.889
2243.52	113.333
2245.47	112.444
2247.41	112.667
2249.36	112.889
2251.31	110.889
2253.25	113.778
2255.2	114.444
2257.14	112.444
2259.09	112
2261.03	110.667
2262.97	111.778
2264.91	110.667
2266.85	118.444
2268.8	116.667
2270.74	116.889
2272.68	114.444
2274.61	112.667
2276.55	115.556
2278.49	117.333
2280.43	116.222
2282.37	114.667
2284.3	116
2286.24	117.111
2288.17	117.556
2290.11	116
2292.04	122.222
2293.98	123.111
2295.91	129.111
2297.84	119.111
2299.77	119.111
2301.7	119.778
2303.64	115.778
2305.56	119.111
2307.49	118
2309.42	115.556
2311.35	116
2313.28	113.556
2315.21	112.889
2317.13	110.444
2319.06	110.667
2320.99	115.333
2322.91	116
2324.84	115.556
2326.76	116.222
2328.68	114.667
2330.6	115.111
2332.53	117.333
2334.45	113.556
2336.37	121.556
2338.29	117.333
2340.21	118.222
2342.13	118.667
2344.05	117.556
2345.97	118.444
2347.89	122.444
2349.8	120.667
2351.72	120
2353.63	122.222
2355.55	121.556
2357.47	118.222
2359.38	116.889
2361.29	121.333
2363.21	119.111
2365.12	117.556
2367.03	121.556
2368.94	119.556
2370.85	116.889
2372.76	121.778
2374.67	114
2376.58	120.222
2378.49	122.444
2380.4	119.333
2382.31	119.778
2384.21	119.333
2386.12	120.222
2388.03	118.889
2389.93	118.222
2391.84	118.667
2393.74	118.889
2395.64	115.556
2397.55	119.778
2399.45	116.889
2401.35	117.778
2403.25	116.667
2405.15	122
2407.05	118
2408.95	120.667
2410.85	120.222
2412.75	119.556
2414.65	121.111
2416.55	118.444
2418.45	123.111
2420.34	116.889
2422.24	120.667
2424.13	122.444
2426.03	120.667
2427.92	118.444
2429.82	122
2431.71	121.333
2433.6	124
2435.49	125.333
2437.39	123.556
2439.28	122.667
2441.17	126.222
2443.06	122
2444.95	128.444
2446.83	127.333
2448.72	128.444
2450.61	128.444
2452.5	130.889
2454.39	139.778
