364.259	50.7488
367.212	59.2292
370.164	64.713
373.114	70.2345
376.063	78.1357
379.009	90.4296
381.955	98.8078
384.9	121.858
387.843	134.072
390.784	154.473
393.724	172.405
396.662	163.743
399.6	142.385
402.536	122.465
405.469	101.533
408.403	87.5953
411.334	89.3477
414.264	101.162
417.192	111.407
420.12	120.83
423.045	110.582
425.969	108.935
428.893	97.2839
431.814	83.6972
434.734	67.1679
437.652	52.2631
440.569	41.3724
443.485	39.8349
446.399	35.1012
449.312	33.7064
452.224	37.5413
455.134	31.6152
458.043	31.9099
460.949	31.4773
463.855	31.7624
466.76	37.7286
469.663	40.4931
472.564	53.2677
475.465	63.0286
478.363	77.6399
481.261	89.709
484.156	92.9858
487.05	85.7646
489.944	75.2686
492.835	62.5182
495.725	51.5429
498.614	45.208
501.502	41.6787
504.388	33.524
507.273	34.6458
510.156	32.8173
513.038	31.2231
515.919	32.8657
518.797	32.8792
521.675	29.0352
524.551	30.3749
527.426	28.6871
530.299	31.1625
533.172	32.2526
536.043	28.5161
538.912	28.8735
541.78	28.5519
544.646	26.8675
547.511	27.4908
550.375	28.5145
553.237	33.9749
556.098	32.0075
558.958	32.112
561.816	38.7769
564.673	36.3848
567.529	38.4422
570.382	34.9688
573.234	33.1102
576.086	31.7138
578.936	30.5756
581.785	27.9189
584.632	25.7011
587.477	26.8098
590.322	28.1529
593.164	24.4791
596.006	23.769
598.846	23.1011
601.686	24.4128
604.523	25.3887
607.359	24.7413
610.194	29.4645
613.027	28.244
615.859	31.7931
618.69	29.1654
621.519	32.8264
624.347	31.0195
627.174	32.7223
629.999	36.6031
632.823	48.3901
635.645	90.4245
638.466	165.663
641.286	270.884
644.104	305.487
646.921	245.163
649.736	159.993
652.551	81.5895
655.364	47.0397
658.175	31.1725
660.985	30.7837
663.795	26.2646
666.602	27.7636
669.408	30.0799
672.213	27.2717
675.016	30.6031
677.818	29.7534
680.619	34.3046
683.418	33.8346
686.216	35.8198
689.013	44.6493
691.808	49.9684
694.602	50.8905
697.395	48.551
700.186	45.5533
702.976	41.6114
705.765	31.5468
708.552	32.0553
711.338	29.8792
714.122	29.5727
716.906	28.6527
719.687	28.3634
722.468	33.7624
725.247	34.3944
728.025	32.0946
730.802	34.879
733.577	38.0532
736.351	44.036
739.124	47.657
741.894	57.6666
744.665	86.0246
747.433	139.767
750.201	309.186
752.966	577.868
755.731	805.997
758.494	857.172
761.256	714.309
764.016	452.491
766.776	238.404
769.534	116.673
772.29	71.3269
775.046	55.3595
777.8	45.9105
780.552	37.7278
783.304	36.1849
786.053	39.8524
788.802	40.7121
791.549	56.2364
794.296	73.9756
797.04	84.4258
799.784	86.2243
802.526	71.1463
805.266	55.482
808.006	41.8813
810.744	34.0843
813.481	27.6199
816.217	27.9042
818.951	29.25
821.683	27.4543
824.415	24.4345
827.145	23.564
829.874	27.6351
832.602	26.6474
835.329	29.1059
838.053	34.0553
840.777	42.5973
843.499	65.4143
846.22	94.373
848.94	127.666
851.659	135.586
854.376	126.3
857.092	97.935
859.807	72.1815
862.52	48.7069
865.232	36.909
867.943	32.1405
870.653	31.0261
873.361	35.88
876.068	36.3185
878.773	40.098
881.477	46.8645
884.18	55.3947
886.882	66.713
889.582	74.0969
892.282	74.3843
894.98	65.2617
897.676	55.0455
900.371	49.4155
903.065	41.8572
905.758	35.924
908.45	32.3014
911.139	27.5902
913.828	24.59
916.516	25.5117
919.202	23.0418
921.887	25.5902
924.571	24.5905
927.253	27.2566
929.934	21.6744
932.615	24.1611
935.292	26.9091
937.97	26.2029
940.646	27.1715
943.321	24.5025
945.994	25.2243
948.667	28.5961
951.337	22.7142
954.007	26.763
956.675	26.0546
959.342	26.6672
962.008	27.1506
964.673	29.3595
967.336	28.6865
969.998	29.1933
972.66	31.8937
975.319	39.1759
977.977	47.3337
980.634	66.0463
983.29	97.1463
985.944	170.113
988.597	351.491
991.249	618.279
993.9	799.089
996.549	803.241
999.197	623.141
1001.84	385.82
1004.49	186.974
1007.13	89.7317
1009.78	48.8363
1012.42	39.7487
1015.06	33.3395
1017.7	34.6615
1020.34	34.99
1022.97	33.713
1025.61	31.264
1028.24	30.2754
1030.88	22.9194
1033.51	26.1484
1036.14	22.4739
1038.77	24.1547
1041.4	22.2014
1044.02	18.9756
1046.65	23.7921
1049.27	20.1737
1051.9	23.7979
1054.52	20.9295
1057.14	21.8482
1059.76	17.3191
1062.38	20.1951
1064.99	21.6793
1067.61	20.8572
1070.22	21.9042
1072.84	26.2274
1075.45	31.8022
1078.06	35.0069
1080.67	38.1975
1083.28	41.4231
1085.89	39.9954
1088.49	35.9161
1091.1	31.2075
1093.7	25.7622
1096.3	20.7571
1098.9	20.7877
1101.5	20.8202
1104.1	20.4414
1106.7	20.5973
1109.29	19.1054
1111.89	23.9942
1114.48	21.4176
1117.07	20.1574
1119.66	20.064
1122.25	25.3904
1124.84	19.9852
1127.43	22.4212
1130.02	23.0052
1132.6	19.217
1135.18	24.1253
1137.77	24.3607
1140.35	26.1531
1142.93	36.4748
1145.51	47.3354
1148.09	62.4296
1150.66	72.6425
1153.24	68.5059
1155.81	61.9354
1158.38	55.1751
1160.95	54.9399
1163.53	53.2133
1166.09	51.7057
1168.66	50.8175
1171.23	57.4173
1173.79	59.5735
1176.36	63.5391
1178.92	63.8779
1181.48	63.9328
1184.04	54.538
1186.6	44.6518
1189.16	38.8635
1191.72	30.626
1194.27	28.6423
1196.83	29.2923
1199.38	24.2466
1201.93	24.4703
1204.49	20.775
1207.04	21.8747
1209.58	25.8761
1212.13	24.3649
1214.68	24.2263
1217.22	24.0346
1219.77	25.6877
1222.31	26.0521
1224.85	22.8684
1227.39	26.4368
1229.93	26.033
1232.47	28.8494
1235	28.4414
1237.54	29.7636
1240.07	29.1385
1242.61	34.1874
1245.14	39.5933
1247.67	48.149
1250.2	53.346
1252.73	62.3179
1255.25	67.1905
1257.78	77.1178
1260.3	81.6763
1262.83	92.2677
1265.35	102.642
1267.87	111.235
1270.39	117.499
1272.91	112.162
1275.43	111.966
1277.95	99.8195
1280.46	105.817
1282.97	101.041
1285.49	110.576
1288	140.199
1290.51	160.266
1293.02	174.993
1295.53	181.874
1298.03	160.792
1300.54	133.985
1303.04	111.474
1305.55	93.1059
1308.05	81.8696
1310.55	84.0514
1313.05	85.0424
1315.55	92.555
1318.05	96.8346
1320.54	110.57
1323.04	111.617
1325.53	108.576
1328.03	100.821
1330.52	82.3592
1333.01	66.2883
1335.5	56.6041
1337.99	48.4311
1340.47	38.4297
1342.96	40.9209
1345.44	32.3687
1347.93	34.648
1350.41	31.8117
1352.89	31.8219
1355.37	32.6972
1357.85	28.3354
1360.33	29.7646
1362.81	30.7354
1365.28	32.7132
1367.76	31.5362
1370.23	33.6544
1372.7	32.8689
1375.17	28.1755
1377.64	31.3464
1380.11	30.3589
1382.58	31.8641
1385.04	30.5012
1387.51	28.2926
1389.97	28.7383
1392.44	30.2495
1394.9	25.9858
1397.36	28.2158
1399.82	29.9469
1402.28	31.5531
1404.73	29.2263
1407.19	33.5842
1409.64	31.5498
1412.1	32.6379
1414.55	34.3627
1417	35.4878
1419.45	41.1012
1421.9	40.3191
1424.35	48.4302
1426.79	48.99
1429.24	47.5973
1431.68	50.1821
1434.13	54.1025
1436.57	63.3627
1439.01	71.1127
1441.45	84.6564
1443.89	84.3432
1446.33	77.9948
1448.76	78.9133
1451.2	77.9948
1453.63	71.7861
1456.07	67.5208
1458.5	68.9503
1460.93	67.5003
1463.36	63.4282
1465.79	62.3679
1468.22	58.3512
1470.64	53.8601
1473.07	52.4123
1475.49	42.4348
1477.91	40.4645
1480.34	37.5615
1482.76	35.0541
1485.18	31.6615
1487.59	31.2848
1490.01	33.0806
1492.43	30.9456
1494.84	31.0375
1497.26	28.4224
1499.67	30.3147
1502.08	30.4128
1504.49	30.94
1506.9	28.7976
1509.31	29.4345
1511.72	31.0957
1514.12	30.7702
1516.53	32.0247
1518.93	29.7732
1521.34	30.1551
1523.74	30.4348
1526.14	30.3802
1528.54	29.8404
1530.94	29.5572
1533.33	28.8954
1535.73	27.924
1538.12	32.5931
1540.52	31.7678
1542.91	32.9869
1545.3	36.2582
1547.69	34.8047
1550.08	36.6567
1552.47	35.9307
1554.86	40.3132
1557.24	43.5347
1559.63	48.4913
1562.01	53.8598
1564.4	75.4239
1566.78	109.217
1569.16	147.758
1571.54	200.561
1573.91	212.635
1576.29	195.319
1578.67	167.869
1581.04	143.707
1583.42	113.332
1585.79	91.0611
1588.16	85.3281
1590.53	73.2394
1592.9	64.1812
1595.27	62.2036
1597.64	54.9835
1600	56.9102
1602.37	59.9813
1604.73	59.7084
1607.1	59.6942
1609.46	59.4341
1611.82	64.4038
1614.18	67.2803
1616.54	74.6124
1618.9	86.0692
1621.25	94.7376
1623.61	100.136
1625.96	121.647
1628.31	140.98
1630.67	162.777
1633.02	185.252
1635.37	201.897
1637.72	225.092
1640.06	231.501
1642.41	234.422
1644.76	234.98
1647.1	220.017
1649.44	211.748
1651.79	182.975
1654.13	166.565
1656.47	150.269
1658.81	139.773
1661.15	117.056
1663.48	111.334
1665.82	94.9016
1668.15	90.5608
1670.49	77.9031
1672.82	70.1905
1675.15	63.9286
1677.48	59.4915
1679.81	54.8175
1682.14	52.2527
1684.47	49.9352
1686.79	53.3398
1689.12	44.6735
1691.44	44.6756
1693.76	44.025
1696.09	45.4022
1698.41	40.0246
1700.73	35.6362
1703.05	35.4194
1705.36	35.0007
1707.68	36.3158
1710	31.6557
1712.31	32.0812
1714.62	27.9147
1716.94	24.7564
1719.25	26.3854
1721.56	25.8719
1723.87	23.7729
1726.17	24.0418
1728.48	24.0748
1730.79	24.6049
1733.09	23.445
1735.4	21.9901
1737.7	19.8758
1740	24.667
1742.3	22.492
1744.6	22.4143
1746.9	23.3685
1749.2	22.8741
1751.49	22.1574
1753.79	19.7359
1756.08	21.5161
1758.38	20.3147
1760.67	19.8952
1762.96	20.6293
1765.25	17.042
1767.54	19.6928
1769.83	20.5973
1772.11	18.341
1774.4	17.1625
1776.68	17.3758
1778.97	18.9364
1781.25	16.012
1783.53	18.4706
1785.81	17.9653
1788.09	16.4944
1790.37	18.1047
1792.65	16.8747
1794.92	18.2617
1797.2	16.0747
1799.47	16.0321
1801.75	14.2589
1804.02	17.3809
1806.29	17.8888
1808.56	13.607
1810.83	15.9792
1813.1	17.0614
1815.37	14.6911
1817.63	15.2697
1819.9	15.6554
1822.16	14.8372
1824.42	15.036
1826.68	14.4588
1828.95	13.071
1831.21	14.3044
1833.46	11.9352
1835.72	14.3809
1837.98	15.0463
1840.23	15.1222
1842.49	14.891
1844.74	14.9133
1846.99	15.1978
1849.25	13.4258
1851.5	14.1608
1853.75	12.4854
1855.99	15.0694
1858.24	15.5554
1860.49	12.3947
1862.73	13.0911
1864.98	14.6124
1867.22	12.888
1869.46	14.6203
1871.71	12.3269
1873.95	15.4353
1876.18	12.6928
1878.42	14.3655
1880.66	14.2523
1882.9	14.6615
1885.13	14.5467
1887.37	13.4486
1889.6	13.7459
1891.83	13.7527
1894.06	12.7769
1896.29	14.129
1898.52	13.772
1900.75	11.3134
1902.98	18.1163
1905.2	13.0294
1907.43	12.1508
1909.65	10.5946
1911.87	11.4645
1914.1	12.3101
1916.32	13.5795
1918.54	12.3683
1920.75	15.3189
1922.97	13.1506
1925.19	7.31359
1927.41	11.3751
1929.62	12.1804
1931.83	14.3235
1934.05	11.6379
1936.26	10.6913
1938.47	13.0614
1940.68	11.751
1942.89	11.6399
1945.1	11.2418
1947.3	11.4513
1949.51	11.8331
1951.71	10.6535
1953.92	11.529
1956.12	10.9688
1958.32	10.8108
1960.52	10.8573
1962.72	12.7979
1964.92	12.1978
1967.12	8.26877
1969.31	11.971
1971.51	10.702
1973.7	11.5192
1975.9	12.4836
1978.09	10.657
1980.28	9.2628
1982.47	10.264
1984.66	11.1772
1986.85	13.0879
1989.04	11.2538
1991.23	9.78299
1993.41	10.5975
1995.6	13.6675
1997.78	12.2697
1999.96	11.3301
2002.14	10.2333
2004.33	10.0455
2006.51	11.4745
2008.68	10.9926
2010.86	11.5973
2013.04	11.7514
2015.22	10.2484
2017.39	13.8882
2019.56	11.8741
2021.74	9.85992
2023.91	10.4304
2026.08	12.3854
2028.25	9.27431
2030.42	14.1796
2032.59	11.2917
2034.75	11.2472
2036.92	11.0261
2039.08	13.6428
2041.25	11.1412
2043.41	13.0495
2045.57	13.7775
2047.73	15.0461
2049.89	10.6735
2052.05	11.2029
2054.21	9.6365
2056.37	9.24262
2058.52	12.3627
2060.68	8.92383
2062.83	7.35796
2064.99	9.42795
2067.14	7.97125
2069.29	9.5561
2071.44	13.1815
2073.59	13.3043
2075.74	10.4438
2077.89	9.37967
2080.03	11.0672
2082.18	8.05632
2084.32	11.5173
2086.47	8.3342
2088.61	10.7174
2090.75	10.6293
2092.89	10.702
2095.03	8.19054
2097.17	9.60189
2099.31	11.1416
2101.44	10.7534
2103.58	8.36849
2105.71	7.58854
2107.85	9.39475
2109.98	9.16102
2112.11	10.3327
2114.24	11.6877
2116.37	12.207
2118.5	13.1972
2120.63	9.79731
2122.76	8.61122
2124.88	8.81955
2127.01	10.1582
2129.13	14.1815
2131.25	10.3505
2133.38	11.1582
2135.5	10.7826
2137.62	12.3235
2139.74	9.53592
2141.86	9.76866
2143.97	10.1037
2146.09	9.3393
2148.21	10.5973
2150.32	10.3683
2152.43	8.30892
2154.55	9.60189
2156.66	11.9105
2158.77	10.9323
2160.88	11.1171
2162.99	11.749
2165.1	10.2743
2167.2	9.69672
2169.31	6.76812
2171.41	9.08887
2173.52	10.2029
2175.62	9.42003
2177.72	10.5802
2179.82	10.202
2181.93	9.70844
2184.02	11.3634
2186.12	8.98579
2188.22	7.47884
2190.32	11.1106
2192.41	11.0543
2194.51	10.0052
2196.6	9.26194
2198.69	9.84711
2200.79	8.28841
2202.88	7.60189
2204.97	11.1451
2207.06	10.7675
2209.14	8.95291
2211.23	10.0559
2213.32	9.41287
2215.4	7.91829
2217.49	8.45877
2219.57	9.2002
2221.65	8.8941
2223.73	13.6579
2225.81	8.4247
2227.89	9.82487
2229.97	9.5995
2232.05	10.4555
2234.13	10.4296
2236.2	7.92839
2238.28	9.59288
2240.35	10.681
2242.42	9.1582
2244.5	9.00163
2246.57	9.81445
2248.64	8.62272
2250.71	10.2944
2252.78	7.77865
2254.84	9.36274
2256.91	8.78917
2258.97	9.03461
2261.04	10.9683
2263.1	10.8064
2265.17	9.39453
2267.23	9.12825
2269.29	9.66732
2271.35	8.56326
2273.41	11.1373
2275.47	9.33963
2277.52	9.30946
2279.58	9.3291
2281.64	8.15723
2283.69	8.99121
2285.74	9.55751
2287.8	9.15473
2289.85	7.59505
2291.9	10.2628
2293.95	8.81272
2296	8.31315
2298.05	8.30653
2300.09	8.98459
2302.14	7.78288
2304.18	8.50879
2306.23	8.8253
2308.27	7.08789
2310.31	10.4125
2312.36	9.42795
2314.4	8.3788
2316.44	8.39138
2318.48	6.91352
2320.51	8.87196
2322.55	7.82986
2324.59	7.1033
2326.62	11.466
2328.66	9.29698
2330.69	8.12218
2332.72	7.80219
2334.75	7.84842
2336.78	7.63194
2338.81	9.58995
2340.84	8.79036
2342.87	9.02615
2344.9	13.2686
2346.92	17.8482
2348.95	9.06109
2350.97	7.8572
2353	7.38867
2355.02	9.9043
2357.04	9.70844
2359.06	10.803
2361.08	6.79492
2363.1	9.84646
2365.12	9.19542
2367.14	9.52062
2369.15	7.4247
2371.17	10.033
2373.18	8.38477
2375.19	8.76356
2377.21	9.80783
2379.22	6.59071
2381.23	8.54156
2383.24	8.7678
2385.25	9.73568
2387.26	9.89052
2389.26	8.264
2391.27	10.059
2393.28	10.59
2395.28	8.37988
2397.28	8.77984
2399.29	11.0661
2401.29	7.76237
2403.29	10.2199
2405.29	9.88824
2407.29	9.20823
2409.29	9.75065
2411.28	7.26313
2413.28	9.87348
2415.28	6.93989
2417.27	7.10124
2419.26	10.0574
2421.26	10.5309
2423.25	8.99479
2425.24	9.15961
2427.23	10.0123
2429.22	8.24837
2431.21	9.25738
2433.19	8.35319
2435.18	6.28483
2437.17	8.59071
2439.15	10.3534
2441.14	8.75271
2443.12	9.32769
2445.1	8.76866
2447.08	8.4043
2449.06	9.91895
2451.04	9.71029
2453.02	8.36849
2455	7.05414
2456.98	10.428
2458.95	7.59679
2460.93	10.2697
2462.9	8.50119
2464.87	7.68381
2466.85	10.6644
2468.82	10.4335
2470.79	8.3775
2472.76	9.36339
2474.73	12.2484
2476.7	9.0395
2478.66	8.80718
2480.63	9.77116
2482.6	9.07161
2484.56	8.42513
2486.52	9.77289
2488.49	8.43924
2490.45	9.97092
2492.41	9.04362
2494.37	9.19716
2496.33	9.11046
2498.29	10.6284
2500.25	8.65126
2502.2	10.1874
2504.16	8.83409
2506.11	10.8509
2508.07	9.77973
2510.02	8.55718
2511.97	10.4155
2513.92	8.23665
2515.88	9.63498
2517.83	9.20736
2519.77	8.12099
2521.72	7.42003
2523.67	12.2542
2525.62	11.8215
2527.56	11.1551
2529.51	10.8094
2531.45	12.2574
2533.39	11.1312
2535.33	9.95605
2537.28	10.9403
2539.22	9.25977
2541.16	9.73709
2543.09	10.1586
2545.03	10.1012
2546.97	10.615
2548.9	8.78993
2550.84	8.71875
2552.77	11.6618
2554.71	11.6885
2556.64	14.3281
2558.57	9.93641
2560.5	9.70584
2562.43	11.6502
2564.36	9.62055
2566.29	9.33366
2568.22	11.4396
2570.14	8.26194
2572.07	12.5055
2573.99	10.5812
2575.92	8.60189
2577.84	12.5263
2579.76	9.62164
2581.69	9.94097
2583.61	11.9442
2585.53	7.18739
2587.44	12.1369
2589.36	8.85959
2591.28	13.1664
2593.2	10.8623
2595.11	12.6642
2597.03	12.7188
2598.94	11.9846
2600.85	10.5506
2602.76	10.5946
2604.68	9.86914
2606.59	10.6158
2608.5	10.2289
2610.4	13.1088
2612.31	12.314
2614.22	13.1062
2616.13	9.85254
2618.03	13.4465
2619.94	11.6616
2621.84	14.6459
2623.74	11.8155
2625.64	11.2788
2627.54	13.607
2629.45	14.5311
2631.34	13.8837
2633.24	12.8681
2635.14	15.4448
2637.04	12.5013
2638.93	10.915
2640.83	13.4745
2642.72	14.9091
2644.62	27.6041
2646.51	26.9352
2648.4	27.7613
2650.29	25.1529
2652.18	19.42
2654.07	15.7062
2655.96	15.0391
2657.85	19.2574
2659.74	16.4939
2661.62	21.8337
2663.51	19.2611
2665.39	22.499
2667.27	22.3794
2669.16	31.4811
2671.04	43.9846
2672.92	70.2716
2674.8	94.4302
2676.68	91.3444
2678.56	80.4464
2680.44	70.4507
2682.31	50.6961
2684.19	34.4835
2686.06	45.6318
2687.94	55.7594
2689.81	72.6609
2691.68	120.157
2693.56	299.022
2695.43	325.656
2697.3	215.733
2699.17	173.679
2701.04	110.328
2702.9	65.9637
2704.77	54.0241
2706.64	40.3767
2708.5	28.1621
2710.37	21.3191
2712.23	16.3432
2714.09	15.6663
2715.96	14.3638
2717.82	14.4805
2719.68	17.7651
2721.54	17.3505
2723.4	14.6518
2725.25	18.9681
2727.11	18.1283
2728.97	14.4371
2730.82	15.5946
2732.68	12.0792
2734.53	14.2836
2736.38	13.199
2738.24	13.7569
2740.09	14.1692
2741.94	13.2527
2743.79	12.7527
2745.64	16.836
2747.48	14.5505
2749.33	14.0412
2751.18	9.98459
2753.02	9.31912
2754.87	10.7636
2756.71	12.1286
2758.56	12.0179
2760.4	6.54243
2762.24	10.1782
