365.286	281.96
368.238	289.433
371.189	286.05
374.139	294.404
377.087	306.232
380.034	312.536
382.979	305.149
385.923	284.151
388.866	288.515
391.806	284.566
394.745	280.776
397.684	282.777
400.62	277.929
403.555	280.369
406.49	286.749
409.421	290.515
412.353	295.28
415.282	285.674
418.209	294.1
421.137	294.975
424.062	308.351
426.985	307.816
429.908	326.119
432.829	329.113
435.748	320.154
438.666	328.896
441.583	313.254
444.498	307.441
447.412	289.907
450.324	293.071
453.235	292.766
456.145	286.071
459.052	285.067
461.959	283.012
464.865	269.805
467.769	255.938
470.671	255.962
473.572	251.379
476.471	247.203
479.37	243.758
482.266	248.515
485.162	245.092
488.056	247.691
490.948	247.913
493.839	243.103
496.73	249.367
499.618	250.652
502.505	251.455
505.39	246.705
508.275	247.341
511.157	251.155
514.039	249.484
516.919	253.456
519.798	259.012
522.674	253.387
525.55	241.04
528.425	246.254
531.297	237.825
534.169	225.15
537.039	227.431
539.908	221.849
542.775	231.635
545.642	228.394
548.506	231.695
551.369	227.853
554.231	228.071
557.092	222.583
559.951	219.712
562.808	230.154
565.664	228.776
568.519	233.717
571.373	232.971
574.225	234.15
577.076	226.834
579.925	233.526
582.773	233.36
585.62	234.123
588.466	233.927
591.309	225.004
594.152	223.758
596.993	218.928
599.832	225.729
602.671	227.799
605.508	223.404
608.343	216.929
611.178	220.457
614.011	226.878
616.842	218.776
619.672	227.97
622.501	216.214
625.329	231.515
628.155	232.557
630.98	245.151
633.802	247.868
636.624	252.261
639.445	235.758
642.264	234.15
645.082	236.483
647.898	243.216
650.714	246.472
653.527	244.176
656.34	257.132
659.151	265.224
661.961	273.989
664.769	254.366
667.576	245.631
670.382	232.019
673.186	232.749
675.989	221.668
678.791	220.928
681.591	222.427
684.39	217.19
687.187	215.013
689.983	214.381
692.779	225.333
695.572	222.92
698.363	222.224
701.155	223.568
703.944	225.679
706.733	219.089
709.519	220.203
712.305	225.531
715.089	222.483
717.871	229.01
720.653	224.86
723.433	228.49
726.212	222.457
728.989	226.1
731.765	227.935
734.54	226.091
737.313	214.299
740.085	226.333
742.856	215.771
745.625	222.536
748.394	223.857
751.16	212.122
753.926	217.013
756.689	219.647
759.452	222.301
762.214	218.092
764.974	224.492
767.733	223.061
770.49	224.616
773.246	222.322
776.001	225.547
778.755	227.838
781.507	217.677
784.258	228.224
787.007	224.818
789.756	244.138
792.502	231.76
795.247	224.035
797.992	232.194
800.735	224.899
803.477	229.454
806.217	225.113
808.956	236.555
811.694	242.372
814.43	242.723
817.165	239.938
819.899	242.723
822.631	232.557
825.362	232.195
828.092	224.163
830.82	208.849
833.548	225.092
836.274	219.314
838.998	219.469
841.721	228.849
844.444	221.314
847.165	221.825
849.884	221.929
852.601	221.557
855.318	209.418
858.034	209.964
860.749	218.296
863.461	209.404
866.173	216.129
868.883	215.563
871.592	212.047
874.3	212.046
877.006	215.562
879.712	213.536
882.415	201.627
885.118	199.866
887.819	202.937
890.519	212.262
893.218	215.916
895.914	216.262
898.611	216.057
901.306	216.021
903.999	209.28
906.692	198.943
909.382	207.877
912.072	211.723
914.761	201.816
917.447	206.587
920.133	201.558
922.818	201.758
925.501	204.833
928.183	203.963
930.864	204.524
933.543	197.293
936.221	199.677
938.898	197.077
941.574	199.339
944.248	198.451
946.921	203.791
949.593	200.677
952.263	201.1
954.932	199.524
957.6	201.335
960.267	200.605
962.932	211.847
965.597	212.967
968.26	210.802
970.922	215.782
973.581	229.069
976.241	231.272
978.898	235.624
981.555	263.745
984.21	277.544
986.864	305.361
989.517	347.17
992.169	384.715
994.819	420.242
997.468	468.787
1000.12	504.131
1002.76	518
1005.41	524.032
1008.05	524.789
1010.69	490.536
1013.34	451.53
1015.98	377.881
1018.61	322.759
1021.25	279.731
1023.89	254.405
1026.52	242.494
1029.16	229.352
1031.79	234.568
1034.42	236.905
1037.05	229.054
1039.68	227.445
1042.31	234.296
1044.93	254.192
1047.56	267.524
1050.18	280.814
1052.81	263.636
1055.43	262.251
1058.05	248.261
1060.67	237.537
1063.28	228.05
1065.9	238.158
1068.52	242.996
1071.13	244.991
1073.74	253.132
1076.35	255.937
1078.96	273.604
1081.57	285.3
1084.18	296.849
1086.79	296.233
1089.39	289.43
1092	297.688
1094.6	304.493
1097.2	299.774
1099.8	290.048
1102.4	286.53
1105	271.404
1107.6	281.958
1110.19	284.272
1112.79	300.819
1115.38	319.544
1117.97	314.877
1120.56	327.847
1123.15	323.73
1125.74	311.009
1128.33	297.159
1130.91	287.613
1133.5	282.898
1136.08	267.027
1138.66	253.663
1141.24	241.716
1143.82	244.604
1146.4	244.122
1148.98	249.122
1151.55	257.373
1154.13	245.346
1156.7	250.113
1159.27	237.76
1161.85	247.113
1164.42	237.211
1166.98	234.392
1169.55	234.68
1172.12	226.856
1174.68	232.419
1177.25	231.89
1179.81	223.143
1182.37	221.082
1184.93	216.002
1187.49	215.515
1190.05	206.122
1192.6	214.139
1195.16	211.841
1197.71	206.988
1200.27	206.928
1202.82	196.899
1205.37	203.941
1207.92	208.253
1210.47	206.692
1213.01	203.799
1215.56	211.954
1218.1	212.939
1220.65	211.192
1223.19	213.33
1225.73	217.224
1228.27	214.791
1230.81	217.548
1233.35	219.514
1235.88	220.903
1238.42	218.819
1240.95	215.365
1243.48	219.948
1246.02	212.547
1248.55	204.982
1251.07	205.214
1253.6	208.766
1256.13	208.159
1258.66	199.826
1261.18	197.278
1263.7	203.603
1266.22	206.611
1268.75	207.251
1271.27	208.836
1273.78	209.568
1276.3	216.204
1278.82	220.446
1281.33	211.515
1283.85	215.967
1286.36	204.867
1288.87	215.437
1291.38	222.409
1293.89	218.903
1296.4	215.258
1298.9	213.775
1301.41	220.636
1303.91	209.413
1306.41	209.022
1308.92	207.715
1311.42	208.191
1313.92	209.512
1316.42	208.059
1318.91	202.738
1321.41	207.04
1323.9	211.101
1326.4	205.451
1328.89	214.119
1331.38	209.283
1333.87	209.439
1336.36	206.077
1338.85	207.116
1341.34	213.558
1343.82	212.716
1346.31	210.89
1348.79	210.679
1351.27	209.04
1353.75	217.846
1356.23	217.291
1358.71	223.136
1361.19	226.482
1363.66	226.092
1366.14	237.924
1368.61	227.635
1371.09	238.522
1373.56	247.189
1376.03	251.217
1378.5	259.412
1380.96	256.882
1383.43	245.848
1385.9	245.849
1388.36	235.053
1390.83	228.032
1393.29	217.51
1395.75	207.113
1398.21	207.1
1400.67	191.8
1403.13	202.161
1405.58	189.648
1408.04	191.678
1410.49	192.597
1412.95	187.139
1415.4	184.773
1417.85	191.124
1420.3	186.565
1422.75	193.077
1425.2	186.123
1427.64	178.39
1430.09	187.865
1432.53	187.766
1434.97	188.383
1437.42	185.558
1439.86	187.974
1442.3	187.149
1444.73	175.647
1447.17	174.111
1449.61	170.88
1452.04	168.142
1454.48	168.968
1456.91	167.134
1459.34	173.516
1461.77	174.271
1464.2	175.109
1466.63	161.567
1469.06	157.313
1471.48	168.887
1473.91	163.994
1476.33	168.339
1478.75	173.28
1481.17	172.253
1483.6	155.614
1486.01	156.722
1488.43	161.16
1490.85	159.16
1493.27	151.055
1495.68	153.991
1498.09	152.28
1500.51	152.849
1502.92	155.98
1505.33	152.672
1507.74	150.938
1510.14	157.425
1512.55	153.562
1514.96	149.915
1517.36	156.581
1519.77	153.332
1522.17	151.561
1524.57	155.124
1526.97	163.381
1529.37	160.071
1531.77	165.836
1534.16	165.837
1536.56	165.335
1538.95	172.8
1541.35	174.192
1543.74	172.458
1546.13	174.022
1548.52	185.894
1550.91	193.92
1553.3	188.472
1555.68	176.005
1558.07	176.446
1560.45	179.342
1562.84	171.857
1565.22	178.725
1567.6	183.047
1569.98	180.45
1572.36	197.432
1574.74	190.857
1577.12	195.391
1579.49	194.34
1581.87	189.042
1584.24	188.294
1586.61	182.419
1588.98	169.227
1591.35	169.503
1593.72	167.748
1596.09	156.343
1598.46	158.725
1600.82	154.159
1603.19	138.101
1605.55	143.863
1607.92	140.121
1610.28	135.411
1612.64	141.226
1615	129.564
1617.36	132.253
1619.71	131.674
1622.07	129.679
1624.42	129.701
1626.78	118.175
1629.13	123.15
1631.48	127.941
1633.83	123.998
1636.18	122.644
1638.53	121.137
1640.88	122.064
1643.22	114.234
1645.57	120.234
1647.91	119.235
1650.26	119.228
1652.6	114.469
1654.94	114.459
1657.28	114.347
1659.62	122.684
1661.96	117.018
1664.29	111.497
1666.63	110.018
1668.96	109.975
1671.3	105.05
1673.63	109.691
1675.96	110.882
1678.29	106.509
1680.62	108.63
1682.95	104.567
1685.27	103.826
1687.6	107.149
1689.92	102
1692.25	106.256
1694.57	98.4251
1696.89	106.852
1699.21	107.359
1701.53	105.012
1703.85	107.844
1706.17	102.166
1708.48	102.375
1710.8	102.916
1713.11	102.469
1715.43	102.68
1717.74	104.624
1720.05	100.573
1722.36	97.2021
1724.67	96.5499
1726.97	102.027
1729.28	99.2371
1731.59	98.5538
1733.89	98.7441
1736.19	102.517
1738.5	97.6241
1740.8	99.591
1743.1	101.131
1745.4	97.8389
1747.7	91.4909
1749.99	99.8887
1752.29	98.6572
1754.58	91.7807
1756.88	99.2842
1759.17	94.8087
1761.46	91.6408
1763.75	93.8848
1766.04	95.7274
1768.33	95.722
1770.62	90.2489
1772.91	90.2123
1775.19	88.6234
1777.48	87.3401
1779.76	84.8742
1782.04	88.3253
1784.32	82.9229
1786.6	92.414
1788.88	80.0569
1791.16	87.1922
1793.44	84.3506
1795.71	86.2166
1797.99	85.2943
1800.26	82.4937
1802.54	85.0162
1804.81	82.8307
1807.08	81.2489
1809.35	83.4111
1811.62	79.9147
1813.88	78.3673
1816.15	81.0243
1818.42	83.7287
1820.68	82.0717
1822.95	82.7963
1825.21	76.4593
1827.47	81.2608
1829.73	81.0353
1831.99	78.7741
1834.25	83.7163
1836.51	75.6878
1838.76	79.168
1841.02	78.283
1843.27	77.0635
1845.52	76.2643
1847.78	81.5579
1850.03	77.549
1852.28	74.5838
1854.53	78.5297
1856.78	78.3253
1859.02	74.8227
1861.27	74.3902
1863.51	77.5123
1865.76	78.3829
1868	73.8631
1870.24	77.722
1872.48	74.6541
1874.72	79.5055
1876.96	74.0934
1879.2	75.0934
1881.44	72.3754
1883.67	73.1886
1885.91	76.8495
1888.14	72.3673
1890.37	79.638
1892.61	76.8933
1894.84	75.9633
1897.07	73.3686
1899.29	74.4379
1901.52	71.146
1903.75	80.0464
1905.97	75.107
1908.2	71.7131
1910.42	68.9353
1912.64	73.8242
1914.87	70.5079
1917.09	77.6839
1919.31	71.2577
1921.52	75.2209
1923.74	70.91
1925.96	70.7679
1928.17	74.6839
1930.39	72.4537
1932.6	68.9948
1934.81	68.4035
1937.03	69.7274
1939.24	67.8307
1941.45	67.9745
1943.65	70.6973
1945.86	64.7463
1948.07	70.414
1950.27	69.4012
1952.48	65.2967
1954.68	67.5123
1956.88	68.6498
1959.08	70.114
1961.29	64.95
1963.48	66.8389
1965.68	68.3401
1967.88	66.8242
1970.08	61.0943
1972.27	67.4831
1974.47	69.5279
1976.66	67.1964
1978.85	62.3754
1981.04	65.6166
1983.23	65.4054
1985.42	61.5585
1987.61	64.9353
1989.8	62.8694
1991.99	61.3268
1994.17	59.63
1996.36	61.5799
1998.54	65.6206
2000.72	66.0934
2002.9	64.8127
2005.08	67.1326
2007.26	62.5717
2009.44	60.8872
2011.62	63.2752
2013.8	61.114
2015.97	63.7317
2018.15	56.6711
2020.32	61.3363
2022.49	63.7019
2024.66	62.1789
2026.83	60.714
2029	62.8522
2031.17	61.7582
2033.34	60.7354
2035.51	59.2399
2037.67	52.2943
2039.84	56.5055
2042	55.6711
2044.16	57.2833
2046.32	55.9229
2048.48	57.072
2050.64	61.1354
2052.8	61.2687
2054.96	58.6048
2057.12	53.8498
2059.27	57.7491
2061.43	60.6844
2063.58	55.7278
2065.73	55.6273
2067.89	51.7807
2070.04	53.0258
2072.19	56.9863
2074.34	56.3968
2076.48	62.127
2078.63	54.4189
2080.78	56.2076
2082.92	54.5301
2085.07	52.1813
2087.21	55.7019
2089.35	54.8199
2091.49	57.3495
2093.63	53.6276
2095.77	54.8824
2097.91	58.3047
2100.05	51.1584
2102.19	51.8498
2104.32	54.5557
2106.45	53.9132
2108.59	59.8296
2110.72	53.4268
2112.85	46.8498
2114.98	52.0258
2117.11	55.0029
2119.24	50.2252
2121.37	53.3292
2123.5	52.9524
2125.62	48.8918
2127.75	53.3506
2129.87	54.9567
2131.99	52.034
2134.11	49.5379
2136.24	53.9567
2138.36	52.9051
2140.47	54.5297
2142.59	50.36
2144.71	51.8918
2146.83	47.5939
2148.94	47.0421
2151.06	47.4474
2153.17	44.9038
2155.28	45.9497
2157.39	50.2671
2159.5	54.3576
2161.61	47.7196
2163.72	48.8498
2165.83	47.9677
2167.94	46.7463
2170.04	48.29
2172.15	48.8413
2174.25	46.3941
2176.35	46.8824
2178.45	46.6051
2180.56	42.5379
2182.66	45.2223
2184.75	47.0775
2186.85	43.2248
2188.95	45.8498
2191.05	47.3402
2193.14	49.0173
2195.24	43.602
2197.33	46.1284
2199.42	44.3472
2201.51	42.5585
2203.6	46.1722
2205.69	41.8389
2207.78	45.2967
2209.87	45.0856
2211.96	45.5269
2214.04	46.3078
2216.13	47.1354
2218.21	49.3402
2220.29	49.9038
2222.38	45.3156
2224.46	49.1464
2226.54	44.5269
2228.62	47.7822
2230.69	47.5799
2232.77	45.6696
2234.85	43.1156
2236.92	39.8389
2239	43.4865
2241.07	42.2489
2243.15	42.0258
2245.22	42.9935
2247.29	43.2833
2249.36	42.0258
2251.43	46.072
2253.49	41.9742
2255.56	41.6276
2257.63	44.8021
2259.69	42.9609
2261.76	43.1354
2263.82	43.8712
2265.88	42.2881
2267.95	39.95
2270.01	42.0258
2272.07	40.5475
2274.12	44.0553
2276.18	40.2857
2278.24	40.8634
2280.3	42.8498
2282.35	41.1576
2284.41	38.7369
2286.46	38.0611
2288.51	37.0934
2290.56	40.4077
2292.61	38.7713
2294.66	40.0678
2296.71	36.114
2298.76	42.0353
2300.8	38.3156
2302.85	38.3156
2304.9	37.3156
2306.94	39.3156
2308.98	35.4268
2311.03	37.3592
2313.07	38.2395
2315.11	39.1899
2317.15	36.7713
2319.19	39.8036
2321.22	37.8307
2323.26	38.7713
2325.3	38.9714
2327.33	32.8021
2329.36	38.4688
2331.4	39.4827
2333.43	39.1369
2335.46	35.2833
2337.49	36.2833
2339.52	39.3363
2341.55	39.0611
2343.58	38.549
2345.6	35.7387
2347.63	48.0856
2349.65	40.4474
2351.68	37.8918
2353.7	35.8456
2355.72	36.7387
2357.74	37.0044
2359.76	38.1464
2361.78	35.3576
2363.8	31.8712
2365.82	35.6166
2367.84	30.549
2369.85	34.4011
2371.87	31.3268
2373.88	32.0029
2375.9	32.649
2377.91	32.6696
2379.92	36.1098
2381.93	34.8389
2383.94	32.4011
2385.95	35.8918
2387.96	32.0436
2389.96	35.4688
2391.97	32.8918
2393.97	35.3944
2395.98	32.9609
2397.98	26.1722
2399.98	33.5165
2401.98	34.9028
2403.99	34.4909
2405.99	34.95
2407.98	33.6166
2409.98	34.5814
2411.98	34.3754
2413.98	34.602
2415.97	29.8824
2417.96	32.072
2419.96	32.8389
2421.95	32.5379
2423.94	30.4474
2425.93	31.229
2427.92	35.5585
2429.91	34.4688
2431.9	31.7278
2433.89	32.4054
2435.87	30.7278
2437.86	33.0353
2439.84	31.7713
2441.83	30.8712
2443.81	32.7131
2445.79	33.2371
2447.77	29.7278
2449.75	31.0934
2451.73	33.3156
2453.71	29.5055
2455.69	28.0029
2457.67	29.5379
2459.64	29.5799
2461.62	31.4268
2463.59	29.0029
2465.56	35.5055
2467.54	31.2275
2469.51	29.4909
2471.48	27.56
2473.45	31.5409
2475.42	30.8251
2477.38	29.4474
2479.35	31.3716
2481.32	28.649
2483.28	28.8021
2485.25	28.7523
2487.21	28.9609
2489.17	28.114
2491.13	28.7278
2493.09	27.0611
2495.05	27.6711
2497.01	28.0934
2498.97	27.5379
2500.93	27.4158
2502.89	28.95
2504.84	27.7721
2506.8	28.7822
2508.75	28.8352
2510.7	28.8918
2512.65	26.8199
2514.61	25.1464
2516.56	28.2842
2518.51	29.0825
2520.45	26.7601
2522.4	27.7235
2524.35	26.5269
2526.29	25.8307
2528.24	26.8456
2530.18	30.0853
2532.13	29.1936
2534.07	27.1936
2536.01	26.3592
2537.95	25.4474
2539.89	24.3798
2541.83	28.3944
2543.77	26.5977
2545.71	28.5379
2547.64	25.3576
2549.58	24.9935
2551.51	24.9823
2553.45	25.3482
2555.38	28.072
2557.31	28.072
2559.25	26.5973
2561.18	24.4688
2563.11	25.2643
2565.03	25.3798
2566.96	25.1936
2568.89	22.3047
2570.82	27.8712
2572.74	26.3472
2574.67	28.2465
2576.59	24.8242
2578.51	26.2997
2580.43	21.114
2582.36	24.0464
2584.28	23.2857
2586.2	24.2943
2588.11	28.2967
2590.03	25.691
2591.95	25.0353
2593.86	24.602
2595.78	25.3798
2597.69	24.602
2599.61	26.4403
2601.52	26.1532
2603.43	24.9132
2605.34	25.931
2607.25	23.549
2609.16	26.2252
2611.07	22.3798
2612.98	23.6602
2614.89	24.6276
2616.79	23.5585
2618.7	23.7131
2620.6	26.2252
2622.5	26.2465
2624.41	20.8021
2626.31	20.7278
2628.21	23.5165
2630.11	23.3156
2632.01	26.9935
2633.91	26.6166
2635.8	25.4054
2637.7	23.3047
2639.6	24.7822
2641.49	26.1354
2643.39	26.2252
2645.28	29.3798
2647.17	30.7301
2649.06	35.8456
2650.95	31.2687
2652.84	26.217
2654.73	25.8352
2656.62	26.0029
2658.51	28.5269
2660.4	26.4268
2662.28	26.5379
2664.17	25.95
2666.05	25.5379
2667.93	28.6602
2669.82	33.7301
2671.7	40.7278
2673.58	52.8389
2675.46	67.0611
2677.34	66.5055
2679.21	57.619
2681.09	48.691
2682.97	45.0173
2684.84	36.7278
2686.72	32.8021
2688.59	42.0611
2690.47	59.0934
2692.34	78.5585
2694.21	168.394
2696.08	205.205
2697.95	184.702
2699.82	141.181
2701.69	81.7601
2703.56	57.5799
2705.42	47.7713
2707.29	40.4583
2709.15	31.2833
2711.02	27.8036
2712.88	25.0353
2714.75	23.3754
2716.61	27.3944
2718.47	23.8933
2720.33	21.691
2722.19	20.6711
2724.05	21.1832
2725.9	21.114
2727.76	19.5585
2729.62	24.1722
2731.47	24.3576
2733.33	27.3686
2735.18	20.3047
2737.03	24.5814
2738.88	21.7278
2740.73	19.4268
2742.59	19.3576
2744.43	19.5585
2746.28	18.3268
2748.13	19.2833
2749.98	22.3576
2751.82	23.1665
2753.67	19.649
2755.51	19.6815
2757.36	17.4688
2759.2	22.619
2761.04	18.0029
2762.88	19.602
