365.286	256.667
368.238	265.72
371.189	255.336
374.139	275.127
377.087	283.866
380.034	287.529
382.979	282.12
385.923	271.235
388.866	258.391
391.806	254.397
394.745	259.146
397.684	248.368
400.62	253.242
403.555	252.35
406.49	255.213
409.421	256.364
412.353	255.741
415.282	257.465
418.209	248.857
421.137	262.119
424.062	272.541
426.985	275.178
429.908	276.567
432.829	288.693
435.748	289.157
438.666	284.328
441.583	278.883
444.498	283.625
447.412	270.008
450.324	271.076
453.235	266.643
456.145	276.003
459.052	261.441
461.959	252.585
464.865	252.4
467.769	244.836
470.671	239.696
473.572	237.108
476.471	238.507
479.37	242.174
482.266	228.897
485.162	233.341
488.056	244.8
490.948	237.362
493.839	241.245
496.73	230.817
499.618	236.374
502.505	240.915
505.39	232.112
508.275	236.43
511.157	241.878
514.039	242.011
516.919	240.228
519.798	243.335
522.674	242.948
525.55	231.322
528.425	224.328
531.297	215.141
534.169	218.699
537.039	219.77
539.908	218.211
542.775	219.433
545.642	218.581
548.506	218.394
551.369	209.321
554.231	216.486
557.092	219.557
559.951	223.113
562.808	214.605
565.664	219.529
568.519	224.696
571.373	219.596
574.225	223.561
577.076	223.348
579.925	221.696
582.773	221.387
585.62	218.675
588.466	223.866
591.309	214.02
594.152	213.976
596.993	210.378
599.832	214.772
602.671	219.47
605.508	216.736
608.343	215.37
611.178	210.831
614.011	217.687
616.842	217.151
619.672	213.576
622.501	215.291
625.329	220.564
628.155	218.564
630.98	222.089
633.802	222.889
636.624	233.553
639.445	220.536
642.264	214.51
645.082	224.514
647.898	227.855
650.714	221.919
653.527	236.105
656.34	241.78
659.151	232.098
661.961	238.261
664.769	227.696
667.576	219.026
670.382	210.988
673.186	208.457
675.989	207.268
678.791	202.03
681.591	195.287
684.39	206.728
687.187	204.087
689.983	205.33
692.779	208.174
695.572	202.439
698.363	202.026
701.155	209.623
703.944	212.76
706.733	205.652
709.519	202.32
712.305	204.767
715.089	213.543
717.871	220.155
720.653	212.585
723.433	212.287
726.212	206.696
728.989	208.105
731.765	210.103
734.54	212.92
737.313	210.892
740.085	214.778
742.856	210.752
745.625	206.855
748.394	202.141
751.16	216.351
753.926	210.694
756.689	221.949
759.452	214.503
762.214	211.605
764.974	209.009
767.733	219.345
770.49	212.157
773.246	208.268
776.001	209.223
778.755	208.11
781.507	216.236
784.258	208.423
787.007	206.713
789.756	216.316
792.502	211.283
795.247	214.919
797.992	220.118
800.735	220.016
803.477	222.824
806.217	221.687
808.956	222.699
811.694	227.76
814.43	225.656
817.165	220.201
819.899	218.465
822.631	217.342
825.362	208.87
828.092	207.46
830.82	212.054
833.548	212.115
836.274	206.465
838.998	216.328
841.721	208.997
844.444	211.423
847.165	212.79
849.884	212.108
852.601	204.063
855.318	200.9
858.034	197.535
860.749	206.091
863.461	199.579
866.173	208.064
868.883	204.109
871.592	197.743
874.3	196.455
877.006	189.328
879.712	190.221
882.415	200.165
885.118	200.699
887.819	192.044
890.519	195.474
893.218	200.609
895.914	195.17
898.611	210.12
901.306	204.292
903.999	205.032
906.692	200.809
909.382	196.81
912.072	200.536
914.761	204.488
917.447	203.446
920.133	193.76
922.818	193.391
925.501	189.587
928.183	194.699
930.864	198.106
933.543	187.585
936.221	190.211
938.898	189.95
941.574	192.141
944.248	190.861
946.921	185.101
949.593	197.585
952.263	199.211
954.932	194.731
957.6	194.548
960.267	191.011
962.932	199.728
965.597	195.897
968.26	196.919
970.922	190.619
973.581	196.523
976.241	200.338
978.898	207.316
981.555	217.322
984.21	218.524
986.864	229.771
989.517	236.758
992.169	260.711
994.819	258.423
997.468	281.55
1000.12	309.912
1002.76	317.023
1005.41	338.853
1008.05	337.752
1010.69	333.608
1013.34	306.746
1015.98	292.947
1018.61	258.001
1021.25	234.432
1023.89	219.148
1026.52	214.8
1029.16	209.863
1031.79	204.981
1034.42	209.343
1037.05	210.252
1039.68	212.902
1042.31	214.564
1044.93	213.656
1047.56	222.817
1050.18	224.42
1052.81	233.148
1055.43	224.621
1058.05	221.664
1060.67	221.699
1063.28	211.767
1065.9	215.421
1068.52	224.077
1071.13	226.291
1073.74	225.19
1076.35	232.689
1078.96	242.311
1081.57	239.985
1084.18	250.989
1086.79	245.625
1089.39	258.374
1092	267.89
1094.6	263.699
1097.2	267.385
1099.8	267.581
1102.4	247.881
1105	242.625
1107.6	239.061
1110.19	242.006
1112.79	244.919
1115.38	247.141
1117.97	244.209
1120.56	257.394
1123.15	258.638
1125.74	244.808
1128.33	245.442
1130.91	231.1
1133.5	222.403
1136.08	214.446
1138.66	219.144
1141.24	215.129
1143.82	209.462
1146.4	219.468
1148.98	223.91
1151.55	222.25
1154.13	221.243
1156.7	219.054
1159.27	217.517
1161.85	212.233
1164.42	215.501
1166.98	209.191
1169.55	209.493
1172.12	211.757
1174.68	213.9
1177.25	206.474
1179.81	206.431
1182.37	203.643
1184.93	196.585
1187.49	196.728
1190.05	194.989
1192.6	193.353
1195.16	193.098
1197.71	192.145
1200.27	186.6
1202.82	185.661
1205.37	179.216
1207.92	190.689
1210.47	191.322
1213.01	183.422
1215.56	190.366
1218.1	178.789
1220.65	175.746
1223.19	182.678
1225.73	200.271
1228.27	186.442
1230.81	185.095
1233.35	195.645
1235.88	188.02
1238.42	190.951
1240.95	188.132
1243.48	191.722
1246.02	193.322
1248.55	184.462
1251.07	194.791
1253.6	198.098
1256.13	194.268
1258.66	188.462
1261.18	188.535
1263.7	188.157
1266.22	189.804
1268.75	194.931
1271.27	191.472
1273.78	197.016
1276.3	196.16
1278.82	207.12
1281.33	197.935
1283.85	195.656
1286.36	199.919
1288.87	196.372
1291.38	201.713
1293.89	206.974
1296.4	191.282
1298.9	194.537
1301.41	188.326
1303.91	193.48
1306.41	191.108
1308.92	186.907
1311.42	192.778
1313.92	187.915
1316.42	193.4
1318.91	189.453
1321.41	201.082
1323.9	199.32
1326.4	189.886
1328.89	194.03
1331.38	194.544
1333.87	196.565
1336.36	215.215
1338.85	203.873
1341.34	199.647
1343.82	204.939
1346.31	195.37
1348.79	191.772
1351.27	198.523
1353.75	197.663
1356.23	203.079
1358.71	205.786
1361.19	207.043
1363.66	211.217
1366.14	207.243
1368.61	215.645
1371.09	212.474
1373.56	231.388
1376.03	235.088
1378.5	231.462
1380.96	235.468
1383.43	233.761
1385.9	226.9
1388.36	217.767
1390.83	219.238
1393.29	205.268
1395.75	211.308
1398.21	190.542
1400.67	193.172
1403.13	176.539
1405.58	183.866
1408.04	183.16
1410.49	184.542
1412.95	178.423
1415.4	173.196
1417.85	181.367
1420.3	177.886
1422.75	179.826
1425.2	185.77
1427.64	174.878
1430.09	182.062
1432.53	174.32
1434.97	174.752
1437.42	178.865
1439.86	177.659
1442.3	176.821
1444.73	171.572
1447.17	164.687
1449.61	162.503
1452.04	160.728
1454.48	168.602
1456.91	151.645
1459.34	168.311
1461.77	160.798
1464.2	158.789
1466.63	158.521
1469.06	173.52
1471.48	154.989
1473.91	166.17
1476.33	167.054
1478.75	167.579
1481.17	164.057
1483.6	159.98
1486.01	158.287
1488.43	153.704
1490.85	155.067
1493.27	151.779
1495.68	155.174
1498.09	151.322
1500.51	157.365
1502.92	145.948
1505.33	150.565
1507.74	156.454
1510.14	152.976
1512.55	148.868
1514.96	150.532
1517.36	153.987
1519.77	155.037
1522.17	151.3
1524.57	151.754
1526.97	157.108
1529.37	151.92
1531.77	159.491
1534.16	149.772
1536.56	156.098
1538.95	158.067
1541.35	157.981
1543.74	156.905
1546.13	167.915
1548.52	156.261
1550.91	159.908
1553.3	158.994
1555.68	156.689
1558.07	161.165
1560.45	159.457
1562.84	163.767
1565.22	161.869
1567.6	169.047
1569.98	167.992
1572.36	182.406
1574.74	175.976
1577.12	172.326
1579.49	175.268
1581.87	178.098
1584.24	173.472
1586.61	162.685
1588.98	162.348
1591.35	163.348
1593.72	154.183
1596.09	151.226
1598.46	157.497
1600.82	154.325
1603.19	151.449
1605.55	153.879
1607.92	154.5
1610.28	141.628
1612.64	147.446
1615	141.044
1617.36	136.976
1619.71	138.662
1622.07	135.643
1624.42	133.215
1626.78	132.815
1629.13	131.565
1631.48	129.249
1633.83	124.839
1636.18	130.668
1638.53	133.243
1640.88	129.2
1643.22	132.134
1645.57	128.052
1647.91	127.396
1650.26	130.728
1652.6	125.059
1654.94	123.599
1657.28	125.172
1659.62	121.692
1661.96	128.678
1664.29	122.524
1666.63	121.272
1668.96	121.985
1671.3	125.638
1673.63	117.408
1675.96	120.067
1678.29	120.46
1680.62	123.601
1682.95	120.912
1685.27	122.252
1687.6	119.193
1689.92	120.001
1692.25	122.581
1694.57	118.372
1696.89	121.361
1699.21	117.135
1701.53	119.496
1703.85	117.094
1706.17	115.132
1708.48	112.696
1710.8	116.441
1713.11	114.457
1715.43	115.256
1717.74	114.555
1720.05	115.676
1722.36	120.174
1724.67	116.011
1726.97	116.549
1729.28	118.041
1731.59	115.166
1733.89	113.442
1736.19	109.364
1738.5	113.981
1740.8	107.877
1743.1	108.072
1745.4	108.838
1747.7	112.954
1749.99	110.921
1752.29	110.292
1754.58	107.202
1756.88	107.087
1759.17	117.466
1761.46	105.923
1763.75	107.672
1766.04	105.047
1768.33	106.699
1770.62	109.438
1772.91	102.776
1775.19	103.088
1777.48	100.8
1779.76	107.637
1782.04	105.493
1784.32	107.243
1786.6	100.163
1788.88	102.009
1791.16	95.8872
1793.44	99.0412
1795.71	100.325
1797.99	93.4645
1800.26	99.0179
1802.54	99.3656
1804.81	97.3369
1807.08	101.414
1809.35	94.8495
1811.62	97.8559
1813.88	100.216
1816.15	93.88
1818.42	100.57
1820.68	90.1587
1822.95	98.0042
1825.21	97.0943
1827.47	96.564
1829.73	100.378
1831.99	99.0455
1834.25	96.5473
1836.51	98.4942
1838.76	91.0775
1841.02	93.6418
1843.27	95.8028
1845.52	93.8387
1847.78	94.9473
1850.03	94.0789
1852.28	92.1233
1854.53	96.535
1856.78	93.6917
1859.02	93.2205
1861.27	96.4253
1863.51	97.3186
1865.76	97.4196
1868	97.6534
1870.24	91.2308
1872.48	96.0433
1874.72	96.2859
1876.96	89.781
1879.2	86.8168
1881.44	87.7412
1883.67	88.3491
1885.91	86.7717
1888.14	89.991
1890.37	91.5721
1892.61	94.4384
1894.84	92.6476
1897.07	89.4673
1899.29	84.5175
1901.52	91.7107
1903.75	98.8545
1905.97	90.8007
1908.2	90.4673
1910.42	84.2548
1912.64	86.5226
1914.87	85.9404
1917.09	87.8545
1919.31	83.5968
1921.52	88.5022
1923.74	88.0058
1925.96	84.8351
1928.17	89.6519
1930.39	83.9745
1932.6	84.024
1934.81	86.2229
1937.03	81.0232
1939.24	85.2401
1941.45	82.7964
1943.65	84.4938
1945.86	89.4079
1948.07	88.5451
1950.27	80.1857
1952.48	82.0584
1954.68	77.4652
1956.88	84.4362
1959.08	83.3889
1961.29	85.0433
1963.48	81.6089
1965.68	82.6049
1967.88	81.2337
1970.08	82.562
1972.27	75.8925
1974.47	81.7121
1976.66	79.8917
1978.85	85.0229
1981.04	83.2255
1983.23	82.3623
1985.42	84.8835
1987.61	83.776
1989.8	77.9411
1991.99	79.3447
1994.17	80.3061
1996.36	81.4247
1998.54	84.4427
2000.72	80.6082
2002.9	77.1175
2005.08	73.068
2007.26	75.901
2009.44	82.5028
2011.62	78.5386
2013.8	80.8175
2015.97	72.7985
2018.15	77.7964
2020.32	76.8835
2022.49	73.7985
2024.66	78.4434
2026.83	74.5226
2029	80.3214
2031.17	74.4276
2033.34	80.6172
2035.51	78.7587
2037.67	71.6731
2039.84	72.8387
2042	76.0832
2044.16	75.3072
2046.32	69.1922
2048.48	68.8741
2050.64	71.5903
2052.8	69.6649
2054.96	73.9054
2057.12	77.5212
2059.27	74.0207
2061.43	72.7304
2063.58	72.914
2065.73	72.4297
2067.89	72.129
2070.04	73.4174
2072.19	70.0745
2074.34	72.5473
2076.48	71.3562
2078.63	73.0745
2080.78	70.7383
2082.92	73.0193
2085.07	73.6569
2087.21	69.9874
2089.35	73.5763
2091.49	72.1318
2093.63	66.3548
2095.77	73.5526
2097.91	67.8197
2100.05	67.8415
2102.19	69.1645
2104.32	71.1552
2106.45	70.7369
2108.59	64.9286
2110.72	67.9401
2112.85	68.5146
2114.98	71.0659
2117.11	61.0229
2119.24	67.2286
2121.37	67.7085
2123.5	69.7115
2125.62	67.4347
2127.75	67.3121
2129.87	69.5845
2131.99	68.1122
2134.11	60.7304
2136.24	66.214
2138.36	66.3724
2140.47	63.6164
2142.59	62.763
2144.71	64.9183
2146.83	60.562
2148.94	64.7325
2151.06	61.6896
2153.17	69.463
2155.28	64.1522
2157.39	65.9678
2159.5	64.725
2161.61	64.8168
2163.72	68.0688
2165.83	65.0086
2167.94	65.9619
2170.04	62.219
2172.15	63.376
2174.25	63.0702
2176.35	62.0637
2178.45	59.5007
2180.56	62.8458
2182.66	62.7121
2184.75	61.2146
2186.85	62.5763
2188.95	61.1318
2191.05	56.6068
2193.14	61.339
2195.24	60.4362
2197.33	57.2859
2199.42	61.8953
2201.51	58.8362
2203.6	59.6967
2205.69	59.9939
2207.78	54.0229
2209.87	55.8362
2211.96	55.0964
2214.04	56.81
2216.13	58.7347
2218.21	58.4325
2220.29	62.8712
2222.38	62.9967
2224.46	64.9967
2226.54	56.6139
2228.62	59.0767
2230.69	58.2523
2232.77	56.5196
2234.85	60.1717
2236.92	52.0036
2239	56.4014
2241.07	56.1175
2243.15	57.2952
2245.22	59.3709
2247.29	57.1433
2249.36	56.8007
2251.43	53.3681
2253.49	57.1695
2255.56	56.6133
2257.63	55.8262
2259.69	52.4079
2261.76	52.7325
2263.82	57.4885
2265.88	56.5436
2267.95	51.0767
2270.01	51.2859
2272.07	56.7275
2274.12	51.548
2276.18	56.877
2278.24	55.9809
2280.3	48.2968
2282.35	53.9918
2284.41	52.1748
2286.46	53.4064
2288.51	54.8945
2290.56	47.6161
2292.61	49.6939
2294.66	50.9133
2296.71	49.397
2298.76	48.6323
2300.8	50.7304
2302.85	50.4792
2304.9	51.4196
2306.94	45.0064
2308.98	50.0637
2311.03	49.2784
2313.07	50.9161
2315.11	49.3656
2317.15	48.6656
2319.19	45.7695
2321.22	47.1175
2323.26	47.6896
2325.3	47.1813
2327.33	47.7842
2329.36	47.1748
2331.4	46.3917
2333.43	45.8312
2335.46	45.3562
2337.49	47.5408
2339.52	47.9526
2341.55	45.0064
2343.58	47.2103
2345.6	48.1813
2347.63	54.7456
2349.65	46.2859
2351.68	44.1841
2353.7	47.3397
2355.72	45.1318
2357.74	48.6731
2359.76	46.177
2361.78	47.2952
2363.8	45.7767
2365.82	45.4064
2367.84	42.4767
2369.85	40.7042
2371.87	44.0637
2373.88	44.6139
2375.9	44.0752
2377.91	41.7885
2379.92	38.7842
2381.93	40.2806
2383.94	40.9264
2385.95	39.397
2387.96	44.9902
2389.96	40.3562
2391.97	45.7079
2393.97	41.1748
2395.98	41.0419
2397.98	43.3207
2399.98	43.0229
2401.98	43.3512
2403.99	42.6896
2405.99	38.2806
2407.98	44.2211
2409.98	41.6192
2411.98	37.6752
2413.98	40.4673
2415.97	39.776
2417.96	38.725
2419.96	38.0584
2421.95	36.1318
2423.94	39.9902
2425.93	40.5903
2427.92	39.7724
2429.91	38.5784
2431.9	42.6286
2433.89	39.7042
2435.87	37.0659
2437.86	40.3164
2439.84	38.5784
2441.83	35.7724
2443.81	37.7695
2445.79	38.397
2447.77	38.5784
2449.75	35.8953
2451.73	39.3419
2453.71	38.238
2455.69	39.2386
2457.67	35.562
2459.64	38.1695
2461.62	33.0637
2463.59	34.5946
2465.56	38.0767
2467.54	34.5763
2469.51	31.5081
2471.48	35.5763
2473.45	33.6752
2475.42	41.4275
2477.38	33.3917
2479.35	36.3724
2481.32	32.7014
2483.28	39.092
2485.25	37.1197
2487.21	37.0229
2489.17	33.5081
2491.13	36.177
2493.09	34.2211
2495.05	33.3214
2497.01	34.0086
2498.97	32.6569
2500.93	32.2952
2502.89	34.2806
2504.84	33.373
2506.8	36.5436
2508.75	31.7658
2510.7	32.0637
2512.65	35.1552
2514.61	34.3752
2516.56	31.4455
2518.51	33.8813
2520.45	31.3279
2522.4	32.9211
2524.35	31.153
2526.29	33.8007
2528.24	29.8415
2530.18	29.4434
2532.13	32.4064
2534.07	30.9902
2536.01	32.5175
2537.95	35.5931
2539.89	32.585
2541.83	30.519
2543.77	32.6192
2545.71	34.1175
2547.64	27.877
2549.58	30.9728
2551.51	30.7397
2553.45	31.7085
2555.38	31.6118
2557.31	33.5175
2559.25	31.3067
2561.18	29.3817
2563.11	29.0637
2565.03	30.8357
2566.96	29.4673
2568.89	24.6896
2570.82	30.5007
2572.74	32.1673
2574.67	30.5974
2576.59	30.5763
2578.51	28.5081
2580.43	35.397
2582.36	26.1175
2584.28	27.7789
2586.2	25.725
2588.11	31.3322
2590.03	29.0086
2591.95	30.1623
2593.86	26.1841
2595.78	33.6118
2597.69	28.0745
2599.61	28.853
2601.52	27.4673
2603.43	29.7397
2605.34	28.5175
2607.25	27.0745
2609.16	31.397
2611.07	27.8007
2612.98	30.0419
2614.89	28.5946
2616.79	28.9473
2618.7	29.0992
2620.6	29.3541
2622.5	29.9902
2624.41	31.2451
2626.31	31.4745
2628.21	33.7369
2630.11	28.8007
2632.01	28.8415
2633.91	30.1057
2635.8	31.9118
2637.7	28.5566
2639.6	29.0637
2641.49	29.6214
2643.39	30.0207
2645.28	30.5974
2647.17	32.853
2649.06	37.2451
2650.95	36.4434
2652.84	27.9918
2654.73	27.7325
2656.62	25.397
2658.51	26.7842
2660.4	31.2103
2662.28	31.6896
2664.17	28.6612
2666.05	30.867
2667.93	35.3752
2669.82	36.0584
2671.7	46.6678
2673.58	59.7412
2675.46	70.0637
2677.34	67.2544
2679.21	62.7304
2681.09	51.2286
2682.97	50.3917
2684.84	40.9548
2686.72	37.9189
2688.59	47.153
2690.47	60.2968
2692.34	93.4964
2694.21	179.522
2696.08	222.552
2697.95	188.51
2699.82	135.207
2701.69	83.5588
2703.56	62.2806
2705.42	52.5146
2707.29	41.6214
2709.15	34.3214
2711.02	32.1175
2712.88	30.3397
2714.75	29.0064
2716.61	29.0229
2718.47	27.8975
2720.33	26.397
2722.19	26.1673
2724.05	27.1268
2725.9	26.0752
2727.76	23.7658
2729.62	26.4652
2731.47	24.8508
2733.33	20.4673
2735.18	23.2598
2737.03	21.7304
2738.88	26.8953
2740.73	23.9157
2742.59	23.2451
2744.43	21.7325
2746.28	27.2103
2748.13	27.4792
2749.98	22.1748
2751.82	21.153
2753.67	22.5458
2755.51	23.482
2757.36	23.9526
2759.2	22.7304
2761.04	22.2451
2762.88	20.3752
