365.286	274.615
368.238	286.178
371.189	304.369
374.139	307.166
377.087	314.329
380.034	322.066
382.979	302.81
385.923	299.638
388.866	277.879
391.806	280.114
394.745	272.083
397.684	272.715
400.62	280.385
403.555	274.099
406.49	279.768
409.421	288.178
412.353	281.944
415.282	292.493
418.209	290.254
421.137	299.826
424.062	301.483
426.985	325.184
429.908	312.629
432.829	314.246
435.748	333.991
438.666	325.226
441.583	312.407
444.498	306.547
447.412	290.904
450.324	290.523
453.235	285.329
456.145	295.562
459.052	291.826
461.959	280.671
464.865	266.4
467.769	259.868
470.671	246.447
473.572	251.493
476.471	246.109
479.37	240.451
482.266	245.048
485.162	250.551
488.056	250.638
490.948	250.229
493.839	251.962
496.73	246.008
499.618	249.504
502.505	243.238
505.39	247.669
508.275	249.715
511.157	251.88
514.039	253.021
516.919	253.291
519.798	257.166
522.674	256.189
525.55	241.497
528.425	237.118
531.297	240.813
534.169	230.386
537.039	230.336
539.908	218.699
542.775	221.056
545.642	221.861
548.506	217.555
551.369	227.81
554.231	223.353
557.092	226.972
559.951	219.786
562.808	229.736
565.664	235.023
568.519	234.673
571.373	231.18
574.225	223.322
577.076	222.336
579.925	223.422
582.773	225.119
585.62	221.337
588.466	229.544
591.309	228.954
594.152	214.691
596.993	216.877
599.832	215.749
602.671	219.622
605.508	220.334
608.343	219.608
611.178	228.052
614.011	218.996
616.842	219.119
619.672	223.399
622.501	219.19
625.329	219.958
628.155	223.777
630.98	229.172
633.802	233.553
636.624	230.857
639.445	233.859
642.264	223.778
645.082	222.048
647.898	233.416
650.714	228.242
653.527	237.184
656.34	242.764
659.151	248.497
661.961	254.295
664.769	242.879
667.576	229.312
670.382	218.111
673.186	208.069
675.989	199.07
678.791	208.855
681.591	197.883
684.39	200.739
687.187	211.478
689.983	211.065
692.779	207.806
695.572	216.843
698.363	213.847
701.155	219.159
703.944	206.07
706.733	210.271
709.519	214.558
712.305	217.07
715.089	214.394
717.871	216.81
720.653	218.118
723.433	210.229
726.212	209.218
728.989	210.731
731.765	213.119
734.54	206.513
737.313	213.493
740.085	203.389
742.856	215.558
745.625	205.895
748.394	208.407
751.16	213.394
753.926	202.859
756.689	200.256
759.452	209.998
762.214	207.77
764.974	213.082
767.733	207.146
770.49	214.762
773.246	212.19
776.001	211.178
778.755	208.777
781.507	213.733
784.258	212.233
787.007	216.598
789.756	207.006
792.502	209.789
795.247	224.999
797.992	228.572
800.735	225.089
803.477	218.79
806.217	232.059
808.956	231.238
811.694	228.52
814.43	240.291
817.165	239.438
819.899	242.222
822.631	230.966
825.362	216.999
828.092	214.864
830.82	213.625
833.548	215.608
836.274	211.181
838.998	214.965
841.721	215.291
844.444	213.665
847.165	214.086
849.884	208.448
852.601	206.664
855.318	203.416
858.034	201.78
860.749	205.346
863.461	202.323
866.173	202.919
868.883	203.299
871.592	201.51
874.3	197.46
877.006	197.292
879.712	194.775
882.415	201.261
885.118	200.168
887.819	202.283
890.519	199.942
893.218	206.317
895.914	200.336
898.611	204.082
901.306	201.214
903.999	209.942
906.692	198.15
909.382	209.875
912.072	204.826
914.761	198.193
917.447	199.896
920.133	194.409
922.818	194.939
925.501	200.5
928.183	192.444
930.864	204.052
933.543	196.514
936.221	190.632
938.898	199.003
941.574	195.737
944.248	203.424
946.921	198.909
949.593	195.36
952.263	194.665
954.932	193.202
957.6	201.225
960.267	201.62
962.932	201.945
965.597	202.286
968.26	190.444
970.922	202.895
973.581	207.948
976.241	211.934
978.898	208.558
981.555	226.691
984.21	228.402
986.864	243.426
989.517	257.003
992.169	278.658
994.819	310.185
997.468	328.982
1000.12	349.188
1002.76	379.937
1005.41	399.463
1008.05	417.298
1010.69	418.224
1013.34	409.983
1015.98	369.703
1018.61	320.288
1021.25	282.112
1023.89	248.451
1026.52	230.718
1029.16	228.222
1031.79	223.459
1034.42	218.103
1037.05	222.265
1039.68	219.913
1042.31	227.632
1044.93	230.618
1047.56	232.164
1050.18	235.479
1052.81	243.659
1055.43	231.188
1058.05	230.601
1060.67	225.966
1063.28	229.392
1065.9	227.942
1068.52	232.983
1071.13	229.88
1073.74	239.372
1076.35	242.652
1078.96	263.176
1081.57	264.398
1084.18	272.88
1086.79	280.768
1089.39	282.456
1092	298.924
1094.6	307.614
1097.2	300.904
1099.8	286.006
1102.4	278.629
1105	263.554
1107.6	261.212
1110.19	260.624
1112.79	271.455
1115.38	267.056
1117.97	280.368
1120.56	268.22
1123.15	273.105
1125.74	265.822
1128.33	262.998
1130.91	234.382
1133.5	229.632
1136.08	217.638
1138.66	223.656
1141.24	216.555
1143.82	213.333
1146.4	214.855
1148.98	222.081
1151.55	223.521
1154.13	225.264
1156.7	221.863
1159.27	214.367
1161.85	219.685
1164.42	216.804
1166.98	204.784
1169.55	202.043
1172.12	203.771
1174.68	198.34
1177.25	198.753
1179.81	201.057
1182.37	196.718
1184.93	195.194
1187.49	189.855
1190.05	183.024
1192.6	186.5
1195.16	184.83
1197.71	181.413
1200.27	184.945
1202.82	173.777
1205.37	174.007
1207.92	169.843
1210.47	171.218
1213.01	166.637
1215.56	173.353
1218.1	175.975
1220.65	174.62
1223.19	183.016
1225.73	179.375
1228.27	179.286
1230.81	182.119
1233.35	183.959
1235.88	186.905
1238.42	186.987
1240.95	186.514
1243.48	186.725
1246.02	179.726
1248.55	187.139
1251.07	179.768
1253.6	181.615
1256.13	188.683
1258.66	175.954
1261.18	186.194
1263.7	188.782
1266.22	188.402
1268.75	191.398
1271.27	187.043
1273.78	184.222
1276.3	192.802
1278.82	190.143
1281.33	191.451
1283.85	188.03
1286.36	183.174
1288.87	188.846
1291.38	188.328
1293.89	193.359
1296.4	188.975
1298.9	185.07
1301.41	186.188
1303.91	187.337
1306.41	183.352
1308.92	187.358
1311.42	190.831
1313.92	188.961
1316.42	188.232
1318.91	180.726
1321.41	192.753
1323.9	187.628
1326.4	187.394
1328.89	196.281
1331.38	196.622
1333.87	195.438
1336.36	199.727
1338.85	199.062
1341.34	200.285
1343.82	189.434
1346.31	198.312
1348.79	196.904
1351.27	200.555
1353.75	195
1356.23	188.775
1358.71	199.521
1361.19	201.22
1363.66	213.509
1366.14	218.724
1368.61	218.314
1371.09	226.946
1373.56	228.698
1376.03	240.317
1378.5	246.853
1380.96	243.294
1383.43	241.184
1385.9	245.023
1388.36	228.952
1390.83	218.489
1393.29	209.378
1395.75	198.315
1398.21	195.423
1400.67	188.549
1403.13	179.683
1405.58	175.225
1408.04	170.731
1410.49	176.668
1412.95	175.904
1415.4	177.873
1417.85	163.553
1420.3	165.949
1422.75	172.948
1425.2	177.779
1427.64	181.131
1430.09	174.232
1432.53	176.558
1434.97	170.998
1437.42	172.051
1439.86	171.281
1442.3	164.222
1444.73	165.879
1447.17	160.962
1449.61	151.01
1452.04	150.882
1454.48	151.893
1456.91	155.542
1459.34	151.42
1461.77	153.703
1464.2	152.036
1466.63	150.395
1469.06	149.562
1471.48	147.135
1473.91	151.854
1476.33	151.368
1478.75	153.819
1481.17	145.784
1483.6	143.023
1486.01	137.975
1488.43	138.162
1490.85	136.888
1493.27	140.505
1495.68	134.784
1498.09	133.933
1500.51	129.982
1502.92	131.501
1505.33	132.735
1507.74	129.555
1510.14	129.455
1512.55	138.554
1514.96	127.117
1517.36	125.962
1519.77	131.282
1522.17	128.123
1524.57	131.17
1526.97	135.642
1529.37	131.278
1531.77	133.076
1534.16	129.167
1536.56	133.312
1538.95	134.681
1541.35	132.616
1543.74	133.513
1546.13	138.356
1548.52	135.928
1550.91	139.464
1553.3	133.406
1555.68	136.278
1558.07	135.686
1560.45	145.83
1562.84	139.768
1565.22	142.932
1567.6	141.507
1569.98	145.191
1572.36	150.473
1574.74	149.403
1577.12	149.407
1579.49	147.855
1581.87	145.37
1584.24	142.044
1586.61	142.447
1588.98	140.237
1591.35	136.631
1593.72	137.868
1596.09	128.57
1598.46	136.205
1600.82	125.254
1603.19	131.973
1605.55	124.538
1607.92	129.571
1610.28	128.15
1612.64	118.736
1615	120.698
1617.36	122.802
1619.71	117.34
1622.07	118.485
1624.42	116.055
1626.78	117.599
1629.13	114.538
1631.48	117.385
1633.83	114.073
1636.18	109.8
1638.53	111.048
1640.88	108.166
1643.22	111.663
1645.57	111.586
1647.91	108.566
1650.26	115.398
1652.6	111.769
1654.94	107.971
1657.28	105.889
1659.62	107.535
1661.96	111.604
1664.29	104.283
1666.63	104.819
1668.96	107.966
1671.3	106.247
1673.63	109.719
1675.96	110.196
1678.29	104.432
1680.62	100.615
1682.95	97.499
1685.27	95.2389
1687.6	106.097
1689.92	103.065
1692.25	104.299
1694.57	100.267
1696.89	106.093
1699.21	104.931
1701.53	101.79
1703.85	105.395
1706.17	103.864
1708.48	105.386
1710.8	99.9683
1713.11	103.928
1715.43	101.823
1717.74	102.733
1720.05	99.5374
1722.36	103.148
1724.67	99.8222
1726.97	97.7365
1729.28	99.7321
1731.59	99.5964
1733.89	99.3776
1736.19	102.058
1738.5	94.1975
1740.8	98.1803
1743.1	100.006
1745.4	100.409
1747.7	99.6068
1749.99	96.6339
1752.29	91.5417
1754.58	95.0527
1756.88	94.3738
1759.17	92.4481
1761.46	92.3902
1763.75	91.055
1766.04	94.5515
1768.33	94.1497
1770.62	89.1338
1772.91	93.6573
1775.19	93.2329
1777.48	90.5555
1779.76	93.1263
1782.04	88.8831
1784.32	90.8711
1786.6	91.2167
1788.88	91.0489
1791.16	92.0314
1793.44	89.9015
1795.71	86.5788
1797.99	87.7416
1800.26	85.3824
1802.54	90.7777
1804.81	86.301
1807.08	87.1068
1809.35	90.9961
1811.62	88.022
1813.88	83.725
1816.15	90.1684
1818.42	87.137
1820.68	86.0582
1822.95	89.073
1825.21	84.5251
1827.47	84.3156
1829.73	82.3299
1831.99	83.0661
1834.25	86.0067
1836.51	89.8891
1838.76	91.0857
1841.02	81.8328
1843.27	84.6381
1845.52	87.7191
1847.78	82.0455
1850.03	87.0034
1852.28	86.5906
1854.53	82.221
1856.78	79.5036
1859.02	80.8983
1861.27	85.8347
1863.51	83.5662
1865.76	83.069
1868	79.6819
1870.24	84.6046
1872.48	82.8128
1874.72	85.9544
1876.96	82.5624
1879.2	85.4758
1881.44	82.4634
1883.67	82.0756
1885.91	78.0002
1888.14	82.8689
1890.37	82.6655
1892.61	86.0094
1894.84	83.9335
1897.07	79.691
1899.29	81.9038
1901.52	82.7179
1903.75	85.7642
1905.97	81.9275
1908.2	76.5201
1910.42	77.4703
1912.64	75.111
1914.87	79.8306
1917.09	80.8126
1919.31	81.027
1921.52	83.527
1923.74	80.6857
1925.96	84.1987
1928.17	81.7922
1930.39	77.7099
1932.6	80.329
1934.81	75.1635
1937.03	80.6654
1939.24	76.7739
1941.45	78.1237
1943.65	77.7578
1945.86	76.0692
1948.07	76.5503
1950.27	78.1232
1952.48	73.8064
1954.68	79.9389
1956.88	74.7205
1959.08	78.5662
1961.29	72.8891
1963.48	75.3654
1965.68	73.1168
1967.88	78.0524
1970.08	71.2329
1972.27	71.5232
1974.47	77.9825
1976.66	71.0126
1978.85	75.1765
1981.04	74.4171
1983.23	71.3458
1985.42	69.7963
1987.61	70.4995
1989.8	73.772
1991.99	73.7565
1994.17	73.1432
1996.36	69.4723
1998.54	76.0446
2000.72	69.9535
2002.9	71.5706
2005.08	70.6723
2007.26	72.2665
2009.44	76.2183
2011.62	72.5498
2013.8	67.4935
2015.97	70.5681
2018.15	73.4447
2020.32	66.2751
2022.49	70.2164
2024.66	68.618
2026.83	69.9133
2029	71.0347
2031.17	73.5623
2033.34	65.9842
2035.51	68.9332
2037.67	65.9041
2039.84	73.0244
2042	66.1602
2044.16	65.1099
2046.32	73.9275
2048.48	70.6413
2050.64	68.0444
2052.8	69.2406
2054.96	69.3367
2057.12	66.9251
2059.27	65.1767
2061.43	67.7777
2063.58	71.3454
2065.73	68.6343
2067.89	66.6304
2070.04	64.5526
2072.19	68.1968
2074.34	63.7217
2076.48	64.778
2078.63	65.6898
2080.78	62.5014
2082.92	61.0586
2085.07	66.2045
2087.21	61.4689
2089.35	66.0259
2091.49	61.4026
2093.63	66.7361
2095.77	63.3918
2097.91	60.3252
2100.05	64.3172
2102.19	64.1194
2104.32	63.7856
2106.45	63.5903
2108.59	62.772
2110.72	60.7274
2112.85	63.9297
2114.98	64.299
2117.11	61.649
2119.24	57.5638
2121.37	61.5987
2123.5	58.3252
2125.62	63.3276
2127.75	62.95
2129.87	62.6179
2131.99	65.0068
2134.11	60.772
2136.24	59.0455
2138.36	60.5194
2140.47	62.4481
2142.59	60.1217
2144.71	59.7322
2146.83	60.1076
2148.94	57.6654
2151.06	56.4527
2153.17	60.6819
2155.28	57
2157.39	55.9375
2159.5	57.8797
2161.61	56.301
2163.72	52.324
2165.83	58.8923
2167.94	61.0094
2170.04	52.3371
2172.15	55.5723
2174.25	56.164
2176.35	57.0528
2178.45	55.2746
2180.56	52.5068
2182.66	54.1018
2184.75	56.8845
2186.85	57.1861
2188.95	55.0486
2191.05	55.5777
2193.14	54.7739
2195.24	55.3577
2197.33	53.7742
2199.42	56.1599
2201.51	50.4608
2203.6	55.4191
2205.69	56.2348
2207.78	50.8995
2209.87	51.4306
2211.96	53.0072
2214.04	52.4935
2216.13	52.6654
2218.21	57.4608
2220.29	54.2972
2222.38	53.7359
2224.46	55.3333
2226.54	53.5681
2228.62	48.9905
2230.69	50.0259
2232.77	52.5302
2234.85	52.7777
2236.92	52.0408
2239	49.4363
2241.07	49.3682
2243.15	51.2164
2245.22	52.3416
2247.29	54
2249.36	53.8228
2251.43	50.6045
2253.49	50.2608
2255.56	51.0857
2257.63	47.7144
2259.69	49.4027
2261.76	48.51
2263.82	49.3845
2265.88	47.9869
2267.95	47.2915
2270.01	46.3079
2272.07	50.6151
2274.12	46.7804
2276.18	49.1597
2278.24	45.4646
2280.3	47.7076
2282.35	47.4083
2284.41	50.5777
2286.46	44.2329
2288.51	45.6831
2290.56	46.6343
2292.61	43.7015
2294.66	43.5627
2296.71	42.9708
2298.76	49.8712
2300.8	44.3417
2302.85	46.7766
2304.9	44.8432
2306.94	45.0889
2308.98	45.9727
2311.03	40.9056
2313.07	46.675
2315.11	44.3845
2317.15	40.4551
2319.19	42.4692
2321.22	41.8255
2323.26	46.7681
2325.3	37.4351
2327.33	43.3462
2329.36	41.7861
2331.4	45.4306
2333.43	44.5777
2335.46	42.7179
2337.49	41.9462
2339.52	41.2389
2341.55	40.4482
2343.58	40.4286
2345.6	42.9401
2347.63	48.9041
2349.65	37.4793
2351.68	39.7418
2353.7	40.3011
2355.72	38.6654
2357.74	35.8529
2359.76	38.9677
2361.78	37.7524
2363.8	39.2188
2365.82	39.5868
2367.84	38.4574
2369.85	36.5463
2371.87	36.7274
2373.88	37.2294
2375.9	37.4666
2377.91	38.7418
2379.92	34.8433
2381.93	35.8689
2383.94	36.7291
2385.95	37.5379
2387.96	37.3321
2389.96	36.2248
2391.97	33.5544
2393.97	36.5194
2395.98	35.27
2397.98	36.2026
2399.98	35.1719
2401.98	33.647
2403.99	34.3203
2405.99	34.4478
2407.98	31.7274
2409.98	34.3581
2411.98	36.9746
2413.98	33.2424
2415.97	33.8712
2417.96	33.4447
2419.96	33.5138
2421.95	33.6773
2423.94	33.9366
2425.93	33.221
2427.92	33.301
2429.91	33.2294
2431.9	33.1016
2433.89	32.1263
2435.87	33.3041
2437.86	33.9902
2439.84	36.4482
2441.83	34.1114
2443.81	37.7816
2445.79	32.1183
2447.77	34.6914
2449.75	30.8471
2451.73	30.772
2453.71	31.736
2455.69	31.9174
2457.67	30.4596
2459.64	34.1332
2461.62	36.1148
2463.59	33.9677
2465.56	29.0857
2467.54	29.5544
2469.51	30.847
2471.48	30.4704
2473.45	33.9041
2475.42	36.4027
2477.38	31.1684
2479.35	29.0611
2481.32	29.7899
2483.28	30.829
2485.25	27.9582
2487.21	27.6868
2489.17	30.3358
2491.13	31.6211
2493.09	28.7849
2495.05	26.3811
2497.01	27.8025
2498.97	29.8567
2500.93	28.3455
2502.89	26.0082
2504.84	29.9965
2506.8	27.3741
2508.75	26.9582
2510.7	28.9416
2512.65	29.8293
2514.61	30.9091
2516.56	32.1016
2518.51	28.193
2520.45	26.3203
2522.4	25.67
2524.35	28.8635
2526.29	27.7018
2528.24	27.4608
2530.18	25.5627
2532.13	27.8255
2534.07	25.8758
2536.01	27.6723
2537.95	26.5594
2539.89	29.0247
2541.83	25.075
2543.77	27.3321
2545.71	26.0624
2547.64	23.4027
2549.58	24.5068
2551.51	25.0819
2553.45	25.67
2555.38	26.4922
2557.31	28.7578
2559.25	28.221
2561.18	24.5907
2563.11	23.3405
2565.03	26.9957
2566.96	25.6211
2568.89	24.0693
2570.82	21.2256
2572.74	22.4478
2574.67	27.378
2576.59	21.5627
2578.51	25.8067
2580.43	23.2666
2582.36	24.793
2584.28	24.7849
2586.2	25.8566
2588.11	23.0981
2590.03	22.213
2591.95	23.1098
2593.86	20.4084
2595.78	22.5194
2597.69	22.7904
2599.61	23.2916
2601.52	24.5264
2603.43	25.9297
2605.34	27.1463
2607.25	22.0655
2609.16	20.6306
2611.07	28.9678
2612.98	24.8187
2614.89	27.6306
2616.79	22.67
2618.7	24.0573
2620.6	24.3462
2622.5	24.7811
2624.41	26.4153
2626.31	24.7619
2628.21	23.3321
2630.11	27.1804
2632.01	23.3137
2633.91	24.2972
2635.8	23.7076
2637.7	25.35
2639.6	22.8635
2641.49	22.8351
2643.39	25.4153
2645.28	31.247
2647.17	36.2386
2649.06	37.0789
2650.95	27.9677
2652.84	26.4935
2654.73	25.1075
2656.62	27.2878
2658.51	29.0789
2660.4	26.1804
2662.28	27.1899
2664.17	25.1766
2666.05	25.6375
2667.93	30.0819
2669.82	37.9919
2671.7	50.5707
2673.58	75.8229
2675.46	88.7322
2677.34	92.9861
2679.21	70.1557
2681.09	60.5302
2682.97	51.0409
2684.84	44.9201
2686.72	37.2424
2688.59	49.6749
2690.47	68.3581
2692.34	96.2915
2694.21	249.334
2696.08	285.763
2697.95	237.149
2699.82	169.774
2701.69	97.1425
2703.56	71.8432
2705.42	61.5685
2707.29	41.0126
2709.15	36.9582
2711.02	25.5685
2712.88	25.9053
2714.75	26.4286
2716.61	26.6793
2718.47	22.6344
2720.33	24.4352
2722.19	25.7524
2724.05	19.7214
2725.9	25.9366
2727.76	20.1968
2729.62	22.6735
2731.47	24.1195
2733.33	21.7684
2735.18	22.2713
2737.03	18.7945
2738.88	19.8351
2740.73	21.1766
2742.59	17.4027
2744.43	19.7766
2746.28	20.9746
2748.13	20.0408
2749.98	15.3011
2751.82	18.0167
2753.67	18.8567
2755.51	19.1968
2757.36	18.4027
2759.2	18.7968
2761.04	16.724
2762.88	15.7816
