176.074	103.222
178.677	100.889
181.279	100.667
183.879	100.667
186.48	99.6667
189.08	99.6667
191.677	98.4444
194.275	98.2222
196.871	101.111
199.467	98.7778
202.061	98.4444
204.656	97.8889
207.249	98.7778
209.841	99.1111
212.433	101.444
215.022	103.889
217.613	100.556
220.201	102.667
222.789	106.222
225.375	109
227.962	116.333
230.547	119.444
233.132	123.778
235.714	126.222
238.296	139.333
240.879	144.333
243.459	148.444
246.04	158.111
248.618	159.556
251.198	165.778
253.774	168.778
256.35	166.667
258.927	158.111
261.501	154
264.074	148.556
266.648	143.222
269.22	141.111
271.791	140
274.362	133.111
276.931	137.333
279.5	130.444
282.069	122.444
284.635	119.111
287.201	107.667
289.766	103.556
292.331	96.1111
294.894	93.1111
297.457	83.7778
300.018	81.7778
302.58	73.7778
305.14	74.6667
307.699	73.6667
310.257	71
312.814	71.6667
315.372	69.5555
317.928	72.5556
320.482	69.7778
323.036	71.4444
325.589	71.2222
328.142	69.7778
330.693	72.2222
333.243	69.6667
335.795	71.3333
338.343	73.5556
340.891	74.1111
343.439	77.2222
345.985	83.6667
348.53	83
351.075	88.7778
353.619	91.8889
356.162	93.5556
358.704	91.4444
361.245	87
363.786	81.6667
366.325	76.3333
368.864	70.1111
371.402	65.6667
373.939	63.4444
376.475	58.8889
379.011	57.8889
381.545	57.7778
384.079	56.8889
386.611	53.5556
389.143	51.4444
391.674	51.1111
394.204	50.2222
396.734	49.3333
399.263	49.2222
401.791	49.2222
404.318	48.4444
406.843	49.7778
409.368	49.5556
411.893	50.6667
414.417	50.7778
416.94	52.3333
419.46	49.7778
421.982	51.8889
424.502	52.2222
427.022	51.2222
429.541	51.8889
432.057	51.2222
434.574	53.1111
437.091	55.7778
439.605	57
442.12	60
444.634	58.6667
447.145	61.5556
449.657	63.6667
452.169	62.1111
454.678	59.6667
457.188	59.5556
459.697	55.8889
462.204	55.6667
464.711	55.4444
467.217	56.4444
469.722	52.1111
472.227	51
474.729	50.6667
477.232	50.1111
479.735	49.8889
482.235	49.2222
484.736	50
487.234	49
489.734	45.7778
492.23	47.2222
494.728	50
497.223	46.3333
499.719	48.2222
502.213	50
504.707	55.6667
507.199	55.8889
509.69	56.8889
512.182	58.8889
514.672	57.1111
517.162	53.4444
519.65	55.3333
522.139	57
524.625	57.7778
527.111	54.6667
529.597	54.2222
532.081	52.8889
534.564	51.6667
537.047	48.6667
539.529	49.6667
542.01	44.6667
544.491	45.4444
546.97	47.5556
549.448	46.3333
551.927	45.4444
554.404	42.6667
556.88	44.5556
559.355	40.6667
561.831	41.2222
564.304	40.6667
566.777	41
569.249	43
571.72	42.8889
574.191	37.8889
576.661	40.6667
579.129	41.8889
581.597	39.3333
584.064	41.4444
586.531	43.1111
588.997	42.8889
591.462	40.3333
593.926	42.3333
596.389	41.5556
598.851	42.6667
601.313	42.3333
603.773	43.2222
606.233	42.8889
608.692	42.2222
611.151	44.4444
613.608	44.2222
616.065	46.4444
618.521	47.7778
620.976	49.8889
623.43	48.7778
625.883	54.4444
628.336	54.7778
630.788	59.4444
633.239	64.7778
635.69	71.6667
638.139	83.4444
640.588	93.8889
643.036	113
645.483	139.667
647.929	173.333
650.375	221.889
652.818	262
655.262	288.444
657.706	279
660.148	239.889
662.59	192.222
665.031	140.889
667.471	112.333
669.909	89.8889
672.347	74
674.785	68.7778
677.222	64.6667
679.656	63.4444
682.092	59.7778
684.526	63.1111
686.96	64.2222
689.392	69.2222
691.824	73.8889
694.256	80.6667
696.686	90
699.115	95.7778
701.544	106.667
703.972	117.333
706.398	126.556
708.825	124.889
711.25	124.222
713.675	118.556
716.099	114.667
718.522	114.333
720.944	117.111
723.366	123.444
725.786	131.444
728.207	135.889
730.625	141
733.044	141.333
735.461	145.111
737.879	144.667
740.294	144.889
742.71	144.222
745.123	140.111
747.538	134.667
749.95	127.556
752.363	120.444
754.773	113.333
757.185	108.556
759.594	106.444
762.002	103.111
764.411	97.7778
766.818	95.3333
769.225	92.8889
771.63	89.6667
774.035	88.1111
776.44	88.4444
778.843	84.4444
781.245	83.1111
783.648	86.6667
786.048	85.4444
788.448	83.7778
790.848	85.4444
793.247	84.2222
795.644	81.1111
798.042	81.4444
800.438	78
802.834	78.3333
805.228	77.6667
807.623	76.4444
810.016	76.2222
812.408	71.7778
814.8	71.8889
817.191	73
819.58	71.8889
821.971	75.1111
824.359	75.2222
826.747	77.5556
829.134	83.7778
831.52	87.2222
833.905	92.8889
836.29	97.4445
838.675	100.222
841.058	104
843.44	105.556
845.822	109.222
848.203	108.556
850.583	114.111
852.962	113.556
855.341	113.333
857.718	111.556
860.095	106.556
862.471	106.111
864.847	107.889
867.222	107.333
869.596	110
871.969	112.889
874.341	120.333
876.713	118
879.083	114.667
881.453	114.222
883.822	103.556
886.191	103.556
888.559	95
890.926	91.3333
893.293	88.5556
895.658	91.6667
898.022	87
900.386	89.7778
902.75	88.7778
905.112	89.8889
907.474	89.5556
909.834	89
912.194	89.8889
914.554	89.5556
916.913	87.1111
919.27	88.8889
921.627	87.7778
923.984	81
926.34	81.5556
928.694	81.6667
931.048	77.5556
933.402	74.4444
935.754	75.4444
938.106	75.1111
940.458	75.1111
942.807	73.2222
945.157	73.8889
947.505	71.8889
949.853	72.1111
952.201	73.5555
954.547	73
956.893	76.7778
959.237	74.2222
961.582	76.4444
963.925	75.1111
966.268	72.8889
968.609	76.6667
970.951	74.5556
973.291	74.5556
975.631	73.1111
977.97	72.7778
980.309	75.4444
982.645	77.3333
984.983	77.8889
987.318	80.3333
989.653	77.4444
991.988	78.5556
994.321	80.7778
996.655	82.4444
998.987	81.8889
1001.32	86.1111
1003.65	92.1111
1005.98	89.6667
1008.31	89.8889
1010.64	92.5556
1012.96	92.8889
1015.29	89.6667
1017.62	90.7778
1019.94	90.2222
1022.27	91.8889
1024.59	87.1111
1026.91	85.3333
1029.24	83
1031.56	86.8889
1033.88	88.4445
1036.2	87.7778
1038.52	91.2222
1040.84	92.2222
1043.16	88.2222
1045.47	90.1111
1047.79	94.7778
1050.1	100.333
1052.42	112.667
1054.74	121
1057.05	128.889
1059.36	132.111
1061.67	133.222
1063.98	131.111
1066.29	130.222
1068.6	136.889
1070.91	142.333
1073.22	155.889
1075.53	157.667
1077.84	164.667
1080.14	167.222
1082.45	165.556
1084.75	160.444
1087.06	154.111
1089.36	142.111
1091.66	133.222
1093.96	129.444
1096.27	119
1098.57	111
1100.87	108.222
1103.16	100.111
1105.46	94.7778
1107.76	84.5556
1110.06	83.3333
1112.35	78.1111
1114.65	74.1111
1116.94	69.7778
1119.23	64.6667
1121.53	64.3333
1123.82	61.6667
1126.11	61.8889
1128.4	62.3333
1130.69	62.8889
1132.98	60.8889
1135.27	64.4444
1137.56	66.1111
1139.85	66.1111
1142.13	70.4445
1144.42	68.7778
1146.7	69.3333
1148.99	71
1151.27	67.2222
1153.55	67.2222
1155.84	68.7778
1158.12	67.7778
1160.4	65.4444
1162.68	64.5555
1164.96	64.5556
1167.23	67.2222
1169.51	67.8889
1171.79	64.5556
1174.06	64.2222
1176.34	66.5556
1178.62	68.4444
1180.89	66.1111
1183.16	69.1111
1185.44	69
1187.71	71
1189.98	70.6667
1192.25	68.2222
1194.52	70.2222
1196.79	69.6667
1199.06	68.4444
1201.32	68.2222
1203.59	66.2222
1205.86	70
1208.12	68
1210.39	70
1212.65	72.1111
1214.91	70.8889
1217.18	73.5556
1219.44	73.3333
1221.7	75.8889
1223.96	75.5556
1226.22	75.7778
1228.48	80.4444
1230.74	81.2222
1232.99	84
1235.25	81.4444
1237.51	85.3333
1239.76	82.4445
1242.02	86.7778
1244.27	87.3333
1246.53	86.3333
1248.78	84.2222
1251.03	84
1253.28	81.2222
1255.53	77.1111
1257.78	80
1260.03	78.3333
1262.28	80.4444
1264.53	87.5556
1266.77	91.2222
1269.02	100.778
1271.26	107.333
1273.51	107.111
1275.75	109.667
1278	110.778
1280.24	112.667
1282.48	115.111
1284.72	121.111
1286.96	123.111
1289.2	131.333
1291.44	141.222
1293.68	147.111
1295.92	158.778
1298.15	172.556
1300.39	192.333
1302.63	196.778
1304.86	199.111
1307.1	187.222
1309.33	170.222
1311.56	151.222
1313.79	138.444
1316.02	127.667
1318.26	118.222
1320.49	110.889
1322.71	106.889
1324.94	102.111
1327.17	95.7778
1329.4	88.5556
1331.62	86.6667
1333.85	83.8889
1336.08	79.6667
1338.3	79.5556
1340.52	80.7778
1342.75	82.2222
1344.97	79.2222
1347.19	80.5556
1349.41	82
1351.63	78.7778
1353.85	76.6667
1356.07	76.1111
1358.29	75.6667
1360.5	73.2222
1362.72	75.6667
1364.94	78
1367.15	77.8889
1369.37	80
1371.58	79.5556
1373.79	79.2222
1376.01	75.5556
1378.22	73.7778
1380.43	74
1382.64	71.2222
1384.85	71.1111
1387.06	69.8889
1389.27	72.3333
1391.47	71.3333
1393.68	71.4444
1395.89	72.4445
1398.09	73.7778
1400.3	71
1402.5	74.2222
1404.71	74.5556
1406.91	79
1409.11	79.7778
1411.31	83.8889
1413.51	91.6667
1415.71	91.8889
1417.91	99.4444
1420.11	104.444
1422.31	125.111
1424.51	138.667
1426.7	159.556
1428.9	188.333
1431.1	214.778
1433.29	241
1435.48	260.444
1437.68	268.222
1439.87	262.889
1442.06	253.111
1444.25	239.222
1446.44	220.556
1448.63	209.222
1450.82	187.333
1453.01	179
1455.2	166
1457.39	160.667
1459.57	150.889
1461.76	143.778
1463.94	140.222
1466.13	136.111
1468.31	135.222
1470.49	130.333
1472.68	129.111
1474.86	127.222
1477.04	125.444
1479.22	121.111
1481.4	111.111
1483.58	100.444
1485.75	96.4445
1487.93	88.1111
1490.11	84.3333
1492.29	79.2222
1494.46	76.3333
1496.64	72.2222
1498.81	70.6667
1500.98	69.6667
1503.16	69.3333
1505.33	70.1111
1507.5	66.4444
1509.67	68.6667
1511.84	66.4444
1514.01	65.1111
1516.18	62.6667
1518.35	64.4444
1520.51	63.7778
1522.68	66.4444
1524.85	62.7778
1527.01	63
1529.18	62.1111
1531.34	64.5556
1533.51	63.5556
1535.67	63
1537.83	60.1111
1539.99	60.7778
1542.15	60.5556
1544.31	60.1111
1546.47	61.3333
1548.63	61.1111
1550.79	62
1552.95	65.2222
1555.1	62
1557.26	61.3333
1559.41	62.8889
1561.57	61.2222
1563.72	60.7778
1565.88	61.1111
1568.03	59.6667
1570.18	60.6667
1572.33	59.6667
1574.48	62.1111
1576.63	60.1111
1578.78	61.3333
1580.93	61
1583.08	60.3333
1585.23	60.4444
1587.37	58.6667
1589.52	59.7778
1591.66	61.4444
1593.81	62.3333
1595.95	61.3333
1598.1	61.2222
1600.24	60
1602.38	62.1111
1604.52	60.3333
1606.66	63
1608.8	63.8889
1610.94	58.1111
1613.08	58.3333
1615.22	59.7778
1617.36	61.8889
1619.49	61
1621.63	58.7778
1623.77	59.7778
1625.9	61.1111
1628.03	60.3333
1630.17	60.3333
1632.3	58
1634.43	60.1111
1636.56	60.3333
1638.7	60.5556
1640.83	61.1111
1642.96	59.7778
1645.08	60.5556
1647.21	60.8889
1649.34	62.3333
1651.47	61
1653.59	61
1655.72	62.6667
1657.84	62.1111
1659.97	62.1111
1662.09	64.8889
1664.21	59.6667
1666.34	60
1668.46	63.2222
1670.58	63
1672.7	61.1111
1674.82	61.3333
1676.94	61.1111
1679.06	62.8889
1681.18	61.1111
1683.29	61.8889
1685.41	63
1687.52	60.7778
1689.64	60.8889
1691.76	62.2222
1693.87	60.5556
1695.98	65.6667
1698.09	62
1700.21	63
1702.32	63.3333
1704.43	63.3333
1706.54	62.2222
1708.65	62.8889
1710.76	63.4444
1712.86	64.6667
1714.97	64.1111
1717.08	61.8889
1719.19	65
1721.29	62.2222
1723.4	63
1725.5	64.3333
1727.6	63.5556
1729.71	62
1731.81	62.6667
1733.91	65.2222
1736.01	60.7778
1738.11	63.8889
1740.21	63.8889
1742.31	63.3333
1744.41	61.3333
1746.51	64.4444
1748.6	62.2222
1750.7	62.4444
1752.8	64
1754.89	61
1756.99	62.7778
1759.08	63.4444
1761.17	62.3333
1763.27	62.8889
1765.36	64.7778
1767.45	62.8889
1769.54	61.6667
1771.63	62.6667
1773.72	64.3333
1775.81	64.1111
1777.9	63.7778
1779.98	65.5556
1782.07	61.8889
1784.16	65.2222
1786.24	62.1111
1788.33	64.4444
1790.41	64.7778
1792.5	64.1111
1794.58	66
1796.66	61.3333
1798.74	65.2222
1800.83	63
1802.91	65.3333
1804.99	65.4444
1807.06	63.8889
1809.14	64.3333
1811.22	64.5556
1813.3	63.6667
1815.38	62.5556
1817.45	64.3333
1819.53	65
1821.6	65.1111
1823.68	62.5556
1825.75	65.7778
1827.82	64.2222
1829.9	66.4444
1831.97	65.4444
1834.04	65.3333
1836.11	67.6667
1838.18	64.7778
1840.25	65.6667
1842.32	66.7778
1844.38	64.2222
1846.45	67.4444
1848.52	65.8889
1850.58	66.7778
1852.65	64
1854.72	65.3333
1856.78	65.8889
1858.84	65.3333
1860.91	65.1111
1862.97	64.1111
1865.03	63.7778
1867.09	66.2222
1869.15	66
1871.21	65.7778
1873.27	65.5555
1875.33	65.7778
1877.39	66.8889
1879.44	66.6667
1881.5	65.3333
1883.56	68
1885.61	67.3333
1887.67	68.7778
1889.72	67.4444
1891.78	67.5556
1893.83	69.1111
1895.88	67.6667
1897.93	68
1899.98	66.4444
1902.03	67.8889
1904.08	67
1906.13	69.2222
1908.18	67.3333
1910.23	64.1111
1912.28	67.7778
1914.32	67.1111
1916.37	67.8889
1918.41	68.2222
1920.46	67.5556
1922.5	67
1924.55	68.6667
1926.59	68.8889
1928.63	64.5556
1930.68	67.6667
1932.72	69.3333
1934.76	68.4444
1936.8	67.1111
1938.84	69.6667
1940.87	70.6667
1942.91	70
1944.95	67.3333
1946.99	68.2222
1949.02	69
1951.06	68.4444
1953.09	69.4444
1955.13	71.6667
1957.16	69.5556
1959.2	67.8889
1961.23	70.7778
1963.26	71.4444
1965.29	69.2222
1967.32	68.6667
1969.35	68.5556
1971.38	68.1111
1973.41	70.5556
1975.44	68.3333
1977.47	67.1111
1979.5	69.7778
1981.52	71.7778
1983.55	72
1985.57	67.7778
1987.6	70.3333
1989.62	69.6667
1991.64	68.7778
1993.67	68.3333
1995.69	67.2222
1997.71	68.3333
1999.73	68.6667
2001.75	68.4444
2003.77	70.2222
2005.79	68.1111
2007.81	70.5556
2009.83	69
2011.85	71.5556
2013.86	70.6667
2015.88	71.1111
2017.89	71.3333
2019.91	72
2021.92	71.3333
2023.94	71.3333
2025.95	71.2222
2027.96	71.7778
2029.97	70.7778
2031.99	71.6667
2034	72.1111
2036.01	72.1111
2038.02	71.2222
2040.03	73.6667
2042.03	73.6667
2044.04	72.4444
2046.05	71.6667
2048.06	73.4444
2050.06	71.6667
2052.07	71.1111
2054.07	73.2222
2056.08	75.4445
2058.08	72.1111
2060.08	73.1111
2062.08	73.6667
2064.09	71.2222
2066.09	73.8889
2068.09	73.5556
2070.09	73.5556
2072.09	73.1111
2074.09	70.1111
2076.08	74.1111
2078.08	73.1111
2080.08	72.4444
2082.07	72.7778
2084.07	75.7778
2086.07	74.3333
2088.06	74.7778
2090.05	72.4444
2092.05	73.5556
2094.04	76.1111
2096.03	75.6667
2098.02	74.4444
2100.01	76.5555
2102	70.7778
2103.99	77
2105.98	72.8889
2107.97	73
2109.96	75.6667
2111.95	73.4444
2113.94	74
2115.92	73
2117.91	74
2119.89	73.2222
2121.88	76.8889
2123.86	75.8889
2125.84	73.4444
2127.83	74.6667
2129.81	76
2131.79	73.7778
2133.77	74.1111
2135.75	75.1111
2137.73	75
2139.71	76.6667
2141.69	73.6667
2143.67	76.6667
2145.64	76
2147.62	76.2222
2149.6	75.3333
2151.57	76
2153.55	73.2222
2155.52	73.5556
2157.5	75
2159.47	79.5556
2161.44	76
2163.41	80.2222
2165.39	75.1111
2167.36	77.7778
2169.33	77.3333
2171.3	76.7778
2173.27	76.4445
2175.24	79.3333
2177.2	76.4444
2179.17	79.6667
2181.14	77.8889
2183.1	79.1111
2185.07	75.8889
2187.03	76.6667
2189	79.3333
2190.96	78.1111
2192.93	77.6667
2194.89	77.6667
2196.85	78
2198.81	78.4444
2200.77	77.3333
2202.73	76.4444
2204.69	78
2206.65	78.6667
2208.61	76.1111
2210.57	76
2212.53	76.7778
2214.48	76.7778
2216.44	73.6667
2218.4	75.2222
2220.35	78
2222.31	77.6667
2224.26	78.7778
2226.21	76.8889
2228.17	75.4444
2230.12	77.2222
2232.07	73.6667
2234.02	78.8889
2235.97	77.8889
2237.92	79.4444
2239.87	79.7778
2241.82	78.4444
2243.77	80.2222
2245.72	78.2222
2247.66	80.3333
2249.61	80.6667
2251.56	77
2253.5	78.5556
2255.45	77.7778
2257.39	76.6667
2259.33	79.4444
2261.28	78.8889
2263.22	78.5556
2265.16	81.1111
2267.1	79.3333
2269.04	79.5556
2270.99	76
2272.92	80.1111
2274.86	81.5556
2276.8	78.6667
2278.74	77
2280.68	80.7778
2282.61	77.7778
2284.55	80.2222
2286.49	82.1111
2288.42	78.3333
2290.36	78.1111
2292.29	78.2222
2294.22	80.6667
2296.16	77.5556
2298.09	78.3333
2300.02	82
2301.95	77.8889
2303.88	79.2222
2305.81	79.7778
2307.74	78.8889
2309.67	81.6667
2311.6	80.8889
2313.53	77
2315.45	83
2317.38	80.2222
2319.31	80.4444
2321.23	79.6667
2323.16	78
2325.08	79
2327	78.6667
2328.93	79.7778
2330.85	81.1111
2332.77	80.4444
2334.69	81.8889
2336.62	80.6667
2338.54	80.2222
2340.46	81.6667
2342.38	83.5556
2344.29	80
2346.21	82.7778
2348.13	81.8889
2350.05	81.2222
2351.96	81.6667
2353.88	81.1111
2355.79	81.5556
2357.71	82.2222
2359.62	83.4444
2361.54	81.7778
2363.45	82.7778
2365.36	83.1111
2367.27	83.5556
2369.19	82.4445
2371.1	83.2222
2373.01	82.7778
2374.92	81.4444
2376.83	80.8889
2378.73	83.7778
2380.64	84.2222
2382.55	82.2222
2384.46	80.4445
2386.36	83.5556
2388.27	81
2390.17	83.4444
2392.08	83.6667
2393.98	81.6667
2395.89	81.3333
2397.79	82.3333
2399.69	83.6667
2401.59	85.3333
2403.5	85.2222
2405.4	83.1111
2407.3	86.7778
2409.2	82.6667
2411.09	83.8889
2412.99	85.7778
2414.89	82.7778
2416.79	83.5556
2418.69	85.8889
2420.58	88.1111
2422.48	85
2424.37	87.3333
2426.27	87.7778
2428.16	86.8889
2430.06	84.7778
2431.95	88
2433.84	87.5556
2435.73	86
2437.62	86.4444
2439.52	83.4444
2441.41	87.2222
2443.3	88.6667
2445.19	86.5556
