186.85	547.778
189.449	544.444
192.047	544.667
194.645	542.667
197.241	544.222
199.837	540.667
202.431	539.778
205.025	545.111
207.619	544.222
210.21	549.333
212.802	540.222
215.392	552.889
217.982	545.111
220.57	564.444
223.158	555.778
225.744	561.778
228.331	561.556
230.915	568.889
233.5	562.889
236.083	582.222
238.666	574.889
241.247	576.667
243.827	595.333
246.408	592.889
248.986	590
251.565	589.111
254.142	591.333
256.719	588.444
259.294	588.889
261.868	591.333
264.443	586.889
267.015	589.778
269.587	576
272.159	578.222
274.729	584.444
277.298	572
279.867	577.111
282.435	560.222
285.001	568.889
287.568	562.222
290.133	571.333
292.697	557.111
295.26	564.889
297.824	573.556
300.385	580.444
302.945	577.778
305.505	574.889
308.064	558.444
310.623	578.222
313.18	560.444
315.737	553.556
318.292	550.444
320.847	554.444
323.402	560.222
325.955	544.222
328.507	548
331.058	549.778
333.609	554.667
336.158	554
338.707	555.333
341.255	558.889
343.802	548.667
346.349	558.444
348.895	570.889
351.439	560.889
353.983	543.778
356.526	549.111
359.068	557.111
361.609	560.667
364.149	570.889
366.689	554
369.227	560.222
371.765	564.444
374.302	559.333
376.838	580.444
379.374	586.222
381.908	586.889
384.442	582.667
386.973	576.444
389.505	562.444
392.036	556.667
394.567	554
397.096	546.889
399.625	547.778
402.153	553.111
404.68	565.111
407.206	549.111
409.73	551.111
412.254	561.778
414.778	573.111
417.301	564.222
419.823	564.444
422.343	566.444
424.863	557.333
427.383	576.889
429.901	569.778
432.418	576.445
434.935	582.667
437.451	596.667
439.966	577.111
442.48	578.444
444.993	577.111
447.506	566
450.019	560.889
452.528	569.778
455.039	566.667
457.549	583.333
460.056	576.889
462.564	572.445
465.07	574.444
467.576	564.444
470.082	562.667
472.585	551.778
475.089	571.556
477.591	567.778
480.093	563.556
482.595	567.556
485.094	578.444
487.594	569.333
490.091	576.222
492.59	577.111
495.086	581.778
497.582	568
500.076	573.111
502.571	573.778
505.064	561.333
507.558	566.222
510.049	571.556
512.54	568.222
515.03	583.333
517.518	576.444
520.008	582
522.495	569.111
524.983	584.222
527.468	569.111
529.954	561.111
532.438	559.556
534.921	571.778
537.404	567.778
539.886	563.111
542.366	561.778
544.848	574.222
547.327	560.444
549.805	575.556
552.284	562
554.76	575.556
557.236	578.444
559.711	575.556
562.186	567.778
564.66	569.778
567.132	578.222
569.604	570
572.076	575.111
574.547	574.889
577.016	578.667
579.484	589.333
581.952	573.111
584.419	578.667
586.887	591.333
589.352	555.556
591.816	575.556
594.28	572
596.743	570.445
599.205	562.444
601.667	573.111
604.127	566.222
606.588	579.555
609.047	575.333
611.505	560.444
613.963	575.111
616.419	580
618.875	571.111
621.33	578.222
623.784	588.444
626.238	581.333
628.69	579.778
631.142	575.333
633.593	580
636.043	580.444
638.493	564.222
640.941	576.889
643.389	591.111
645.835	594.889
648.281	573.778
650.727	583.556
653.171	586.444
655.615	585.111
658.058	583.111
660.501	581.555
662.942	578
665.382	581.111
667.822	584
670.261	576.889
672.699	578.222
675.137	577.111
677.574	573.111
680.008	579.778
682.443	581.111
684.878	574.667
687.312	578
689.743	591.333
692.175	579.778
694.607	597.111
697.037	576.444
699.466	580
701.895	590
704.323	594.667
706.749	585.556
709.175	582.667
711.601	577.333
714.025	588.222
716.449	601.111
718.871	587.778
721.294	589.556
723.716	580.667
726.136	585.778
728.556	588.889
730.975	598.222
733.394	580.444
735.812	588.444
738.228	588.222
740.644	582.222
743.058	574.667
745.473	585.778
747.886	581.778
750.3	583.111
752.711	577.333
755.123	573.333
757.533	566.667
759.942	581.333
762.351	591.333
764.759	584.667
767.167	575.778
769.573	584.444
771.979	588
774.383	570.444
776.787	584.889
779.191	580.667
781.593	570
783.994	591.778
786.396	594.889
788.796	593.333
791.195	596
793.595	580.889
795.992	590.667
798.389	589.778
800.786	580.667
803.181	594.667
805.576	588.444
807.969	585.778
810.363	600.889
812.755	589.556
815.147	596.444
817.537	584
819.927	599.778
822.318	593.556
824.706	597.556
827.093	586.667
829.48	598.222
831.866	583.556
834.251	586.667
836.636	584.445
839.021	589.111
841.404	604.444
843.786	584.444
846.167	581.333
848.548	592.667
850.928	580.889
853.307	591.556
855.685	590.444
858.063	598.222
860.44	587.333
862.816	580.444
865.192	598.889
867.566	592.222
869.94	592.222
872.313	596.222
874.685	593.556
877.057	588.222
879.428	599.333
881.798	594.222
884.167	593.333
886.536	582.444
888.902	595.111
891.269	602
893.636	598.444
896.001	598.667
898.366	597.333
900.73	594.222
903.094	600.222
905.455	589.111
907.817	585.556
910.178	589.333
912.538	592.444
914.898	578.889
917.255	578.889
919.613	587.555
921.971	578
924.327	587.333
926.682	572.222
929.037	574.889
931.391	588
933.744	591.556
936.096	589.778
938.449	588.667
940.799	592.444
943.149	576.222
945.499	576.889
947.847	584.889
950.195	581.778
952.542	582.667
954.889	584.444
957.235	580.444
959.579	599.556
961.924	588.889
964.266	586.444
966.609	583.778
968.951	583.333
971.292	584.667
973.632	592.444
975.972	581.333
978.31	585.111
980.649	583.556
982.986	590
985.323	583.556
987.659	595.778
989.994	594.444
992.328	599.333
994.662	602
996.995	591.555
999.326	612.222
1001.66	619.556
1003.99	611.111
1006.32	600
1008.65	596.667
1010.98	596
1013.3	600.667
1015.63	596.889
1017.96	600.222
1020.28	590.444
1022.61	587.333
1024.93	586.889
1027.25	599.111
1029.58	594
1031.9	593.556
1034.22	594.222
1036.54	599.333
1038.86	590.889
1041.18	591.111
1043.49	596.889
1045.81	589.778
1048.13	591.778
1050.44	587.556
1052.76	607.111
1055.07	604.222
1057.39	614.444
1059.7	600.889
1062.01	610.444
1064.32	608.889
1066.63	610.889
1068.94	607.333
1071.25	621.778
1073.56	607.778
1075.87	618.222
1078.17	616.222
1080.48	618.667
1082.79	626.444
1085.09	624
1087.39	626
1089.7	631.111
1092	645.778
1094.3	655.333
1096.6	664.222
1098.9	665.556
1101.2	656.667
1103.5	647.556
1105.8	633.556
1108.1	636.889
1110.39	646.444
1112.69	642.444
1114.98	651.333
1117.28	665.111
1119.57	659.778
1121.86	659.556
1124.16	659.111
1126.45	655.556
1128.74	640.222
1131.03	643.556
1133.32	647.111
1135.61	641.556
1137.89	627.556
1140.18	632.889
1142.47	633.111
1144.75	633.333
1147.04	634.889
1149.32	632.444
1151.61	635.778
1153.89	639.556
1156.17	634.444
1158.45	639.333
1160.73	625.778
1163.01	630.889
1165.29	630.889
1167.57	627.111
1169.85	623.333
1172.12	622
1174.4	608
1176.68	618
1178.95	630
1181.22	622.222
1183.5	615.556
1185.77	606
1188.04	594.222
1190.31	615.111
1192.58	598
1194.85	616.667
1197.12	604.222
1199.39	608.222
1201.66	613.111
1203.92	612.222
1206.19	618
1208.45	608
1210.72	616.889
1212.98	610.667
1215.25	625.111
1217.51	619.778
1219.77	634.667
1222.03	626.222
1224.29	612.889
1226.55	630.222
1228.81	637.778
1231.07	635.333
1233.33	636.889
1235.58	636.222
1237.84	635.778
1240.09	644.222
1242.35	646.444
1244.6	648.889
1246.86	636
1249.11	653.111
1251.36	651.333
1253.61	654.222
1255.86	644.889
1258.11	648
1260.36	639.333
1262.61	655.555
1264.86	653.778
1267.1	654.889
1269.35	643.556
1271.6	662.222
1273.84	637.556
1276.08	644
1278.33	648.667
1280.57	644
1282.81	653.333
1285.05	636.222
1287.29	638.667
1289.53	632.444
1291.77	642.444
1294.01	639.111
1296.25	644.222
1298.48	642
1300.72	648.667
1302.96	639.556
1305.19	632.667
1307.42	640.889
1309.66	648.222
1311.89	642.889
1314.12	641.556
1316.35	640.444
1318.58	647.111
1320.81	650.222
1323.04	644.222
1325.27	652.889
1327.5	650.889
1329.73	639.333
1331.95	657.778
1334.18	634.444
1336.4	636.667
1338.63	637.111
1340.85	644.222
1343.08	647.111
1345.3	639.333
1347.52	632
1349.74	633.778
1351.96	624.667
1354.18	626
1356.4	640.667
1358.61	637.111
1360.83	645.556
1363.05	627.333
1365.27	633.778
1367.48	634.889
1369.69	661.111
1371.91	638
1374.12	651.778
1376.33	650.667
1378.55	649.778
1380.76	651.111
1382.97	643.556
1385.18	637.111
1387.39	636.667
1389.59	632.667
1391.8	625.778
1394.01	618.222
1396.21	613.556
1398.42	621.111
1400.63	619.111
1402.83	612.222
1405.03	608.667
1407.24	618.889
1409.44	612.667
1411.64	614.444
1413.84	601.333
1416.04	604.444
1418.24	613.333
1420.44	608.444
1422.64	601.778
1424.83	602.444
1427.03	601.778
1429.23	607.333
1431.42	617.556
1433.62	605.333
1435.81	613.556
1438	617.778
1440.19	603.556
1442.39	613.111
1444.58	618
1446.77	621.778
1448.96	623.111
1451.15	625.778
1453.34	623.556
1455.52	625.778
1457.71	626
1459.9	623.778
1462.08	613.111
1464.27	627.333
1466.45	610.222
1468.64	620.667
1470.82	631.111
1473	626
1475.18	623.556
1477.36	625.778
1479.54	612.889
1481.72	620.444
1483.9	616.889
1486.08	616.667
1488.26	615.111
1490.43	608.222
1492.61	604.667
1494.78	608.444
1496.96	635.778
1499.13	631.778
1501.31	629.556
1503.48	631.556
1505.65	625.111
1507.82	621.778
1509.99	626
1512.16	646
1514.33	629.333
1516.5	639.778
1518.67	649.556
1520.84	638.667
1523	653.333
1525.17	654.222
1527.34	642
1529.5	638.222
1531.66	649.111
1533.83	639.333
1535.99	635.333
1538.15	651.333
1540.31	652.889
1542.47	656.889
1544.63	655.556
1546.79	652.222
1548.95	652.667
1551.11	653.778
1553.27	651.333
1555.42	664.889
1557.58	665.333
1559.73	674
1561.89	684.889
1564.04	681.111
1566.2	657.111
1568.35	671.333
1570.5	687.333
1572.65	683.556
1574.8	689.333
1576.95	692.889
1579.1	697.556
1581.25	694.444
1583.4	700.667
1585.55	705.556
1587.69	712.222
1589.84	696.222
1591.99	688
1594.13	683.111
1596.27	691.556
1598.42	679.778
1600.56	694.444
1602.7	674
1604.84	681.333
1606.98	675.556
1609.12	670
1611.26	667.556
1613.4	662.222
1615.54	663.556
1617.68	643.333
1619.81	639.556
1621.95	628.222
1624.08	623.778
1626.22	607.556
1628.35	610.889
1630.49	610
1632.62	600.667
1634.75	588.889
1636.88	586.222
1639.01	572.667
1641.14	572.222
1643.27	575.556
1645.4	568.222
1647.53	559.333
1649.66	561.111
1651.79	558.889
1653.91	542.667
1656.04	550.889
1658.16	548.667
1660.29	541.556
1662.41	550.444
1664.53	544.889
1666.66	540.222
1668.78	545.333
1670.9	539.556
1673.02	537.333
1675.14	525.556
1677.26	529.333
1679.38	526.222
1681.49	530.222
1683.61	528.889
1685.73	526.667
1687.84	520.889
1689.96	530
1692.07	530.222
1694.19	527.556
1696.3	512.889
1698.41	525.333
1700.52	522.222
1702.64	521.333
1704.75	514.222
1706.86	514.222
1708.97	515.778
1711.07	513.556
1713.18	510.222
1715.29	512.445
1717.4	523.333
1719.5	503.111
1721.61	512.889
1723.71	506.889
1725.82	507.111
1727.92	505.333
1730.02	507.333
1732.12	504
1734.23	494.667
1736.33	492.667
1738.43	497.333
1740.53	496.222
1742.63	498.222
1744.72	500
1746.82	500.222
1748.92	484.667
1751.02	476.889
1753.11	487.778
1755.21	490.667
1757.3	476
1759.4	480.889
1761.49	487.778
1763.58	483.111
1765.67	472
1767.76	474.667
1769.86	480
1771.95	473.111
1774.03	482.222
1776.12	481.778
1778.21	472.222
1780.3	476.222
1782.39	478.444
1784.47	476.222
1786.56	492.444
1788.64	479.778
1790.73	474.889
1792.81	476.667
1794.89	472.222
1796.98	461.333
1799.06	473.778
1801.14	467.333
1803.22	472.889
1805.3	457.778
1807.38	466
1809.46	465.778
1811.54	462.889
1813.61	458.222
1815.69	471.333
1817.77	463.333
1819.84	464
1821.92	461.778
1823.99	469.333
1826.06	467.333
1828.14	467.556
1830.21	453.778
1832.28	460.222
1834.35	455.778
1836.42	457.333
1838.49	463.778
1840.56	461.556
1842.63	464.444
1844.7	452.444
1846.77	455.111
1848.83	446.222
1850.9	450.889
1852.96	454.667
1855.03	447.778
1857.09	457.556
1859.15	437.333
1861.22	440
1863.28	455.333
1865.34	445.556
1867.4	444
1869.46	453.111
1871.52	446.667
1873.58	446.222
1875.64	443.556
1877.7	445.111
1879.76	445.111
1881.81	447.556
1883.87	448
1885.92	446
1887.98	443.556
1890.03	436.889
1892.09	446
1894.14	440.667
1896.19	445.556
1898.24	436.222
1900.29	436.222
1902.34	436.889
1904.4	438
1906.44	440.222
1908.49	442
1910.54	443.333
1912.59	433.778
1914.63	448.444
1916.68	447.111
1918.73	443.111
1920.77	444.222
1922.81	437.333
1924.86	436.444
1926.9	434.889
1928.94	436
1930.99	435.333
1933.03	442.889
1935.07	430.667
1937.11	433.556
1939.15	439.333
1941.19	428
1943.22	429.778
1945.26	428.444
1947.3	426.667
1949.33	426
1951.37	430
1953.4	427.556
1955.44	419.556
1957.47	422.222
1959.51	426.444
1961.54	426.889
1963.57	429.111
1965.6	417.556
1967.63	424.222
1969.66	408.444
1971.69	419.778
1973.72	424.444
1975.75	423.778
1977.78	410.444
1979.8	421.556
1981.83	417.778
1983.86	417.333
1985.88	411.778
1987.91	416.222
1989.93	411.556
1991.95	416.222
1993.98	417.111
1996	418.222
1998.02	412.444
2000.04	405.778
2002.06	411.778
2004.08	410.444
2006.1	408
2008.12	409.778
2010.14	403.556
2012.15	415.778
2014.17	416.444
2016.19	419.111
2018.2	404.444
2020.22	406.222
2022.23	407.111
2024.25	406.444
2026.26	410.222
2028.27	408.444
2030.28	406.889
2032.29	416
2034.3	408.444
2036.32	408.222
2038.32	408.667
2040.33	410.222
2042.34	407.778
2044.35	416.444
2046.36	407.556
2048.36	408
2050.37	407.556
2052.37	414.222
2054.38	398.889
2056.38	404.222
2058.39	407.778
2060.39	408.667
2062.39	404.889
2064.39	398.667
2066.39	412.222
2068.39	404.222
2070.39	399.333
2072.39	401.778
2074.39	400.667
2076.39	394
2078.39	395.556
2080.39	404.222
2082.38	396
2084.38	397.778
2086.37	399.556
2088.37	395.556
2090.36	402.667
2092.35	392
2094.35	395.556
2096.34	394.222
2098.33	393.333
2100.32	398.667
2102.31	393.778
2104.3	399.778
2106.29	385.556
2108.28	397.778
2110.27	393.556
2112.25	393.778
2114.24	404.222
2116.23	403.111
2118.21	397.333
2120.2	401.556
2122.18	404
2124.17	405.556
2126.15	403.778
2128.13	399.333
2130.11	399.111
2132.09	404
2134.08	392
2136.06	395.111
2138.04	401.111
2140.02	394.889
2141.99	391.778
2143.97	393.333
2145.95	397.556
2147.93	398.444
2149.9	394.889
2151.88	386
2153.85	395.111
2155.83	395.556
2157.8	389.333
2159.77	390.222
2161.75	389.333
2163.72	392
2165.69	385.111
2167.66	382.444
2169.63	383.556
2171.6	383.556
2173.57	379.111
2175.54	386
2177.51	381.556
2179.47	381.333
2181.44	381.333
2183.41	380.889
2185.37	383.333
2187.34	376
2189.3	375.556
2191.27	378
2193.23	364.889
2195.19	364.222
2197.15	374.444
2199.11	374
2201.08	369.111
2203.04	374.889
2205	370.222
2206.96	366
2208.91	371.111
2210.87	368.667
2212.83	371.556
2214.79	366.444
2216.74	367.778
2218.7	362.667
2220.65	361.778
2222.61	362.667
2224.56	372.889
2226.52	377.111
2228.47	359.556
2230.42	367.778
2232.37	363.111
2234.32	360.667
2236.27	362
2238.22	357.778
2240.17	360.444
2242.12	351.778
2244.07	356
2246.02	356.667
2247.97	356.222
2249.91	349.333
2251.86	348.444
2253.8	344.444
2255.75	361.111
2257.69	356.667
2259.64	357.111
2261.58	354.222
2263.52	353.111
2265.46	343.333
2267.4	346.667
2269.35	341.556
2271.29	347.333
2273.23	344.444
2275.16	346.667
2277.1	347.778
2279.04	345.333
2280.98	341.778
2282.92	340.889
2284.85	343.778
2286.79	338
2288.72	331.333
2290.66	336.667
2292.59	332.889
2294.52	340.667
2296.46	333.111
2298.39	339.778
2300.32	324
2302.25	336.222
2304.18	331.333
2306.11	333.778
2308.04	332
2309.97	332.444
2311.9	328
2313.83	330.222
2315.75	332.222
2317.68	331.333
2319.61	337.333
2321.53	328.444
2323.46	334.667
2325.38	332.889
2327.3	325.333
2329.23	329.333
2331.15	329.778
2333.07	323.111
2334.99	330.889
2336.91	330
2338.83	319.778
2340.75	325.111
2342.67	328.222
2344.59	325.111
2346.51	328.444
2348.43	324.222
2350.35	322.444
2352.26	325.778
2354.18	324.667
2356.09	326
2358.01	323.111
2359.92	321.778
2361.83	315.778
2363.75	319.333
2365.66	317.333
2367.57	319.556
2369.48	321.111
2371.39	316
2373.31	310.889
2375.21	316.444
2377.12	323.111
2379.03	312
2380.94	310.444
2382.85	316.889
2384.76	312.889
2386.66	305.778
2388.57	313.778
2390.47	310
2392.38	310.667
2394.28	312.444
2396.18	311.111
2398.09	308
2399.99	304.222
2401.89	303.778
2403.79	311.333
2405.69	305.111
2407.59	307.333
2409.49	300.667
2411.39	305.333
2413.29	308.667
2415.19	303.111
2417.09	307.333
2418.98	309.778
2420.88	304.667
2422.78	297.778
2424.67	303.333
2426.57	307.556
2428.46	299.333
2430.35	297.333
2432.25	310
2434.14	304.667
2436.03	304.222
2437.92	309.111
2439.81	300.444
2441.7	299.111
2443.59	302.222
2445.48	308.222
2447.37	294.222
2449.26	300
2451.15	298.444
2453.03	296
