186.85	877.556
189.449	870.222
192.047	865.111
194.645	868.444
197.241	842.667
199.837	856
202.431	840.667
205.025	850.444
207.619	830.222
210.21	843.556
212.802	836.444
215.392	827.778
217.982	842.889
220.57	824.889
223.158	835.111
225.744	815.778
228.331	828.222
230.915	837.556
233.5	830.222
236.083	837.556
238.666	843.778
241.247	837.333
243.827	847.556
246.408	858.445
248.986	867.778
251.565	850.889
254.142	864.444
256.719	859.556
259.294	844.444
261.868	856.667
264.443	859.778
267.015	848.889
269.587	852.222
272.159	831.333
274.729	856.667
277.298	833.333
279.867	836.667
282.435	838.444
285.001	833.778
287.568	841.111
290.133	844
292.697	840.444
295.26	848.444
297.824	836.222
300.385	858.889
302.945	867.556
305.505	846.444
308.064	839.111
310.623	841.778
313.18	831.111
315.737	818.667
318.292	820.667
320.847	805.778
323.402	806
325.955	791.556
328.507	787.778
331.058	804.889
333.609	802
336.158	806
338.707	790.667
341.255	793.333
343.802	792.667
346.349	807.778
348.895	818.667
351.439	808.667
353.983	814
356.526	788
359.068	809.778
361.609	822
364.149	811.111
366.689	806.667
369.227	822.222
371.765	809.556
374.302	816.889
376.838	819.333
379.374	814.444
381.908	824.667
384.442	817.111
386.973	804.444
389.505	811.111
392.036	788.222
394.567	791.111
397.096	794
399.625	800
402.153	780.889
404.68	799.778
407.206	805.333
409.73	790.444
412.254	797.556
414.778	816.222
417.301	797.556
419.823	801.556
422.343	805.778
424.863	811.556
427.383	807.333
429.901	820.667
432.418	817.111
434.935	826.667
437.451	826.889
439.966	810.444
442.48	797.778
444.993	801.111
447.506	798
450.019	804
452.528	799.111
455.039	801.556
457.549	818
460.056	809.556
462.564	808.444
465.07	791.333
467.576	804.889
470.082	798.444
472.585	807.333
475.089	797.778
477.591	808.667
480.093	802.667
482.595	803.111
485.094	818.444
487.594	810
490.091	819.778
492.59	823.111
495.086	810.889
497.582	807.556
500.076	827.111
502.571	817.111
505.064	797.778
507.558	823.556
510.049	822.222
512.54	812.889
515.03	812
517.518	820
520.008	816.889
522.495	826
524.983	810
527.468	811.556
529.954	793.111
532.438	809.556
534.921	794.667
537.404	792.889
539.886	800.667
542.366	811.111
544.848	810
547.327	818.444
549.805	822
552.284	824.889
554.76	836.889
557.236	830
559.711	834.222
562.186	825.556
564.66	818
567.132	844.222
569.604	837.111
572.076	830.222
574.547	847.778
577.016	855.333
579.484	866.222
581.952	858.444
584.419	864.667
586.887	858.444
589.352	831.111
591.816	827.556
594.28	831.333
596.743	822.222
599.205	816.667
601.667	824.222
604.127	826.889
606.588	832.222
609.047	827.778
611.505	836
613.963	826.444
616.419	838.222
618.875	851.556
621.33	849.556
623.784	858.444
626.238	836.667
628.69	842.889
631.142	848.445
633.593	852.889
636.043	850.889
638.493	854.889
640.941	856.667
643.389	850.444
645.835	864
648.281	864.889
650.727	869.333
653.171	863.111
655.615	847.556
658.058	845.333
660.501	850.444
662.942	848.222
665.382	837.556
667.822	848.222
670.261	855.333
672.699	845.556
675.137	851.778
677.574	857.333
680.008	847.778
682.443	864
684.878	853.778
687.312	861.111
689.743	839.333
692.175	844.667
694.607	851.778
697.037	862.667
699.466	858.444
701.895	856
704.323	856.444
706.749	860.667
709.175	845.778
711.601	849.111
714.025	839.778
716.449	847.556
718.871	837.333
721.294	864.667
723.716	842.667
726.136	853.556
728.556	840.889
730.975	853.111
733.394	847.333
735.812	846.222
738.228	839.333
740.644	838
743.058	828.667
745.473	846.889
747.886	843.778
750.3	854.444
752.711	840
755.123	844.667
757.533	833.778
759.942	838.889
762.351	828.889
764.759	847.778
767.167	851.111
769.573	844.667
771.979	851.111
774.383	858.889
776.787	859.111
779.191	850
781.593	852
783.994	877.111
786.396	862.222
788.796	854.889
791.195	850.889
793.595	865.556
795.992	880.444
798.389	874.444
800.786	875.333
803.181	878
805.576	885.556
807.969	874.889
810.363	890.667
812.755	891.333
815.147	896.222
817.537	907.333
819.927	918.889
822.318	917.778
824.706	925.111
827.093	929.111
829.48	915.778
831.866	908.222
834.251	914
836.636	903.556
839.021	906.444
841.404	892.667
843.786	897.555
846.167	901.111
848.548	882.667
850.928	896.444
853.307	906.889
855.685	913.333
858.063	899.111
860.44	917.556
862.816	904.889
865.192	923.778
867.566	912
869.94	908.222
872.313	918.667
874.685	914.889
877.057	909.778
879.428	934.889
881.798	934.444
884.167	934
886.536	920.222
888.902	926.889
891.269	920.889
893.636	927.778
896.001	925.333
898.366	904
900.73	909.333
903.094	910.444
905.455	913.333
907.817	911.111
910.178	913.556
912.538	908
914.898	906
917.255	903.111
919.613	897.333
921.971	899.556
924.327	895.333
926.682	893.556
929.037	894
931.391	889.111
933.744	886.444
936.096	880.889
938.449	884.667
940.799	884.889
943.149	897.778
945.499	890.889
947.847	895.333
950.195	897.778
952.542	901.778
954.889	892.222
957.235	890.889
959.579	912.444
961.924	893.778
964.266	905.778
966.609	909.111
968.951	906.222
971.292	894.444
973.632	916.667
975.972	897.333
978.31	888.222
980.649	911.778
982.986	909.556
985.323	900.444
987.659	894.444
989.994	914.444
992.328	906.889
994.662	924
996.995	910.444
999.326	933.778
1001.66	911.556
1003.99	928
1006.32	914.222
1008.65	922.667
1010.98	925.778
1013.3	926.222
1015.63	925.778
1017.96	918
1020.28	904.444
1022.61	917.556
1024.93	930.222
1027.25	925.111
1029.58	926.222
1031.9	940
1034.22	929.333
1036.54	932.667
1038.86	958.222
1041.18	923.778
1043.49	927.556
1045.81	944
1048.13	954.889
1050.44	937.778
1052.76	951.778
1055.07	949.111
1057.39	971.778
1059.7	977.555
1062.01	983.111
1064.32	1003.33
1066.63	1033.11
1068.94	1069.33
1071.25	1104.44
1073.56	1105.11
1075.87	1083.33
1078.17	1043.56
1080.48	1015.11
1082.79	1031.78
1085.09	1004
1087.39	1011.78
1089.7	1006
1092	1012.44
1094.3	1024.22
1096.6	1019.56
1098.9	1021.33
1101.2	1026
1103.5	1013.78
1105.8	1005.78
1108.1	1023.78
1110.39	1008
1112.69	1030.67
1114.98	1038.44
1117.28	1055.33
1119.57	1058.67
1121.86	1049.11
1124.16	1055.11
1126.45	1090.89
1128.74	1076.89
1131.03	1068.44
1133.32	1080.22
1135.61	1074.22
1137.89	1056.89
1140.18	1076.67
1142.47	1078.67
1144.75	1087.56
1147.04	1100.22
1149.32	1102.22
1151.61	1092.44
1153.89	1105.78
1156.17	1119.78
1158.45	1122.22
1160.73	1118.44
1163.01	1118
1165.29	1134.22
1167.57	1125.78
1169.85	1146.44
1172.12	1158.22
1174.4	1175.78
1176.68	1206
1178.95	1190.89
1181.22	1187.33
1183.5	1203.11
1185.77	1198
1188.04	1204
1190.31	1222
1192.58	1217.11
1194.85	1228.22
1197.12	1251.33
1199.39	1246.67
1201.66	1231.78
1203.92	1247.78
1206.19	1247.78
1208.45	1236.67
1210.72	1210.44
1212.98	1241.11
1215.25	1226.67
1217.51	1234.44
1219.77	1224.44
1222.03	1224.89
1224.29	1230.89
1226.55	1246.44
1228.81	1237.78
1231.07	1232
1233.33	1252.89
1235.58	1250.22
1237.84	1240.44
1240.09	1262.22
1242.35	1252.22
1244.6	1245.56
1246.86	1241.56
1249.11	1240.89
1251.36	1253.33
1253.61	1260.22
1255.86	1287.78
1258.11	1277.11
1260.36	1254.67
1262.61	1277.78
1264.86	1265.56
1267.1	1286.22
1269.35	1273.56
1271.6	1294.22
1273.84	1291.78
1276.08	1281.11
1278.33	1286
1280.57	1283.78
1282.81	1295.33
1285.05	1309.56
1287.29	1297.33
1289.53	1304
1291.77	1304.22
1294.01	1328.67
1296.25	1306.89
1298.48	1322.44
1300.72	1343.33
1302.96	1356.44
1305.19	1359.33
1307.42	1343.56
1309.66	1338.67
1311.89	1332.22
1314.12	1328
1316.35	1362
1318.58	1353.56
1320.81	1344.44
1323.04	1363.11
1325.27	1365.78
1327.5	1352.22
1329.73	1373.78
1331.95	1388.89
1334.18	1396.89
1336.4	1388.22
1338.63	1403.33
1340.85	1380
1343.08	1381.11
1345.3	1370.67
1347.52	1368
1349.74	1358.22
1351.96	1348.22
1354.18	1357.11
1356.4	1325.78
1358.61	1313.56
1360.83	1331.33
1363.05	1314.67
1365.27	1295.11
1367.48	1299.11
1369.69	1283.56
1371.91	1274.89
1374.12	1267.11
1376.33	1274.89
1378.55	1271.78
1380.76	1256.67
1382.97	1277.56
1385.18	1261.33
1387.39	1286.89
1389.59	1254
1391.8	1261.11
1394.01	1256.44
1396.21	1277.11
1398.42	1250.67
1400.63	1259.11
1402.83	1257.11
1405.03	1261.11
1407.24	1260
1409.44	1252
1411.64	1248
1413.84	1246.22
1416.04	1274.44
1418.24	1248.44
1420.44	1285.11
1422.64	1288.44
1424.83	1304.22
1427.03	1341.56
1429.23	1338.22
1431.42	1350.67
1433.62	1360
1435.81	1364.89
1438	1379.78
1440.19	1372
1442.39	1378.67
1444.58	1380.44
1446.77	1375.56
1448.96	1362
1451.15	1362.67
1453.34	1388.67
1455.52	1379.56
1457.71	1371.11
1459.9	1370.22
1462.08	1377.33
1464.27	1379.11
1466.45	1369.11
1468.64	1396.67
1470.82	1387.78
1473	1395.11
1475.18	1398.44
1477.36	1390
1479.54	1402.22
1481.72	1416.67
1483.9	1442.67
1486.08	1437.33
1488.26	1475.78
1490.43	1472
1492.61	1474.67
1494.78	1489.78
1496.96	1492.89
1499.13	1506.44
1501.31	1492.67
1503.48	1508
1505.65	1508.67
1507.82	1525.78
1509.99	1543.78
1512.16	1546.67
1514.33	1570.22
1516.5	1574.22
1518.67	1599.11
1520.84	1607.11
1523	1608.44
1525.17	1616.44
1527.34	1635.56
1529.5	1622.67
1531.66	1641.33
1533.83	1635.78
1535.99	1650.89
1538.15	1664
1540.31	1644.67
1542.47	1639.33
1544.63	1645.33
1546.79	1659.56
1548.95	1671.56
1551.11	1665.33
1553.27	1668.22
1555.42	1670.67
1557.58	1680.89
1559.73	1695.33
1561.89	1699.11
1564.04	1721.11
1566.2	1706.67
1568.35	1718.44
1570.5	1723.56
1572.65	1742
1574.8	1765.56
1576.95	1771.78
1579.1	1809.11
1581.25	1839.11
1583.4	1830.44
1585.55	1808.89
1587.69	1772
1589.84	1749.11
1591.99	1708.89
1594.13	1697.56
1596.27	1656.89
1598.42	1629.78
1600.56	1611.33
1602.7	1574
1604.84	1543.11
1606.98	1515.56
1609.12	1499.33
1611.26	1442.89
1613.4	1418
1615.54	1376.44
1617.68	1342.89
1619.81	1304.89
1621.95	1271.33
1624.08	1234.22
1626.22	1197.11
1628.35	1177.33
1630.49	1151.33
1632.62	1127.11
1634.75	1095.11
1636.88	1072.89
1639.01	1058.22
1641.14	1028.22
1643.27	1013.78
1645.4	999.778
1647.53	952.667
1649.66	952.222
1651.79	941.556
1653.91	907.556
1656.04	914.222
1658.16	896.667
1660.29	886.444
1662.41	879.778
1664.53	878.667
1666.66	854.222
1668.78	857.778
1670.9	833.111
1673.02	841.333
1675.14	841.778
1677.26	832.889
1679.38	811.111
1681.49	804.667
1683.61	798.222
1685.73	806.667
1687.84	794.444
1689.96	793.556
1692.07	786.444
1694.19	783.333
1696.3	788.222
1698.41	774.444
1700.52	770.889
1702.64	785.333
1704.75	786.889
1706.86	769.778
1708.97	768.889
1711.07	764.667
1713.18	770.667
1715.29	756.444
1717.4	752
1719.5	744.889
1721.61	744.222
1723.71	744.444
1725.82	735.111
1727.92	738.444
1730.02	727.111
1732.12	727.111
1734.23	738.222
1736.33	730
1738.43	729.556
1740.53	724
1742.63	725.778
1744.72	707.111
1746.82	713.111
1748.92	715.778
1751.02	689.333
1753.11	692
1755.21	702.889
1757.3	696.667
1759.4	704
1761.49	694
1763.58	694.667
1765.67	684.889
1767.76	698.889
1769.86	681.111
1771.95	672.222
1774.03	687.111
1776.12	675.333
1778.21	683.556
1780.3	677.333
1782.39	674.889
1784.47	667.778
1786.56	665.333
1788.64	665.111
1790.73	667.333
1792.81	654.889
1794.89	674.889
1796.98	652.222
1799.06	668.444
1801.14	663.111
1803.22	651.778
1805.3	658.222
1807.38	646.222
1809.46	655.333
1811.54	649.111
1813.61	654.444
1815.69	635.556
1817.77	650.667
1819.84	659.778
1821.92	642.667
1823.99	634.889
1826.06	631.556
1828.14	635.111
1830.21	626.444
1832.28	632.667
1834.35	623.333
1836.42	636.667
1838.49	633.556
1840.56	619.556
1842.63	621.333
1844.7	622
1846.77	626.889
1848.83	608.667
1850.9	616
1852.96	606.444
1855.03	614
1857.09	613.556
1859.15	613.556
1861.22	602.444
1863.28	601.778
1865.34	589.778
1867.4	605.111
1869.46	600.445
1871.52	594
1873.58	598.889
1875.64	600.444
1877.7	592
1879.76	586.222
1881.81	596.667
1883.87	587.111
1885.92	584.667
1887.98	591.111
1890.03	593.778
1892.09	594
1894.14	589.111
1896.19	580.222
1898.24	576.222
1900.29	589.778
1902.34	592.889
1904.4	583.556
1906.44	577.333
1908.49	577.778
1910.54	568
1912.59	574.444
1914.63	576
1916.68	570
1918.73	577.111
1920.77	570.222
1922.81	567.778
1924.86	567.556
1926.9	569.555
1928.94	557.556
1930.99	565.556
1933.03	554
1935.07	567.333
1937.11	565.556
1939.15	561.333
1941.19	560.667
1943.22	560.667
1945.26	563.333
1947.3	552.444
1949.33	551.778
1951.37	556.222
1953.4	551.111
1955.44	552.889
1957.47	568.889
1959.51	547.333
1961.54	562.667
1963.57	559.111
1965.6	543.333
1967.63	552.222
1969.66	554
1971.69	545.333
1973.72	551.111
1975.75	556.667
1977.78	551.556
1979.8	548.667
1981.83	554.222
1983.86	557.778
1985.88	554.222
1987.91	544.667
1989.93	550.444
1991.95	557.778
1993.98	546.667
1996	543.778
1998.02	549.333
2000.04	553.778
2002.06	548.222
2004.08	540.444
2006.1	551.778
2008.12	540
2010.14	554
2012.15	560
2014.17	550
2016.19	544.667
2018.2	548.444
2020.22	549.778
2022.23	551.556
2024.25	540
2026.26	539.333
2028.27	545.333
2030.28	543.556
2032.29	548.444
2034.3	543.778
2036.32	548.444
2038.32	521.333
2040.33	541.333
2042.34	536.222
2044.35	543.556
2046.36	538.444
2048.36	539.111
2050.37	524
2052.37	531.778
2054.38	529.556
2056.38	532
2058.39	530.889
2060.39	531.778
2062.39	523.111
2064.39	536.667
2066.39	520
2068.39	521.333
2070.39	522.667
2072.39	516.222
2074.39	517.778
2076.39	514.222
2078.39	521.556
2080.39	522
2082.38	525.333
2084.38	510.889
2086.37	510.889
2088.37	522
2090.36	521.111
2092.35	523.555
2094.35	516.222
2096.34	519.333
2098.33	518.444
2100.32	526.444
2102.31	518.889
2104.3	512.222
2106.29	519.778
2108.28	514.667
2110.27	524.889
2112.25	516.222
2114.24	515.556
2116.23	527.556
2118.21	520.889
2120.2	514.667
2122.18	518.889
2124.17	522.444
2126.15	523.333
2128.13	523.333
2130.11	525.111
2132.09	520
2134.08	525.556
2136.06	520.222
2138.04	514.222
2140.02	511.333
2141.99	510
2143.97	511.778
2145.95	504.889
2147.93	505.333
2149.9	509.111
2151.88	514.444
2153.85	513.333
2155.83	490.222
2157.8	505.333
2159.77	491.778
2161.75	489.111
2163.72	495.111
2165.69	508.444
2167.66	503.111
2169.63	497.556
2171.6	495.333
2173.57	490.889
2175.54	496.444
2177.51	489.556
2179.47	490.444
2181.44	480.889
2183.41	496
2185.37	497.111
2187.34	478
2189.3	490
2191.27	492.444
2193.23	496.444
2195.19	480.222
2197.15	474.222
2199.11	478.667
2201.08	482.444
2203.04	476.222
2205	490.889
2206.96	484
2208.91	472.667
2210.87	481.556
2212.83	488
2214.79	491.111
2216.74	492
2218.7	489.111
2220.65	505.778
2222.61	512
2224.56	519.778
2226.52	509.556
2228.47	510.444
2230.42	493.333
2232.37	491.111
2234.32	482.444
2236.27	474.222
2238.22	476.889
2240.17	476.222
2242.12	467.778
2244.07	463.556
2246.02	466.889
2247.97	469.778
2249.91	460.444
2251.86	458.667
2253.8	462
2255.75	466.444
2257.69	450.444
2259.64	454.444
2261.58	463.556
2263.52	451.111
2265.46	447.778
2267.4	452.889
2269.35	450.444
2271.29	439.556
2273.23	450
2275.16	448.222
2277.1	430.444
2279.04	450
2280.98	440.222
2282.92	444.667
2284.85	436.667
2286.79	448.444
2288.72	436.444
2290.66	447.333
2292.59	435.778
2294.52	440.889
2296.46	438.667
2298.39	428.222
2300.32	437.778
2302.25	436
2304.18	439.111
2306.11	438.667
2308.04	431.556
2309.97	432.889
2311.9	438.667
2313.83	434.222
2315.75	421.556
2317.68	427.111
2319.61	432.667
2321.53	430.889
2323.46	436
2325.38	430.889
2327.3	427.556
2329.23	437.333
2331.15	435.778
2333.07	422
2334.99	416.222
2336.91	427.111
2338.83	425.778
2340.75	418.667
2342.67	424.889
2344.59	429.778
2346.51	431.556
2348.43	421.556
2350.35	408
2352.26	427.111
2354.18	419.333
2356.09	426.444
2358.01	411.111
2359.92	420.667
2361.83	421.778
2363.75	411.333
2365.66	423.778
2367.57	418
2369.48	406.889
2371.39	419.333
2373.31	414.222
2375.21	404.889
2377.12	403.333
2379.03	404.667
2380.94	417.333
2382.85	411.111
2384.76	410.667
2386.66	404.222
2388.57	407.556
2390.47	399.111
2392.38	401.111
2394.28	405.111
2396.18	411.778
2398.09	403.333
2399.99	399.556
2401.89	402.667
2403.79	402.444
2405.69	400.667
2407.59	394.667
2409.49	404.667
2411.39	400.889
2413.29	404.889
2415.19	398.222
2417.09	391.333
2418.98	403.333
2420.88	401.111
2422.78	403.111
2424.67	390.667
2426.57	391.778
2428.46	395.111
2430.35	400
2432.25	398.667
2434.14	394
2436.03	390.889
2437.92	398
2439.81	397.778
2441.7	400.222
2443.59	394.444
2445.48	391.556
2447.37	398.889
2449.26	392
2451.15	388.889
2453.03	395.111
