178.677	287.556
181.278	283.778
183.879	283.556
186.48	284.222
189.078	285.333
191.677	276.667
194.275	274.667
196.871	271.333
199.467	273.333
202.061	271.333
204.656	266.444
207.248	260.889
209.841	267.556
212.431	267.111
215.022	259.111
217.613	264
220.201	259.556
222.789	259.778
225.375	260.889
227.962	252.222
230.547	253.778
233.13	253.556
235.714	244
238.296	260.889
240.879	253.556
243.459	248.222
246.04	247.556
248.618	252.667
251.196	251.111
253.774	240
256.35	245.556
258.927	252.667
261.501	240.889
264.074	243.778
266.648	239.111
269.22	249.556
271.791	244.444
274.362	244.667
276.931	248.667
279.5	240.444
282.069	256.444
284.635	247.333
287.201	250.222
289.766	255.556
292.331	260.222
294.894	255.111
297.457	263.778
300.018	254.889
302.58	251.778
305.14	256.667
307.699	242.667
310.257	242.222
312.814	233.556
315.372	237.333
317.928	232.889
320.482	236.222
323.036	228.444
325.589	226.889
328.142	231.333
330.693	221.778
333.243	223.333
335.795	223.111
338.343	223.111
340.891	229.111
343.439	229.556
345.985	231.333
348.53	233.111
351.075	220.667
353.619	240.444
356.162	223.333
358.704	228.889
361.245	233.778
363.786	239.333
366.325	240.667
368.864	248.222
371.402	250.667
373.939	253.778
376.475	256.889
379.011	257.778
381.545	255.556
384.079	256.889
386.612	254.222
389.144	254.889
391.674	241.333
394.204	246.444
396.734	250.889
399.263	250.444
401.791	249.111
404.318	249.778
406.844	253.111
409.368	249.778
411.893	247.778
414.417	247.556
416.94	243.556
419.462	254.889
421.982	240.889
424.502	253.556
427.022	252
429.541	246.889
432.057	248.667
434.574	245.778
437.091	255.111
439.606	252.667
442.12	255.778
444.634	254.667
447.147	252.444
449.657	252.667
452.169	251.556
454.68	252.889
457.188	247.111
459.697	248.222
462.205	249.111
464.711	240.889
467.217	240.222
469.722	238.667
472.227	239.333
474.731	252.222
477.232	247.111
479.735	244.889
482.235	246.667
484.736	252.222
487.234	244.444
489.734	254.222
492.23	252.667
494.728	256.444
497.223	255.333
499.719	262
502.213	256.444
504.707	259.333
507.199	265.778
509.692	263.556
512.182	264
514.673	260.444
517.162	262.667
519.65	260.444
522.139	257.556
524.625	255.111
527.112	254.444
529.597	250.889
532.081	251.111
534.565	249.111
537.047	252.889
539.529	253.556
542.011	248.889
544.491	248.889
546.97	246.889
549.45	243.556
551.927	236.667
554.404	246
556.88	259.778
559.356	248
561.831	244.444
564.304	248.889
566.777	248.667
569.25	253.778
571.721	249.111
574.191	249.333
576.661	250.444
579.129	254.444
581.599	246.444
584.066	246.889
586.532	252
588.997	255.778
591.462	243.333
593.926	247.111
596.389	255.333
598.851	252.889
601.314	260
603.775	256.667
606.235	248.444
608.694	256
611.152	254.667
613.609	250.667
616.066	245.556
618.522	246.444
620.977	248.667
623.431	265.778
625.885	255.556
628.338	276.889
630.79	285.556
633.241	289.111
635.691	297.556
638.141	296
640.589	300
643.036	301.111
645.483	292
647.929	282.222
650.375	282.889
652.82	272.889
655.264	273.111
657.707	270.667
660.149	273.111
662.59	268.444
665.031	271.333
667.471	270
669.91	273.556
672.349	266.222
674.786	262.889
677.222	269.111
679.658	269.778
682.093	272.667
684.528	280.667
686.96	274.222
689.393	269.556
691.826	273.111
694.256	283.556
696.686	274.444
699.116	280.222
701.545	268.889
703.972	274.889
706.4	278.889
708.826	273.556
711.251	277.333
713.676	281.111
716.099	274.667
718.523	276.667
720.946	274.444
723.366	275.778
725.788	278.444
728.207	277.333
730.627	282.889
733.044	289.333
735.462	287.333
737.88	287.111
740.295	296
742.711	313.111
745.125	313.778
747.539	310.444
749.951	303.333
752.363	307.111
754.775	291.778
757.185	291.556
759.595	284
762.003	283.111
764.412	276.889
766.819	282.222
769.225	288.889
771.632	283.556
774.036	285.778
776.441	292.667
778.844	286.889
781.246	289.111
783.649	296.222
786.05	289.556
788.449	294.444
790.85	308.667
793.248	296
795.646	308.889
798.042	302.444
800.44	317.111
802.835	317.111
805.23	328
807.623	332.889
810.018	346
812.41	353.556
814.801	359.333
817.192	378.222
819.582	364.889
821.972	366.889
824.361	363.778
826.748	359.778
829.135	359.111
831.521	361.556
833.907	366
836.291	372
838.675	371.556
841.059	382.222
843.442	391.556
845.823	407.111
848.204	429.333
850.584	439.111
852.963	446.667
855.342	448.222
857.72	449.111
860.097	455.778
862.473	448
864.848	438.444
867.223	421.556
869.597	387.111
871.97	362
874.343	344.889
876.714	328.444
879.084	327.778
881.454	314.444
883.824	315.333
886.192	301.111
888.56	300.222
890.927	300.222
893.294	292.667
895.66	297.333
898.023	301.778
900.387	294
902.751	298
905.114	298.444
907.476	294.444
909.835	293.111
912.196	290.889
914.555	297.556
916.914	296.667
919.271	299.333
921.629	304
923.985	298.889
926.341	305.556
928.695	313.778
931.05	311.111
933.404	312
935.755	310.222
938.107	316.889
940.459	314.667
942.808	313.111
945.158	307.111
947.508	311.556
949.855	311.778
952.202	308.444
954.548	308.222
956.894	308.889
959.239	313.111
961.583	310.667
963.928	307.333
966.27	303.778
968.612	306.222
970.953	300.444
973.294	302.222
975.633	308.667
977.972	311.111
980.31	312
982.647	308.444
984.984	316.222
987.32	318.667
989.656	311.778
991.989	313.111
994.324	299.333
996.656	306.222
998.988	302.222
1001.32	302
1003.65	300.889
1005.98	294.444
1008.31	312
1010.64	315.111
1012.97	321.778
1015.29	322.889
1017.62	316.222
1019.94	303.111
1022.27	297.778
1024.59	302.889
1026.92	298.222
1029.24	301.111
1031.56	302.667
1033.88	301.778
1036.2	300
1038.52	307.333
1040.84	312.889
1043.16	300.667
1045.48	308.889
1047.79	306.889
1050.11	299.333
1052.42	303.778
1054.74	314
1057.05	304.667
1059.36	300.444
1061.67	306.222
1063.99	310
1066.3	304.222
1068.61	312.222
1070.92	313.111
1073.22	315.778
1075.53	319.333
1077.84	318
1080.15	329.556
1082.45	322.222
1084.76	328.889
1087.06	328.889
1089.36	335.111
1091.66	343.111
1093.97	342.444
1096.27	348.222
1098.57	369.778
1100.87	383.778
1103.17	411.556
1105.46	428
1107.76	451.333
1110.06	482
1112.35	474
1114.65	451.556
1116.94	416.889
1119.24	394.889
1121.53	383.333
1123.82	379.556
1126.11	372.667
1128.4	383.778
1130.7	391.111
1132.98	407.333
1135.27	408.667
1137.56	408
1139.85	413.778
1142.13	403.556
1144.42	405.778
1146.71	397.556
1148.99	404.444
1151.27	400
1153.56	403.333
1155.84	405.778
1158.12	390.889
1160.4	382.444
1162.68	394.222
1164.96	386.222
1167.24	384.667
1169.51	382.444
1171.79	367.333
1174.07	380.889
1176.34	374.222
1178.62	374.889
1180.89	368.889
1183.17	376.444
1185.44	378.889
1187.71	390.667
1189.98	384.667
1192.25	391.111
1194.52	396.222
1196.79	406.889
1199.06	399.556
1201.33	417.333
1203.59	407.778
1205.86	433.556
1208.12	439.333
1210.39	442.889
1212.65	440.222
1214.92	455.778
1217.18	463.556
1219.44	472.889
1221.7	474.889
1223.96	483.111
1226.22	489.556
1228.48	491.333
1230.74	492
1233	515.333
1235.25	514
1237.51	511.778
1239.77	521.111
1242.02	505.556
1244.27	530.889
1246.53	528.889
1248.78	548.222
1251.03	560.667
1253.28	566.444
1255.53	573.778
1257.78	590.667
1260.03	598.667
1262.28	607.111
1264.53	628.444
1266.78	620.889
1269.02	637.333
1271.27	652.667
1273.51	658.889
1275.76	671.778
1278	681.333
1280.24	710.889
1282.48	743.111
1284.72	761.333
1286.97	784.222
1289.21	798.667
1291.44	814.222
1293.68	809.333
1295.92	817.111
1298.16	809.556
1300.39	813.111
1302.63	797.333
1304.86	805.778
1307.1	778.444
1309.33	754.889
1311.56	752
1313.8	745.778
1316.03	741.333
1318.26	737.556
1320.49	753.556
1322.72	753.556
1324.95	756
1327.17	754.667
1329.4	739.333
1331.63	731.111
1333.85	712
1336.08	711.778
1338.3	679.333
1340.53	646.889
1342.75	619.111
1344.97	590.889
1347.19	549.333
1349.41	535.111
1351.63	484.444
1353.85	467.778
1356.07	439.778
1358.29	422.889
1360.51	415.556
1362.72	410
1364.94	398
1367.16	409.111
1369.37	402.444
1371.58	402
1373.8	412.667
1376.01	417.778
1378.22	418.889
1380.43	423.778
1382.64	409.556
1384.85	424.444
1387.06	416.889
1389.27	419.333
1391.48	418.222
1393.68	416.444
1395.89	423.556
1398.1	407.333
1400.3	411.556
1402.51	411.778
1404.71	402.444
1406.91	410.889
1409.11	404
1411.32	414
1413.52	415.556
1415.72	418.444
1417.92	413.778
1420.11	410.444
1422.31	402.667
1424.51	404.222
1426.71	398
1428.9	394.444
1431.1	391.556
1433.29	385.111
1435.49	379.778
1437.68	387.333
1439.87	396.667
1442.06	383.556
1444.25	383.333
1446.45	388.889
1448.64	377.778
1450.82	381.778
1453.01	385.333
1455.2	379.333
1457.39	377.333
1459.57	377.778
1461.76	377.778
1463.94	379.778
1466.13	380.889
1468.31	380.667
1470.5	380
1472.68	378.444
1474.86	387.556
1477.04	377.111
1479.22	380.444
1481.4	390.889
1483.58	388.444
1485.76	377.333
1487.94	374.889
1490.11	386.889
1492.29	383.111
1494.46	394
1496.64	382.667
1498.81	393.333
1500.99	388.667
1503.16	378.444
1505.33	391.111
1507.5	404.889
1509.67	396
1511.84	389.778
1514.01	376
1516.18	383.333
1518.35	387.333
1520.52	372.889
1522.68	370.889
1524.85	376.667
1527.02	376
1529.18	382.667
1531.35	381.556
1533.51	378.444
1535.67	388
1537.83	387.333
1539.99	383.333
1542.16	389.333
1544.31	392.667
1546.47	380.889
1548.63	392.444
1550.79	384.222
1552.95	387.778
1555.11	394.222
1557.26	397.111
1559.42	394.889
1561.57	394.444
1563.73	382.444
1565.88	402
1568.03	393.778
1570.18	393.556
1572.34	398
1574.49	406.444
1576.64	412.667
1578.79	404.667
1580.93	415.556
1583.08	426.889
1585.23	434.222
1587.38	434.222
1589.52	455.556
1591.67	454
1593.81	454.444
1595.96	437.556
1598.1	431.111
1600.24	432.222
1602.38	410.667
1604.53	409.556
1606.67	402
1608.81	406.222
1610.95	403.556
1613.09	398.222
1615.22	391.556
1617.36	397.111
1619.5	395.333
1621.63	390.667
1623.77	380.222
1625.9	382.444
1628.04	366.444
1630.17	369.556
1632.3	362.222
1634.44	348.667
1636.57	348.222
1638.7	350.889
1640.83	342.889
1642.96	336.889
1645.09	345.111
1647.22	332.667
1649.34	341.111
1651.47	328.444
1653.6	334.222
1655.72	336.444
1657.85	325.778
1659.97	322.222
1662.1	322
1664.22	326.889
1666.34	321.111
1668.46	329.111
1670.58	322.889
1672.7	325.111
1674.82	312.889
1676.94	310.444
1679.06	312.444
1681.18	306.444
1683.3	301.778
1685.41	310
1687.53	310.889
1689.64	304.222
1691.76	304.444
1693.87	301.778
1695.99	309.778
1698.1	300.444
1700.21	297.333
1702.32	301.111
1704.43	299.556
1706.54	306.444
1708.65	302.444
1710.76	301.778
1712.87	302.889
1714.98	302.889
1717.08	297.111
1719.19	304.444
1721.29	293.556
1723.4	293.333
1725.5	305.111
1727.61	301.556
1729.71	302.444
1731.81	299.111
1733.91	291.333
1736.02	292.889
1738.12	293.778
1740.22	303.778
1742.31	293.111
1744.41	292.667
1746.51	291.556
1748.61	295.111
1750.7	285.778
1752.8	288.667
1754.9	293.111
1756.99	285.111
1759.08	287.111
1761.18	288.667
1763.27	289.556
1765.36	288
1767.45	290
1769.54	296.889
1771.63	291.778
1773.72	297.111
1775.81	287.778
1777.9	296.222
1779.99	291.111
1782.08	291.778
1784.16	290.222
1786.25	289.333
1788.33	291.778
1790.42	296.889
1792.5	289.778
1794.58	288
1796.67	287.778
1798.75	292
1800.83	296
1802.91	293.556
1804.99	283.111
1807.07	288
1809.15	289.778
1811.23	291.556
1813.3	291.778
1815.38	289.556
1817.46	281.556
1819.53	283.333
1821.61	283.556
1823.68	290
1825.75	276
1827.83	285.556
1829.9	289.333
1831.97	292.444
1834.04	286
1836.11	285.778
1838.18	278.889
1840.25	274.444
1842.32	277.556
1844.39	281.556
1846.46	280.444
1848.52	282
1850.59	285.333
1852.65	275.111
1854.72	278
1856.78	279.778
1858.85	287.333
1860.91	282.667
1862.97	284.444
1865.03	281.556
1867.09	275.333
1869.16	285.778
1871.22	278.889
1873.27	281.333
1875.33	274
1877.39	274
1879.45	275.778
1881.51	272.889
1883.56	278.222
1885.62	275.333
1887.67	278.667
1889.73	273.333
1891.78	278.889
1893.83	278.889
1895.89	280.889
1897.94	272.222
1899.99	270
1902.04	279.111
1904.09	277.778
1906.14	287.556
1908.19	281.556
1910.23	280.667
1912.28	283.778
1914.33	274
1916.37	274.889
1918.42	273.778
1920.46	274.667
1922.51	277.333
1924.55	273.333
1926.6	277.778
1928.64	275.111
1930.68	275.778
1932.72	275.333
1934.76	275.333
1936.8	270.222
1938.84	273.333
1940.88	276.222
1942.92	277.111
1944.96	267.333
1946.99	279.778
1949.03	268.222
1951.06	271.333
1953.1	271.556
1955.13	268.222
1957.17	267.111
1959.2	273.333
1961.23	271.111
1963.27	278.889
1965.3	270.889
1967.33	267.778
1969.36	266
1971.39	272
1973.42	270
1975.44	269.333
1977.47	273.778
1979.5	266.889
1981.53	270.222
1983.55	271.556
1985.58	264
1987.6	270
1989.63	276.222
1991.65	271.556
1993.67	265.556
1995.69	271.556
1997.72	266.667
1999.74	266.889
2001.76	272.222
2003.78	269.778
2005.8	269.111
2007.82	275.111
2009.83	270.222
2011.85	269.111
2013.87	266.667
2015.88	276
2017.9	265.778
2019.91	269.778
2021.93	268.222
2023.94	268.889
2025.96	269.556
2027.97	273.111
2029.98	274.222
2031.99	269.778
2034	261.333
2036.01	271.111
2038.02	275.333
2040.03	263.111
2042.04	264.222
2044.05	262.889
2046.05	266.889
2048.06	264.889
2050.07	271.778
2052.07	270.889
2054.08	278.444
2056.08	263.333
2058.08	265.778
2060.09	257.778
2062.09	263.778
2064.09	270.667
2066.09	268.444
2068.09	266.889
2070.09	273.556
2072.09	261.333
2074.09	258.889
2076.09	265.778
2078.09	265.556
2080.08	276.222
2082.08	260.444
2084.08	272.222
2086.07	263.556
2088.07	263.111
2090.06	264
2092.05	267.111
2094.05	267.778
2096.04	267.778
2098.03	266.444
2100.02	261.778
2102.01	258
2104	262.222
2105.99	258.444
2107.98	269.111
2109.97	265.111
2111.95	267.556
2113.94	266.667
2115.93	265.333
2117.91	270.444
2119.9	269.556
2121.88	266.444
2123.87	261.778
2125.85	270.667
2127.83	268.444
2129.81	266.222
2131.8	280.444
2133.78	262.667
2135.76	260.222
2137.74	270.444
2139.72	259.778
2141.69	258.444
2143.67	260.889
2145.65	258.222
2147.63	267.333
2149.6	261.111
2151.58	266.667
2153.55	256
2155.53	265.111
2157.5	248.222
2159.48	258.444
2161.45	261.556
2163.42	258.667
2165.39	257.778
2167.36	263.111
2169.33	256.667
2171.3	259.111
2173.27	261.333
2175.24	254.222
2177.21	256.889
2179.18	257.778
2181.14	257.111
2183.11	257.556
2185.07	264
2187.04	258.222
2189	257.778
2190.97	253.778
2192.93	256
2194.89	259.556
2196.86	257.111
2198.82	255.333
2200.78	255.556
2202.74	259.333
2204.7	263.111
2206.66	249.333
2208.62	252.667
2210.57	254.444
2212.53	248.444
2214.49	250
2216.45	258
2218.4	245.556
2220.36	255.556
2222.31	254
2224.27	250.889
2226.22	248.667
2228.17	248.667
2230.12	250.222
2232.08	248.222
2234.03	251.778
2235.98	252.222
2237.93	254.667
2239.88	253.778
2241.83	252.222
2243.78	258.222
2245.72	254.889
2247.67	250.222
2249.62	256
2251.56	252.222
2253.51	249.333
2255.45	250
2257.4	254.222
2259.34	250.889
2261.28	248.889
2263.23	248.889
2265.17	248
2267.11	242.444
2269.05	250.889
2270.99	241.778
2272.93	247.556
2274.87	248.222
2276.81	240.889
2278.75	245.333
2280.68	244.667
2282.62	249.778
2284.56	246
2286.49	250.889
2288.43	252.222
2290.36	248
2292.3	241.111
2294.23	246.889
2296.16	245.333
2298.09	244.444
2300.03	235.333
2301.96	246.667
2303.89	246.889
2305.82	242.889
2307.75	248.889
2309.68	242
2311.6	241.556
2313.53	247.778
2315.46	240.444
2317.39	244.222
2319.31	240.889
2321.24	245.556
2323.16	240.444
2325.09	242
2327.01	243.556
2328.93	234.667
2330.86	245.111
2332.78	240.222
2334.7	246.444
2336.62	236.667
2338.54	242.889
2340.46	242.667
2342.38	241.111
2344.3	242.667
2346.22	244.444
2348.14	238.667
2350.05	236.444
2351.97	240.667
2353.89	239.556
2355.8	236.667
2357.71	238.222
2359.63	236.222
2361.54	245.778
2363.46	242.889
2365.37	240.889
2367.28	243.556
2369.19	240.889
2371.1	235.556
2373.01	236.222
2374.92	242.667
2376.83	227.333
2378.74	240.444
2380.65	236.667
2382.56	244
2384.46	239.778
2386.37	238.667
2388.27	239.778
2390.18	246.222
2392.08	237.333
2393.99	235.778
2395.89	237.333
2397.8	242.222
2399.7	230.667
2401.6	243.111
2403.5	229.333
2405.4	234
2407.3	237.333
2409.2	234.444
2411.1	238.222
2413	233.111
2414.9	233.778
2416.8	236.889
2418.69	237.333
2420.59	238.222
2422.48	238.222
2424.38	240.444
2426.28	238.222
2428.17	239.111
2430.06	228.667
2431.96	238.889
2433.85	234.667
2435.74	236.444
2437.63	236.222
2439.52	241.333
2441.41	235.778
2443.3	246
2445.19	233.556
2447.08	242.444
