178.677	216.222
181.278	206.667
183.879	212.889
186.48	209.556
189.078	212.889
191.677	211.556
194.275	202.222
196.871	202.667
199.467	199.333
202.061	211.111
204.656	202.444
207.248	206.667
209.841	200
212.431	209.333
215.022	210.667
217.613	209.778
220.201	214.444
222.789	214.222
225.375	216.889
227.962	225.556
230.547	220
233.13	225.778
235.714	225.556
238.296	232
240.879	232
243.459	228
246.04	232
248.618	231.111
251.196	235.778
253.774	230.444
256.35	230.667
258.927	229.778
261.501	228.222
264.074	228.444
266.648	222
269.22	216.222
271.791	214.444
274.362	206.667
276.931	208
279.5	200.444
282.069	197.111
284.635	197.778
287.201	188.444
289.766	191.111
292.331	185.333
294.894	185.333
297.457	183.333
300.018	183.556
302.58	180.889
305.14	176.444
307.699	183.333
310.257	178.667
312.814	176.889
315.372	181.778
317.928	186
320.482	184.222
323.036	185.556
325.589	178
328.142	179.333
330.693	176
333.243	179.111
335.795	180.444
338.343	184.444
340.891	178.667
343.439	185.111
345.985	179.778
348.53	189.111
351.075	182.444
353.619	179.333
356.162	184.444
358.704	189.778
361.245	188.222
363.786	194.222
366.325	189.111
368.864	188.667
371.402	195.111
373.939	189.333
376.475	188
379.011	194.444
381.545	186.444
384.079	188
386.612	187.556
389.144	190.889
391.674	193.556
394.204	188.667
396.734	186.222
399.263	188
401.791	183.778
404.318	194
406.844	190.889
409.368	190.667
411.893	193.333
414.417	190.222
416.94	197.111
419.462	192.889
421.982	189.556
424.502	193.556
427.022	195.556
429.541	192.222
432.057	182.444
434.574	196
437.091	194.889
439.606	193.333
442.12	195.333
444.634	197.556
447.147	188.667
449.657	192.889
452.169	188.667
454.68	186.889
457.188	195.778
459.697	196.667
462.205	196.222
464.711	188.222
467.217	200.889
469.722	193.333
472.227	192.889
474.731	200
477.232	199.556
479.735	200.222
482.235	200
484.736	203.778
487.234	206.889
489.734	204
492.23	204.222
494.728	199.333
497.223	204.667
499.719	206.667
502.213	204.667
504.707	199.778
507.199	204.667
509.692	203.333
512.182	208.667
514.673	206.889
517.162	207.333
519.65	219.556
522.139	213.111
524.625	210.444
527.112	213.778
529.597	213.556
532.081	211.111
534.565	211.333
537.047	210.889
539.529	216.222
542.011	210.889
544.491	219.556
546.97	218.667
549.45	224.444
551.927	229.556
554.404	224.889
556.88	223.778
559.356	225.333
561.831	222.889
564.304	228.667
566.777	234.667
569.25	225.556
571.721	231.333
574.191	236.222
576.661	242.444
579.129	245.556
581.599	244
584.066	244
586.532	240.222
588.997	229.111
591.462	233.333
593.926	223.556
596.389	228.889
598.851	227.556
601.314	222.667
603.775	223.333
606.235	220.444
608.694	218.667
611.152	216.444
613.609	221.778
616.066	219.333
618.522	214.667
620.977	226.222
623.431	229.778
625.885	219.778
628.338	220
630.79	224.444
633.241	220.222
635.691	218.889
638.141	226.889
640.589	225.111
643.036	217.556
645.483	223.333
647.929	228
650.375	226.889
652.82	222.667
655.264	223.778
657.707	221.111
660.149	219.111
662.59	223.778
665.031	226.889
667.471	227.333
669.91	222.889
672.349	221.556
674.786	216.222
677.222	219.111
679.658	222
682.093	222
684.528	216.444
686.96	219.556
689.393	225.778
691.826	218
694.256	218.889
696.686	228.889
699.116	214.667
701.545	214.222
703.972	220.444
706.4	219.556
708.826	215.778
711.251	225.778
713.676	216.222
716.099	215.556
718.523	224
720.946	217.556
723.366	225.111
725.788	223.333
728.207	225.111
730.627	222.444
733.044	220.667
735.462	225.778
737.88	217.333
740.295	222.667
742.711	222.222
745.125	231.111
747.539	217.333
749.951	217.778
752.363	227.111
754.775	232.444
757.185	227.778
759.595	221.778
762.003	226.889
764.412	225.556
766.819	222.222
769.225	231.778
771.632	229.333
774.036	231.111
776.441	222.444
778.844	226.667
781.246	235.778
783.649	228.667
786.05	230.667
788.449	232
790.85	231.778
793.248	233.333
795.646	234
798.042	225.333
800.44	238
802.835	236
805.23	239.333
807.623	241.778
810.018	238.222
812.41	232.444
814.801	235.111
817.192	240
819.582	232
821.972	239.333
824.361	233.778
826.748	232.444
829.135	232.444
831.521	235.111
833.907	243.556
836.291	239.778
838.675	231.556
841.059	239.556
843.442	241.333
845.823	246.444
848.204	242.222
850.584	252.667
852.963	257.333
855.342	259.556
857.72	274.667
860.097	271.556
862.473	260.889
864.848	254.222
867.223	251.556
869.597	237.556
871.97	242.222
874.343	249.111
876.714	233.778
879.084	239.778
881.454	243.778
883.824	245.333
886.192	233.556
888.56	242
890.927	236.222
893.294	234.667
895.66	238.444
898.023	241.778
900.387	237.778
902.751	236.889
905.114	231.556
907.476	229.556
909.835	237.778
912.196	229.556
914.555	236.222
916.914	239.111
919.271	233.778
921.629	233.333
923.985	234.444
926.341	234.222
928.695	244
931.05	235.333
933.404	243.111
935.755	235.111
938.107	242.444
940.459	243.111
942.808	243.556
945.158	240
947.508	235.778
949.855	238
952.202	243.333
954.548	237.333
956.894	243.556
959.239	237.778
961.583	240.667
963.928	246.889
966.27	246.444
968.612	242
970.953	235.111
973.294	242
975.633	244.444
977.972	243.778
980.31	235.556
982.647	236.667
984.984	249.556
987.32	249.111
989.656	248
991.989	241.778
994.324	250.667
996.656	255.556
998.988	259.778
1001.32	266
1003.65	281.556
1005.98	283.111
1008.31	322.667
1010.64	370.444
1012.97	416.667
1015.29	412.444
1017.62	372.889
1019.94	354.889
1022.27	351.778
1024.59	322.667
1026.92	298.667
1029.24	286.444
1031.56	281.111
1033.88	295.778
1036.2	300.222
1038.52	323.111
1040.84	318
1043.16	287.778
1045.48	273.778
1047.79	268.444
1050.11	273.778
1052.42	274
1054.74	266.222
1057.05	254.222
1059.36	254.667
1061.67	253.778
1063.99	248
1066.3	250.667
1068.61	250.667
1070.92	265.111
1073.22	251.556
1075.53	252.444
1077.84	251.333
1080.15	251.556
1082.45	256
1084.76	247.778
1087.06	253.333
1089.36	255.556
1091.66	250.222
1093.97	250.444
1096.27	252.444
1098.57	252.667
1100.87	254.889
1103.17	253.556
1105.46	258.667
1107.76	261.111
1110.06	259.778
1112.35	247.778
1114.65	252.667
1116.94	245.333
1119.24	243.778
1121.53	250.444
1123.82	251.556
1126.11	255.111
1128.4	251.333
1130.7	252.222
1132.98	252.444
1135.27	254.889
1137.56	246.444
1139.85	253.111
1142.13	255.111
1144.42	253.333
1146.71	250.444
1148.99	253.556
1151.27	265.333
1153.56	263.333
1155.84	270.222
1158.12	261.556
1160.4	260.889
1162.68	254.444
1164.96	257.778
1167.24	256.444
1169.51	255.333
1171.79	256
1174.07	256.444
1176.34	266.667
1178.62	263.111
1180.89	262.889
1183.17	255.556
1185.44	263.333
1187.71	258.444
1189.98	258
1192.25	258.667
1194.52	258
1196.79	258
1199.06	261.556
1201.33	262
1203.59	260.889
1205.86	257.556
1208.12	262.222
1210.39	267.778
1212.65	264.889
1214.92	271.556
1217.18	267.111
1219.44	270
1221.7	269.111
1223.96	265.111
1226.22	275.333
1228.48	271.778
1230.74	273.111
1233	275.333
1235.25	278.889
1237.51	283.556
1239.77	280
1242.02	276.667
1244.27	272.889
1246.53	270.889
1248.78	282.222
1251.03	268.889
1253.28	277.111
1255.53	274
1257.78	268.222
1260.03	276.444
1262.28	274.889
1264.53	279.333
1266.78	276
1269.02	280.667
1271.27	282
1273.51	285.556
1275.76	289.778
1278	277.556
1280.24	282
1282.48	286
1284.72	272.444
1286.97	272.889
1289.21	273.778
1291.44	268.444
1293.68	267.111
1295.92	274.444
1298.16	273.333
1300.39	277.111
1302.63	274.222
1304.86	276.222
1307.1	278.889
1309.33	268
1311.56	269.111
1313.8	270.444
1316.03	274.222
1318.26	275.333
1320.49	271.333
1322.72	264.667
1324.95	271.111
1327.17	269.556
1329.4	274.222
1331.63	281.556
1333.85	273.333
1336.08	275.333
1338.3	271.333
1340.53	281.778
1342.75	285.556
1344.97	271.556
1347.19	284.667
1349.41	281.333
1351.63	278.222
1353.85	277.333
1356.07	279.778
1358.29	270.667
1360.51	282.889
1362.72	271.556
1364.94	279.556
1367.16	274.667
1369.37	273.778
1371.58	285.333
1373.8	278.222
1376.01	279.556
1378.22	270.222
1380.43	270
1382.64	271.333
1384.85	276.222
1387.06	274.444
1389.27	266.889
1391.48	267.111
1393.68	264
1395.89	266.889
1398.1	274.444
1400.3	264.889
1402.51	267.556
1404.71	263.556
1406.91	270
1409.11	268
1411.32	274.889
1413.52	268.444
1415.72	268
1417.92	266.667
1420.11	270.222
1422.31	270.222
1424.51	263.111
1426.71	278.667
1428.9	276
1431.1	267.556
1433.29	276.667
1435.49	275.778
1437.68	268.444
1439.87	280.889
1442.06	278.889
1444.25	276.444
1446.45	275.333
1448.64	274.667
1450.82	272.889
1453.01	281.778
1455.2	271.778
1457.39	273.778
1459.57	274.222
1461.76	280.222
1463.94	273.111
1466.13	271.333
1468.31	271.778
1470.5	267.556
1472.68	273.333
1474.86	269.778
1477.04	270.222
1479.22	274.222
1481.4	275.556
1483.58	273.111
1485.76	263.333
1487.94	271.778
1490.11	266.667
1492.29	273.333
1494.46	266
1496.64	275.111
1498.81	266.889
1500.99	270.889
1503.16	266.222
1505.33	272.889
1507.5	274.222
1509.67	276.444
1511.84	271.111
1514.01	274.222
1516.18	275.333
1518.35	267.333
1520.52	272.667
1522.68	262.444
1524.85	271.556
1527.02	274.222
1529.18	273.333
1531.35	280.444
1533.51	278.889
1535.67	280
1537.83	271.556
1539.99	278.222
1542.16	276.444
1544.31	276.889
1546.47	277.333
1548.63	280.667
1550.79	272.667
1552.95	268.889
1555.11	274.222
1557.26	274.222
1559.42	276.667
1561.57	274.222
1563.73	283.111
1565.88	275.333
1568.03	279.333
1570.18	281.556
1572.34	291.556
1574.49	289.333
1576.64	287.333
1578.79	286
1580.93	279.333
1583.08	285.778
1585.23	282.889
1587.38	289.333
1589.52	296.889
1591.67	297.333
1593.81	298
1595.96	301.111
1598.1	313.556
1600.24	309.333
1602.38	308.444
1604.53	306.667
1606.67	311.111
1608.81	298.444
1610.95	296.222
1613.09	293.111
1615.22	285.111
1617.36	291.333
1619.5	279.333
1621.63	278.667
1623.77	284.667
1625.9	279.778
1628.04	273.333
1630.17	280.222
1632.3	276.222
1634.44	272.444
1636.57	272.889
1638.7	274.667
1640.83	262
1642.96	265.333
1645.09	266
1647.22	262.222
1649.34	257.556
1651.47	261.778
1653.6	262.889
1655.72	266
1657.85	254.889
1659.97	259.333
1662.1	255.333
1664.22	257.333
1666.34	258.444
1668.46	249.333
1670.58	252.889
1672.7	256.889
1674.82	248.667
1676.94	257.111
1679.06	252.444
1681.18	247.556
1683.3	257.778
1685.41	249.333
1687.53	249.111
1689.64	250.444
1691.76	258.222
1693.87	251.333
1695.99	255.556
1698.1	258.667
1700.21	253.556
1702.32	246.444
1704.43	248.667
1706.54	250
1708.65	244.889
1710.76	246.444
1712.87	247.111
1714.98	253.333
1717.08	246.889
1719.19	245.556
1721.29	247.556
1723.4	247.333
1725.5	242
1727.61	240.667
1729.71	236.889
1731.81	238.444
1733.91	246.667
1736.02	244.444
1738.12	242
1740.22	241.111
1742.31	237.778
1744.41	241.111
1746.51	239.778
1748.61	236.667
1750.7	238.889
1752.8	235.111
1754.9	240
1756.99	240.889
1759.08	241.111
1761.18	232.222
1763.27	240
1765.36	237.556
1767.45	237.333
1769.54	237.333
1771.63	243.778
1773.72	240
1775.81	235.111
1777.9	242.889
1779.99	233.556
1782.08	238.889
1784.16	238.444
1786.25	238
1788.33	238.222
1790.42	242
1792.5	230.889
1794.58	235.111
1796.67	226.444
1798.75	231.111
1800.83	232.444
1802.91	236.444
1804.99	239.111
1807.07	233.111
1809.15	229.333
1811.23	230.667
1813.3	237.556
1815.38	235.556
1817.46	237.333
1819.53	235.111
1821.61	235.111
1823.68	233.111
1825.75	231.556
1827.83	233.111
1829.9	238.889
1831.97	232.889
1834.04	234.889
1836.11	233.556
1838.18	232
1840.25	228
1842.32	228
1844.39	232
1846.46	222.444
1848.52	230.444
1850.59	231.333
1852.65	229.111
1854.72	230.444
1856.78	229.778
1858.85	230.889
1860.91	231.556
1862.97	225.778
1865.03	229.778
1867.09	226.667
1869.16	227.556
1871.22	232
1873.27	224.222
1875.33	221.111
1877.39	227.111
1879.45	229.778
1881.51	222.667
1883.56	226.222
1885.62	234.444
1887.67	229.111
1889.73	226.444
1891.78	232.667
1893.83	228.222
1895.89	230.222
1897.94	225.778
1899.99	234.222
1902.04	229.556
1904.09	226.667
1906.14	225.556
1908.19	228.889
1910.23	226.222
1912.28	237.556
1914.33	227.111
1916.37	227.111
1918.42	227.778
1920.46	218.667
1922.51	231.333
1924.55	231.778
1926.6	219.111
1928.64	220.444
1930.68	217.556
1932.72	228.222
1934.76	226.667
1936.8	228.667
1938.84	221.333
1940.88	227.778
1942.92	227.778
1944.96	226.667
1946.99	230
1949.03	222
1951.06	216.667
1953.1	232.889
1955.13	222.222
1957.17	220.667
1959.2	224.889
1961.23	223.111
1963.27	221.111
1965.3	224.222
1967.33	222
1969.36	221.556
1971.39	215.111
1973.42	220.889
1975.44	221.111
1977.47	222.667
1979.5	222.667
1981.53	218
1983.55	226
1985.58	213.556
1987.6	226
1989.63	224.222
1991.65	219.556
1993.67	220.222
1995.69	220
1997.72	222
1999.74	220.889
2001.76	220.444
2003.78	217.778
2005.8	219.333
2007.82	222
2009.83	224.889
2011.85	218.222
2013.87	226.222
2015.88	220.444
2017.9	219.111
2019.91	221.333
2021.93	219.333
2023.94	227.778
2025.96	223.333
2027.97	221.111
2029.98	220.889
2031.99	218
2034	218.667
2036.01	219.111
2038.02	223.111
2040.03	222.667
2042.04	222.444
2044.05	219.333
2046.05	222.889
2048.06	222.667
2050.07	227.778
2052.07	221.333
2054.08	219.333
2056.08	215.556
2058.08	219.556
2060.09	222.667
2062.09	214.889
2064.09	217.556
2066.09	222.222
2068.09	217.778
2070.09	216.667
2072.09	214.889
2074.09	220
2076.09	219.333
2078.09	213.111
2080.08	218.667
2082.08	220.444
2084.08	214.222
2086.07	222
2088.07	218.222
2090.06	215.111
2092.05	216.444
2094.05	222.889
2096.04	216.667
2098.03	217.556
2100.02	214.667
2102.01	221.111
2104	221.111
2105.99	214.889
2107.98	220.222
2109.97	217.333
2111.95	215.111
2113.94	221.778
2115.93	221.556
2117.91	213.333
2119.9	211.778
2121.88	224.667
2123.87	215.556
2125.85	214.667
2127.83	224.444
2129.81	218.889
2131.8	219.556
2133.78	223.111
2135.76	212.667
2137.74	212.667
2139.72	217.556
2141.69	222.889
2143.67	222
2145.65	214.222
2147.63	222
2149.6	215.333
2151.58	218.444
2153.55	215.778
2155.53	214
2157.5	221.778
2159.48	217.778
2161.45	220.889
2163.42	214.889
2165.39	221.556
2167.36	223.111
2169.33	215.556
2171.3	222.667
2173.27	220
2175.24	226.222
2177.21	220.667
2179.18	220.444
2181.14	218.667
2183.11	222.222
2185.07	222.444
2187.04	225.778
2189	224.222
2190.97	221.333
2192.93	211.778
2194.89	218.222
2196.86	214.444
2198.82	217.333
2200.78	213.111
2202.74	210.444
2204.7	212.889
2206.66	210.444
2208.62	217.111
2210.57	222.222
2212.53	210.444
2214.49	205.556
2216.45	210.444
2218.4	206
2220.36	216
2222.31	208.444
2224.27	208.667
2226.22	212.889
2228.17	210.667
2230.12	205.556
2232.08	206.667
2234.03	208.444
2235.98	209.556
2237.93	206.444
2239.88	208.889
2241.83	208.444
2243.78	207.556
2245.72	204.667
2247.67	207.333
2249.62	208
2251.56	203.111
2253.51	205.111
2255.45	198.444
2257.4	206.444
2259.34	204.444
2261.28	207.333
2263.23	208.444
2265.17	199.556
2267.11	207.333
2269.05	202.667
2270.99	207.111
2272.93	204.444
2274.87	201.333
2276.81	205.556
2278.75	200.444
2280.68	202
2282.62	201.556
2284.56	200
2286.49	207.111
2288.43	197.111
2290.36	203.333
2292.3	199.111
2294.23	207.111
2296.16	202
2298.09	201.556
2300.03	206.667
2301.96	197.778
2303.89	203.333
2305.82	198.667
2307.75	198.222
2309.68	200
2311.6	198.444
2313.53	210
2315.46	202
2317.39	204
2319.31	201.778
2321.24	197.333
2323.16	198
2325.09	203.111
2327.01	202.444
2328.93	203.333
2330.86	200.222
2332.78	196.889
2334.7	195.556
2336.62	198.889
2338.54	195.333
2340.46	202
2342.38	197.111
2344.3	198.444
2346.22	193.556
2348.14	198
2350.05	199.556
2351.97	197.333
2353.89	202.667
2355.8	198.889
2357.71	197.778
2359.63	197.333
2361.54	198.444
2363.46	199.556
2365.37	196.444
2367.28	196
2369.19	197.778
2371.1	194.444
2373.01	199.778
2374.92	192
2376.83	192.667
2378.74	194
2380.65	191.333
2382.56	194.667
2384.46	197.111
2386.37	194.222
2388.27	196.444
2390.18	194.444
2392.08	195.778
2393.99	198.222
2395.89	193.556
2397.8	203.333
2399.7	190.222
2401.6	194.889
2403.5	191.111
2405.4	188.667
2407.3	195.111
2409.2	192
2411.1	194.889
2413	196.667
2414.9	198
2416.8	192.222
2418.69	191.778
2420.59	195.556
2422.48	193.111
2424.38	200.222
2426.28	200.444
2428.17	197.778
2430.06	190
2431.96	190.889
2433.85	191.778
2435.74	193.111
2437.63	189.778
2439.52	191.111
2441.41	190
2443.3	191.111
2445.19	190.667
2447.08	201.333
