186.85	494.889
189.449	495.778
192.047	497.111
194.645	501.556
197.241	501.333
199.837	514.889
202.431	500.444
205.025	504.444
207.619	506.889
210.21	507.111
212.802	505.556
215.392	498
217.982	506.444
220.57	503.556
223.158	508.222
225.744	505.333
228.331	500.444
230.915	509.111
233.5	514.667
236.083	509.556
238.666	520.889
241.247	514.444
243.827	513.556
246.408	502.667
248.986	512.667
251.565	507.111
254.142	513.556
256.719	512.667
259.294	512.222
261.868	512.667
264.443	507.556
267.015	496.222
269.587	514.889
272.159	514.667
274.729	502.889
277.298	501.333
279.867	496
282.435	510.222
285.001	509.333
287.568	506.444
290.133	508
292.697	508.889
295.26	503.778
297.824	497.333
300.385	500.444
302.945	510.667
305.505	512.889
308.064	510.222
310.623	501.111
313.18	512.222
315.737	511.556
318.292	508.889
320.847	503.556
323.402	508.222
325.955	502.889
328.507	509.556
331.058	519.778
333.609	520.889
336.158	516.222
338.707	517.333
341.255	526.889
343.802	521.778
346.349	532.667
348.895	533.111
351.439	522.444
353.983	513.333
356.526	527.556
359.068	512.667
361.609	525.111
364.149	534.444
366.689	522.667
369.227	527.333
371.765	531.111
374.302	540.889
376.838	541.778
379.374	563.556
381.908	570.222
384.442	555.778
386.973	534.889
389.505	534.667
392.036	529.556
394.567	521.555
397.096	518.222
399.625	519.778
402.153	517.111
404.68	512.889
407.206	524.222
409.73	530.222
412.254	531.778
414.778	525.333
417.301	517.778
419.823	528.889
422.343	533.333
424.863	534.889
427.383	544
429.901	536.667
432.418	548.667
434.935	548
437.451	557.111
439.966	559.778
442.48	559.111
444.993	541.333
447.506	539.778
450.019	542.222
452.528	541.333
455.039	542.444
457.549	540.667
460.056	550
462.564	554.444
465.07	541.778
467.576	524
470.082	530.444
472.585	530.889
475.089	530
477.591	531.556
480.093	530.889
482.595	526.667
485.094	529.778
487.594	532.667
490.091	535.333
492.59	543.111
495.086	540.222
497.582	540
500.076	540.222
502.571	535.778
505.064	535.111
507.558	541.556
510.049	541.111
512.54	528.889
515.03	547.111
517.518	545.556
520.008	542.222
522.495	541.111
524.983	534
527.468	537.778
529.954	539.778
532.438	526.667
534.921	530.667
537.404	537.556
539.886	534.889
542.366	539.778
544.848	543.111
547.327	530.667
549.805	535.778
552.284	534.667
554.76	535.333
557.236	541.333
559.711	536.889
562.186	527.333
564.66	540.667
567.132	540
569.604	539.111
572.076	534.667
574.547	539.556
577.016	543.111
579.484	542.667
581.952	541.556
584.419	535.333
586.887	538.889
589.352	544.889
591.816	533.556
594.28	550.444
596.743	531.556
599.205	530
601.667	525.778
604.127	538.444
606.588	533.111
609.047	533.778
611.505	539.556
613.963	547.333
616.419	546.889
618.875	535.556
621.33	534
623.784	543.333
626.238	537.111
628.69	548.222
631.142	544.444
633.593	543.778
636.043	543.778
638.493	538.444
640.941	546.222
643.389	550
645.835	537.111
648.281	543.778
650.727	542
653.171	544.667
655.615	551.556
658.058	551.111
660.501	561.778
662.942	548.444
665.382	542.667
667.822	551.111
670.261	532.222
672.699	531.778
675.137	528
677.574	540.222
680.008	528
682.443	540.444
684.878	537.111
687.312	532
689.743	536.667
692.175	536.444
694.607	538.444
697.037	536.444
699.466	543.111
701.895	539.556
704.323	537.778
706.749	536.889
709.175	539.333
711.601	536.222
714.025	539.556
716.449	541.556
718.871	528.444
721.294	541.333
723.716	545.556
726.136	538.889
728.556	539.556
730.975	540.889
733.394	530.444
735.812	533.111
738.228	527.556
740.644	530.667
743.058	546.444
745.473	541.111
747.886	526.222
750.3	529.778
752.711	531.333
755.123	524
757.533	534
759.942	523.333
762.351	532
764.759	532.222
767.167	532.667
769.573	537.333
771.979	528.889
774.383	526
776.787	535.111
779.191	538.889
781.593	538
783.994	532.667
786.396	536.889
788.796	544.889
791.195	527.778
793.595	540.222
795.992	538.889
798.389	541.111
800.786	539.556
803.181	535.111
805.576	545.333
807.969	537.556
810.363	538
812.755	544.444
815.147	544.222
817.537	547.111
819.927	538.667
822.318	543.111
824.706	529.778
827.093	538
829.48	524.889
831.866	518.889
834.251	517.778
836.636	528.444
839.021	520.667
841.404	524.889
843.786	521.333
846.167	523.556
848.548	534.444
850.928	519.111
853.307	532.667
855.685	525.556
858.063	525.111
860.44	521.556
862.816	538.222
865.192	513.333
867.566	517.333
869.94	515.778
872.313	514.889
874.685	532.667
877.057	529.111
879.428	529.333
881.798	531.333
884.167	525.556
886.536	527.111
888.902	518.667
891.269	539.778
893.636	531.778
896.001	520.222
898.366	523.778
900.73	531.778
903.094	527.556
905.455	523.556
907.817	520.889
910.178	532.222
912.538	522.444
914.898	522.444
917.255	520
919.613	517.778
921.971	516.444
924.327	506.667
926.682	517.333
929.037	521.778
931.391	515.778
933.744	515.778
936.096	502.889
938.449	505.778
940.799	515.778
943.149	524.222
945.499	509.333
947.847	521.778
950.195	506.222
952.542	506.889
954.889	517.333
957.235	522.667
959.579	521.778
961.924	520.889
964.266	524.222
966.609	528.667
968.951	519.556
971.292	536.667
973.632	521.333
975.972	517.556
978.31	518.222
980.649	530.222
982.986	532.222
985.323	518.222
987.659	521.333
989.994	539.111
992.328	532
994.662	532.667
996.995	548.444
999.326	557.111
1001.66	569.111
1003.99	569.778
1006.32	585.111
1008.65	606.222
1010.98	623.556
1013.3	612.889
1015.63	593.111
1017.96	566.889
1020.28	550.667
1022.61	535.111
1024.93	524.889
1027.25	525.333
1029.58	513.111
1031.9	530.444
1034.22	528.222
1036.54	532
1038.86	528.445
1041.18	520.667
1043.49	525.111
1045.81	522
1048.13	537.111
1050.44	532.444
1052.76	543.778
1055.07	536.444
1057.39	540.222
1059.7	535.111
1062.01	534
1064.32	535.556
1066.63	539.111
1068.94	540.222
1071.25	545.778
1073.56	535.556
1075.87	540.222
1078.17	538.222
1080.48	547.333
1082.79	543.111
1085.09	547.333
1087.39	555.555
1089.7	562
1092	571.333
1094.3	587.778
1096.6	598.889
1098.9	592.667
1101.2	575.778
1103.5	556.889
1105.8	563.333
1108.1	544.667
1110.39	551.111
1112.69	559.778
1114.98	569.333
1117.28	566.667
1119.57	566.667
1121.86	567.333
1124.16	565.111
1126.45	551.556
1128.74	562.444
1131.03	551.333
1133.32	543.111
1135.61	536.889
1137.89	542.889
1140.18	523.778
1142.47	523.333
1144.75	526.222
1147.04	545.556
1149.32	525.778
1151.61	540.222
1153.89	537.556
1156.17	527.111
1158.45	528.889
1160.73	524.889
1163.01	530.444
1165.29	523.556
1167.57	534.222
1169.85	521.778
1172.12	515.556
1174.4	516.667
1176.68	513.111
1178.95	506.444
1181.22	511.556
1183.5	506.222
1185.77	512.444
1188.04	510.222
1190.31	503.333
1192.58	505.333
1194.85	507.778
1197.12	508.222
1199.39	505.111
1201.66	513.111
1203.92	502.444
1206.19	506.444
1208.45	506.222
1210.72	499.778
1212.98	493.778
1215.25	499.333
1217.51	500.444
1219.77	500.889
1222.03	502.444
1224.29	499.111
1226.55	503.556
1228.81	507.333
1231.07	504.667
1233.33	507.111
1235.58	499.111
1237.84	505.778
1240.09	507.111
1242.35	491.333
1244.6	499.111
1246.86	505.333
1249.11	506.444
1251.36	509.333
1253.61	508
1255.86	512
1258.11	499.778
1260.36	502
1262.61	503.778
1264.86	509.333
1267.1	509.556
1269.35	506.444
1271.6	508.222
1273.84	508.889
1276.08	512.667
1278.33	507.778
1280.57	502.889
1282.81	506.444
1285.05	505.111
1287.29	512.222
1289.53	515.111
1291.77	505.778
1294.01	514.889
1296.25	504.444
1298.48	506.222
1300.72	520.889
1302.96	510.667
1305.19	509.556
1307.42	512.222
1309.66	509.333
1311.89	512.444
1314.12	510.889
1316.35	513.556
1318.58	511.111
1320.81	518
1323.04	502.222
1325.27	512.222
1327.5	511.556
1329.73	518.667
1331.95	515.556
1334.18	516.222
1336.4	533.111
1338.63	526.222
1340.85	522.667
1343.08	518
1345.3	515.778
1347.52	518.222
1349.74	521.333
1351.96	513.556
1354.18	523.333
1356.4	520
1358.61	522.667
1360.83	524.889
1363.05	525.556
1365.27	538.444
1367.48	546.222
1369.69	544.889
1371.91	546
1374.12	558.667
1376.33	564.445
1378.55	577.111
1380.76	582.889
1382.97	579.111
1385.18	579.333
1387.39	559.556
1389.59	553.111
1391.8	547.778
1394.01	541.778
1396.21	537.333
1398.42	514.222
1400.63	517.556
1402.83	504.222
1405.03	506.222
1407.24	496.889
1409.44	505.556
1411.64	508.222
1413.84	509.778
1416.04	505.778
1418.24	502.667
1420.44	500.889
1422.64	500.444
1424.83	520.667
1427.03	507.778
1429.23	510.667
1431.42	517.556
1433.62	503.778
1435.81	512.445
1438	514.889
1440.19	498.889
1442.39	515.333
1444.58	498.667
1446.77	504.667
1448.96	503.111
1451.15	498.444
1453.34	490.667
1455.52	504.222
1457.71	501.778
1459.9	509.111
1462.08	497.111
1464.27	493.778
1466.45	495.778
1468.64	506.889
1470.82	489.556
1473	489.778
1475.18	499.333
1477.36	502
1479.54	492.222
1481.72	492.667
1483.9	489.556
1486.08	484
1488.26	477.111
1490.43	472.889
1492.61	469.778
1494.78	468
1496.96	475.111
1499.13	473.778
1501.31	476.889
1503.48	473.333
1505.65	473.333
1507.82	467.111
1509.99	470.667
1512.16	458
1514.33	471.778
1516.5	470.444
1518.67	474.667
1520.84	460.444
1523	471.556
1525.17	476.667
1527.34	462
1529.5	473.778
1531.66	471.778
1533.83	469.778
1535.99	469.111
1538.15	466.444
1540.31	476.667
1542.47	473.778
1544.63	466
1546.79	472.889
1548.95	475.556
1551.11	484.667
1553.27	468.889
1555.42	484.222
1557.58	475.778
1559.73	479.778
1561.89	480.667
1564.04	476.667
1566.2	492.889
1568.35	493.778
1570.5	492.889
1572.65	497.556
1574.8	500.222
1576.95	490.889
1579.1	492.222
1581.25	489.556
1583.4	483.111
1585.55	482.667
1587.69	490
1589.84	482
1591.99	477.556
1594.13	482.667
1596.27	476.222
1598.42	478.667
1600.56	481.556
1602.7	472.222
1604.84	467.778
1606.98	479.556
1609.12	464.222
1611.26	477.778
1613.4	469.111
1615.54	458
1617.68	465.556
1619.81	462.667
1621.95	458.222
1624.08	452.667
1626.22	465.778
1628.35	457.333
1630.49	458.222
1632.62	450.444
1634.75	462.444
1636.88	460.667
1639.01	452.667
1641.14	459.556
1643.27	450
1645.4	440.222
1647.53	452
1649.66	458
1651.79	440.222
1653.91	447.333
1656.04	445.111
1658.16	448
1660.29	443.111
1662.41	450
1664.53	440
1666.66	451.778
1668.78	444.444
1670.9	450.222
1673.02	448.667
1675.14	444.889
1677.26	453.111
1679.38	451.111
1681.49	439.333
1683.61	447.333
1685.73	449.556
1687.84	441.556
1689.96	446.667
1692.07	456.444
1694.19	442.222
1696.3	436.667
1698.41	450.444
1700.52	436.889
1702.64	435.333
1704.75	441.556
1706.86	443.778
1708.97	440.889
1711.07	438.222
1713.18	436.667
1715.29	445.556
1717.4	441.556
1719.5	435.778
1721.61	439.556
1723.71	442
1725.82	435.111
1727.92	438.444
1730.02	441.111
1732.12	431.111
1734.23	441.556
1736.33	427.556
1738.43	425.556
1740.53	433.333
1742.63	424.222
1744.72	436
1746.82	423.778
1748.92	440.667
1751.02	422.444
1753.11	424.667
1755.21	429.556
1757.3	419.778
1759.4	421.111
1761.49	423.333
1763.58	422
1765.67	419.333
1767.76	428
1769.86	421.111
1771.95	420
1774.03	415.333
1776.12	430
1778.21	419.111
1780.3	415.556
1782.39	421.111
1784.47	417.556
1786.56	410.889
1788.64	422.444
1790.73	414.889
1792.81	417.111
1794.89	415.556
1796.98	414
1799.06	423.556
1801.14	405.556
1803.22	420.444
1805.3	419.333
1807.38	419.778
1809.46	419.333
1811.54	419.111
1813.61	415.778
1815.69	410
1817.77	409.778
1819.84	412.222
1821.92	408.667
1823.99	410
1826.06	415.111
1828.14	410.222
1830.21	406.444
1832.28	418.222
1834.35	412.889
1836.42	410.222
1838.49	407.556
1840.56	410.889
1842.63	411.111
1844.7	408.667
1846.77	404.667
1848.83	411.778
1850.9	403.333
1852.96	406.222
1855.03	404.889
1857.09	395.333
1859.15	396.889
1861.22	400.444
1863.28	399.333
1865.34	404
1867.4	399.778
1869.46	395.556
1871.52	400.444
1873.58	403.778
1875.64	401.333
1877.7	394.667
1879.76	403.778
1881.81	394.667
1883.87	392.444
1885.92	396
1887.98	395.111
1890.03	392.667
1892.09	398
1894.14	393.778
1896.19	395.556
1898.24	404.222
1900.29	396.444
1902.34	393.333
1904.4	388.444
1906.44	395.111
1908.49	401.778
1910.54	393.556
1912.59	384.444
1914.63	390.667
1916.68	398.444
1918.73	398.444
1920.77	389.111
1922.81	388.444
1924.86	393.556
1926.9	384.889
1928.94	393.333
1930.99	403.333
1933.03	394.667
1935.07	392
1937.11	380.667
1939.15	388.222
1941.19	383.556
1943.22	387.111
1945.26	388.222
1947.3	386.889
1949.33	383.111
1951.37	385.778
1953.4	392.222
1955.44	375.556
1957.47	379.556
1959.51	382
1961.54	372.667
1963.57	375.556
1965.6	379.111
1967.63	380.667
1969.66	388
1971.69	371.556
1973.72	374.444
1975.75	383.111
1977.78	384.222
1979.8	368.889
1981.83	373.778
1983.86	374.889
1985.88	366.667
1987.91	368.667
1989.93	376.444
1991.95	366.222
1993.98	378.889
1996	372.444
1998.02	367.778
2000.04	368
2002.06	373.556
2004.08	365.556
2006.1	368.889
2008.12	371.778
2010.14	366.222
2012.15	369.556
2014.17	366
2016.19	368
2018.2	365.333
2020.22	370.889
2022.23	360
2024.25	370.667
2026.26	372.889
2028.27	374.667
2030.28	364.444
2032.29	364.444
2034.3	362.667
2036.32	381.556
2038.32	361.556
2040.33	364.889
2042.34	375.778
2044.35	374.444
2046.36	363.111
2048.36	363.778
2050.37	368.889
2052.37	367.778
2054.38	362.889
2056.38	364.222
2058.39	356
2060.39	358.889
2062.39	368.667
2064.39	361.333
2066.39	363.778
2068.39	357.778
2070.39	359.778
2072.39	358
2074.39	362
2076.39	365.778
2078.39	351.556
2080.39	364.889
2082.38	341.333
2084.38	359.333
2086.37	359.111
2088.37	351.111
2090.36	349.111
2092.35	353.111
2094.35	351.556
2096.34	351.333
2098.33	351.111
2100.32	349.111
2102.31	346.889
2104.3	352.444
2106.29	356
2108.28	348.444
2110.27	352.889
2112.25	352.667
2114.24	349.333
2116.23	357.778
2118.21	346.667
2120.2	342.222
2122.18	346
2124.17	348.889
2126.15	345.333
2128.13	355.333
2130.11	342.222
2132.09	343.333
2134.08	348.889
2136.06	346.444
2138.04	340.667
2140.02	336.889
2141.99	340
2143.97	338.222
2145.95	327.778
2147.93	349.556
2149.9	335.778
2151.88	334.444
2153.85	340.889
2155.83	338.667
2157.8	335.778
2159.77	332.222
2161.75	333.333
2163.72	334
2165.69	343.778
2167.66	338.889
2169.63	332
2171.6	336.667
2173.57	325.111
2175.54	333.333
2177.51	323.111
2179.47	324.444
2181.44	335.778
2183.41	327.778
2185.37	323.556
2187.34	329.778
2189.3	326.444
2191.27	327.556
2193.23	334.222
2195.19	326.667
2197.15	325.111
2199.11	324.667
2201.08	321.333
2203.04	324.667
2205	316.667
2206.96	322.444
2208.91	321.111
2210.87	330.444
2212.83	324.667
2214.79	326.667
2216.74	328.667
2218.7	323.333
2220.65	328.222
2222.61	335.111
2224.56	323.333
2226.52	320.667
2228.47	329.778
2230.42	324.222
2232.37	326.889
2234.32	317.778
2236.27	321.111
2238.22	318.889
2240.17	317.778
2242.12	323.333
2244.07	317.778
2246.02	319.111
2247.97	315.556
2249.91	320.667
2251.86	312.444
2253.8	322.222
2255.75	313.111
2257.69	311.556
2259.64	304
2261.58	319.333
2263.52	313.111
2265.46	307.333
2267.4	307.556
2269.35	309.111
2271.29	314
2273.23	305.556
2275.16	311.778
2277.1	304.222
2279.04	302.444
2280.98	299.111
2282.92	308.889
2284.85	303.111
2286.79	304.889
2288.72	311.111
2290.66	304
2292.59	307.556
2294.52	298.444
2296.46	298.222
2298.39	302.222
2300.32	295.333
2302.25	299.333
2304.18	298.889
2306.11	293.333
2308.04	295.333
2309.97	300.444
2311.9	295.778
2313.83	296.889
2315.75	298
2317.68	293.111
2319.61	295.333
2321.53	296.667
2323.46	289.111
2325.38	294
2327.3	295.111
2329.23	297.111
2331.15	288
2333.07	298.889
2334.99	299.111
2336.91	283.778
2338.83	294.889
2340.75	288.444
2342.67	295.111
2344.59	289.778
2346.51	286.667
2348.43	291.333
2350.35	291.333
2352.26	290
2354.18	289.556
2356.09	286.444
2358.01	285.333
2359.92	287.778
2361.83	291.333
2363.75	287.333
2365.66	286
2367.57	288
2369.48	277.333
2371.39	289.111
2373.31	287.556
2375.21	281.778
2377.12	282.222
2379.03	285.111
2380.94	277.556
2382.85	277.111
2384.76	277.778
2386.66	278.667
2388.57	278.889
2390.47	271.333
2392.38	280.667
2394.28	273.556
2396.18	276
2398.09	282.667
2399.99	274.667
2401.89	272
2403.79	282
2405.69	274.222
2407.59	285.333
2409.49	272.667
2411.39	275.333
2413.29	278.667
2415.19	275.111
2417.09	276.222
2418.98	272.667
2420.88	275.333
2422.78	276.889
2424.67	271.556
2426.57	269.333
2428.46	273.111
2430.35	266.889
2432.25	273.111
2434.14	267.556
2436.03	271.556
2437.92	269.111
2439.81	274
2441.7	264.889
2443.59	268
2445.48	273.333
2447.37	265.778
2449.26	270.889
2451.15	267.111
2453.03	265.556
