188.706	543.556
191.305	539.556
193.902	522.667
196.499	516.444
199.096	525.111
201.69	500.889
204.284	498.667
206.877	498.667
209.47	483.778
212.062	494.667
214.652	492.222
217.242	497.333
219.83	481.778
222.419	485.778
225.005	482
227.592	484.667
230.177	484.444
232.762	498
235.345	493.333
237.928	497.778
240.509	508.889
243.09	492
245.671	505.111
248.249	504.667
250.829	499.333
253.405	491.778
255.983	498.444
258.558	493.778
261.132	509.556
263.707	492.667
266.28	503.111
268.852	502.222
271.424	501.778
273.994	492.889
276.564	505.333
279.133	504
281.701	504
284.268	508.222
286.835	509.333
289.4	515.778
291.964	510.667
294.527	509.111
297.091	513.111
299.653	512.444
302.214	499.556
304.774	516.667
307.334	516.667
309.892	511.778
312.45	515.556
315.006	516.444
317.562	514.222
320.118	514
322.672	520
325.225	517.778
327.778	519.111
330.329	510.667
332.88	517.778
335.43	508.444
337.978	514.889
340.528	520
343.075	520.889
345.622	528.444
348.167	527.111
350.712	531.778
353.256	526
355.799	511.778
358.341	524
360.883	532.222
363.423	526.444
365.963	531.778
368.502	534.222
371.04	527.333
373.577	529.333
376.114	524.444
378.649	536.889
381.184	526.889
383.718	530
386.251	530.222
388.783	530.889
391.314	529.111
393.844	541.556
396.373	546.444
398.902	540.444
401.43	549.556
403.957	544.889
406.484	536.889
409.009	542.889
411.534	530.444
414.057	549.556
416.58	548.222
419.102	544
421.624	556
424.144	542
426.663	539.333
429.181	540
431.7	544.444
434.217	541.333
436.732	540.667
439.248	543.778
441.763	546.222
444.277	544.222
446.788	547.778
449.301	552.222
451.812	544.667
454.322	544.444
456.831	558
459.341	553.556
461.847	553.778
464.355	557.333
466.861	546.667
469.366	555.333
471.871	552
474.374	544.889
476.877	560.667
479.378	550.667
481.88	554.667
484.381	544.222
486.879	557.111
489.379	554.222
491.876	563.778
494.373	563.778
496.869	550.222
499.365	554
501.858	569.111
504.353	555.778
506.845	544.889
509.338	566.444
511.828	563.111
514.319	550.222
516.808	556.222
519.296	552.222
521.785	560.667
524.272	550.889
526.759	559.778
529.244	551.111
531.728	549.111
534.212	557.333
536.695	565.333
539.178	564.667
541.659	558.444
544.139	566.222
546.619	551.111
549.098	561.556
551.575	565.556
554.052	564.444
556.529	568.222
559.005	569.333
561.479	564.222
563.953	564.889
566.427	574.222
568.899	574.667
571.37	570
573.84	568
576.311	567.778
578.78	561.333
581.248	570.889
583.715	562
586.181	566
588.647	568.444
591.113	558.667
593.577	562
596.04	563.778
598.503	565.778
600.964	563.333
603.425	570.889
605.885	567.556
608.344	571.556
610.803	570.667
613.26	574
615.718	562.889
618.174	570
620.63	582.444
623.084	574.222
625.538	575.556
627.99	583.556
630.443	565.778
632.894	574.667
635.344	575.778
637.792	577.778
640.241	585.333
642.689	569.333
645.137	576.444
647.583	563.111
650.029	575.778
652.474	569.778
654.918	574.222
657.361	587.556
659.804	582.444
662.246	573.556
664.685	582.222
667.125	583.778
669.565	577.333
672.003	573.111
674.441	583.111
676.877	574.222
679.313	580.667
681.749	575.778
684.183	578.889
686.617	588.667
689.049	569.778
691.481	583.111
693.913	579.556
696.342	582.667
698.772	587.333
701.201	583.333
703.63	588.667
706.056	589.333
708.483	598
710.909	601.778
713.333	593.555
715.758	587.778
718.18	598.222
720.603	594.444
723.025	603.778
725.445	590.667
727.866	599.333
730.284	594.444
732.703	610
735.122	602.222
737.538	622.667
739.955	614.889
742.369	597.556
744.784	612
747.197	610.889
749.611	601.556
752.023	608.889
754.435	583.778
756.845	580.667
759.255	577.333
761.664	576.889
764.071	583.556
766.48	588.667
768.886	587.778
771.292	575.333
773.697	586.222
776.102	586.222
778.505	579.778
780.907	580
783.31	585.111
785.711	585.778
788.111	588.222
790.511	587.778
792.91	570.444
795.308	585.111
797.706	597.111
800.102	590.222
802.497	588.444
804.892	580.444
807.287	588.445
809.68	589.555
812.072	593.778
814.464	589.778
816.855	592.444
819.246	580.889
821.635	594.889
824.024	582.889
826.412	584.889
828.799	578.444
831.186	578.667
833.572	582.444
835.956	596.667
838.34	583.333
840.723	586.222
843.106	580.444
845.487	572.444
847.868	574.444
850.248	578.667
852.628	571.778
855.006	579.778
857.384	581.111
859.761	581.333
862.138	578.667
864.513	579.778
866.888	583.333
869.262	575.111
871.636	576.444
874.008	579.111
876.38	569.556
878.751	572.222
881.121	567.111
883.491	570.889
885.86	572.222
888.228	580.667
890.595	598.667
892.962	582.889
895.327	588.667
897.691	586.222
900.055	580
902.419	599.333
904.782	589.778
907.144	611.111
909.505	602.444
911.864	594.222
914.224	574.444
916.583	571.778
918.941	572.222
921.298	578.222
923.654	571.333
926.01	567.556
928.366	567.111
930.719	572
933.073	572.667
935.426	582.667
937.777	573.111
940.129	569.556
942.479	569.333
944.828	572.889
947.178	566.667
949.526	569.111
951.873	568.445
954.22	568.667
956.565	572.445
958.911	580.667
961.254	584.889
963.598	578
965.942	574.889
968.283	582.222
970.625	569.333
972.965	566.889
975.305	583.333
977.644	570.667
979.983	587.556
982.32	573.778
984.657	577.333
986.993	591.778
989.327	583.778
991.663	578.222
993.996	565.111
996.33	575.333
998.662	575.556
1000.99	586.445
1003.32	568
1005.65	571.556
1007.98	576.444
1010.31	568.667
1012.64	572.667
1014.97	570.222
1017.29	581.111
1019.62	567.111
1021.94	569.778
1024.27	573.556
1026.59	576.222
1028.91	570.667
1031.24	569.556
1033.56	588.667
1035.88	582.444
1038.2	568.444
1040.51	577.556
1042.83	574.889
1045.15	572.889
1047.47	584.667
1049.78	578.889
1052.1	588.222
1054.41	592.444
1056.73	597.778
1059.04	606.667
1061.35	610
1063.66	632.889
1065.97	635.778
1068.28	614.444
1070.59	605.111
1072.9	584.667
1075.21	590.889
1077.52	583.556
1079.82	577.333
1082.13	570.222
1084.43	569.778
1086.74	574.222
1089.04	569.555
1091.34	575.111
1093.65	577.333
1095.95	571.333
1098.25	586.889
1100.55	587.778
1102.85	613.111
1105.14	631.111
1107.44	644
1109.74	654.222
1112.03	648.445
1114.33	629.556
1116.62	610.222
1118.92	593.333
1121.21	583.556
1123.5	573.778
1125.79	584.444
1128.09	570.667
1130.38	571.111
1132.67	571.556
1134.95	572.667
1137.24	574.889
1139.53	575.556
1141.82	561.111
1144.1	569.111
1146.39	576.667
1148.67	568.222
1150.95	583.333
1153.24	584.222
1155.52	578.222
1157.8	563.111
1160.08	565.778
1162.36	569.556
1164.64	564.667
1166.92	573.111
1169.2	574.222
1171.47	575.778
1173.75	561.778
1176.03	571.778
1178.3	570.667
1180.58	564.444
1182.85	569.111
1185.12	566.667
1187.39	576.667
1189.66	575.556
1191.94	576
1194.21	572
1196.48	571.333
1198.74	563.556
1201.01	573.333
1203.28	575.111
1205.54	586.667
1207.81	575.556
1210.07	582.667
1212.34	578.889
1214.6	567.333
1216.86	573.556
1219.13	568
1221.39	571.778
1223.65	564.889
1225.91	567.555
1228.17	564.445
1230.43	582.667
1232.68	558.667
1234.94	579.556
1237.2	566.222
1239.45	561.556
1241.71	571.333
1243.96	573.778
1246.22	561.778
1248.47	569.111
1250.72	568.667
1252.97	569.556
1255.22	572.444
1257.47	576
1259.72	569.333
1261.97	568.444
1264.22	565.555
1266.46	566.667
1268.71	573.333
1270.95	574.444
1273.2	567.333
1275.44	577.333
1277.69	577.333
1279.93	580.222
1282.17	585.111
1284.41	564.445
1286.65	578
1288.89	586.222
1291.13	604.444
1293.37	627.111
1295.61	630.667
1297.85	639.556
1300.08	616.667
1302.32	585.333
1304.55	584.444
1306.79	571.556
1309.02	576.444
1311.26	577.333
1313.49	561.333
1315.72	566.889
1317.95	572.667
1320.18	562.444
1322.41	571.111
1324.64	570.222
1326.86	571.556
1329.09	560.444
1331.32	554.444
1333.55	570.667
1335.77	559.111
1337.99	568.667
1340.22	563.556
1342.44	566.444
1344.66	562.444
1346.89	570.667
1349.11	571.778
1351.33	566.222
1353.55	558.444
1355.77	573.333
1357.98	553.556
1360.2	574
1362.42	565.556
1364.63	568.667
1366.85	562
1369.06	572.889
1371.28	577.556
1373.49	578
1375.7	568.444
1377.92	569.333
1380.13	572.222
1382.34	579.111
1384.55	564.667
1386.76	559.111
1388.97	567.111
1391.17	568.444
1393.38	568
1395.59	560.444
1397.79	560.222
1400	565.333
1402.2	558.667
1404.41	567.778
1406.61	570.444
1408.81	582.889
1411.01	574.444
1413.21	583.778
1415.41	594
1417.61	605.778
1419.81	621.778
1422.01	614.444
1424.21	595.778
1426.4	576
1428.6	585.778
1430.8	587.556
1432.99	580.444
1435.18	590.444
1437.38	584.444
1439.57	596
1441.76	631.333
1443.95	643.111
1446.14	638
1448.33	615.778
1450.52	606.222
1452.71	600
1454.9	602.667
1457.09	592.222
1459.27	587.333
1461.46	594.889
1463.64	604.889
1465.83	612.444
1468.01	610.444
1470.2	591.333
1472.38	590
1474.56	594.667
1476.74	585.556
1478.92	580
1481.1	572.444
1483.28	568.889
1485.46	565.333
1487.64	565.778
1489.81	560.889
1491.99	562.444
1494.16	550.889
1496.34	556.445
1498.51	558.889
1500.69	562.444
1502.86	558.667
1505.03	562
1507.21	561.111
1509.38	556.667
1511.55	557.333
1513.72	561.778
1515.89	563.556
1518.05	557.111
1520.22	557.333
1522.39	554.667
1524.55	553.556
1526.72	558.889
1528.88	552
1531.05	553.556
1533.21	554.889
1535.37	550
1537.54	540.222
1539.7	554.889
1541.86	548.222
1544.02	545.778
1546.18	550.889
1548.34	547.778
1550.5	560.889
1552.65	553.111
1554.81	550.444
1556.97	554.667
1559.12	556.667
1561.28	547.778
1563.43	555.778
1565.58	557.555
1567.74	556.667
1569.89	549.556
1572.04	560.667
1574.19	554.222
1576.34	555.333
1578.49	546
1580.64	545.778
1582.79	557.333
1584.94	555.333
1587.08	545.556
1589.23	558.222
1591.37	549.556
1593.52	554.222
1595.66	552.889
1597.81	546.222
1599.95	544
1602.09	548.667
1604.23	544.444
1606.37	540.444
1608.51	553.333
1610.65	552
1612.79	546.222
1614.93	558
1617.07	546
1619.21	551.111
1621.34	542
1623.48	543.333
1625.61	544.667
1627.75	548.889
1629.88	541.111
1632.01	556.222
1634.15	553.333
1636.28	531.556
1638.41	554.222
1640.54	542.444
1642.67	555.556
1644.8	548.889
1646.93	543.556
1649.05	541.333
1651.18	540.889
1653.31	535.556
1655.43	536.444
1657.56	540
1659.68	532.889
1661.81	550.667
1663.93	545.556
1666.05	534.444
1668.17	537.778
1670.3	542.444
1672.42	531.778
1674.54	541.556
1676.66	537.333
1678.77	534
1680.89	542.444
1683.01	535.778
1685.13	542.889
1687.24	538.444
1689.36	538.889
1691.47	546.667
1693.59	535.333
1695.7	542.667
1697.81	533.778
1699.92	521.111
1702.04	528.222
1704.15	526.667
1706.26	528.889
1708.37	530.889
1710.47	526.889
1712.58	540.222
1714.69	530.889
1716.8	530.222
1718.9	541.556
1721.01	533.556
1723.11	524.889
1725.22	522
1727.32	531.111
1729.42	524
1731.53	538
1733.63	531.778
1735.73	534
1737.83	529.333
1739.93	521.111
1742.03	522.444
1744.13	517.333
1746.23	534
1748.32	520
1750.42	521.556
1752.52	519.111
1754.61	516.889
1756.71	518.222
1758.8	511.778
1760.89	514.889
1762.99	512
1765.08	508.444
1767.17	517.778
1769.26	514.444
1771.35	518.222
1773.44	504
1775.53	510.889
1777.62	504.889
1779.71	526.667
1781.79	516.667
1783.88	524.444
1785.96	512.667
1788.05	510.889
1790.13	522
1792.22	521.333
1794.3	507.556
1796.38	512.222
1798.47	513.111
1800.55	508.444
1802.63	505.111
1804.71	510.889
1806.79	511.778
1808.87	498.667
1810.95	507.778
1813.02	516.444
1815.1	512.667
1817.18	515.556
1819.25	505.556
1821.33	506.667
1823.4	508.444
1825.47	497.111
1827.55	510.444
1829.62	507.333
1831.69	512.667
1833.76	509.778
1835.83	498
1837.9	504
1839.97	504.889
1842.04	498.444
1844.11	506.667
1846.18	500.222
1848.24	493.111
1850.31	494.667
1852.38	494.667
1854.44	494.444
1856.51	495.778
1858.57	498.444
1860.63	487.778
1862.69	503.556
1864.76	497.778
1866.82	490.222
1868.88	487.556
1870.94	493.111
1873	492.889
1875.06	496
1877.11	497.333
1879.17	485.333
1881.23	483.333
1883.28	495.111
1885.34	496.444
1887.4	487.111
1889.45	498.667
1891.5	489.333
1893.56	482.444
1895.61	484.889
1897.66	487.111
1899.71	483.778
1901.76	485.111
1903.81	485.111
1905.86	485.556
1907.91	486.444
1909.96	488.444
1912.01	491.556
1914.05	488
1916.1	486.444
1918.15	488.667
1920.19	486.667
1922.23	473.333
1924.28	479.778
1926.32	476.889
1928.36	486.667
1930.41	487.111
1932.45	488.222
1934.49	476.222
1936.53	483.556
1938.57	482.889
1940.61	481.778
1942.64	476.222
1944.68	476
1946.72	481.333
1948.76	473.778
1950.79	479.111
1952.83	482.222
1954.86	469.111
1956.89	468.889
1958.93	464.667
1960.96	463.778
1962.99	469.556
1965.03	462.444
1967.06	458
1969.09	464.667
1971.12	461.556
1973.14	465.778
1975.17	458.222
1977.2	471.333
1979.23	458.222
1981.25	468.667
1983.28	452
1985.31	458.444
1987.33	467.333
1989.36	466
1991.38	460.889
1993.4	447.333
1995.42	456
1997.45	462
1999.47	458.889
2001.49	459.111
2003.51	447.778
2005.53	458.222
2007.55	464.444
2009.56	456.889
2011.58	465.333
2013.6	460.889
2015.61	452.889
2017.63	463.556
2019.65	464.889
2021.66	444
2023.67	451.556
2025.69	460.667
2027.7	453.333
2029.71	456
2031.72	455.333
2033.73	465.333
2035.74	461.333
2037.75	448.222
2039.76	466.444
2041.77	452.667
2043.78	450
2045.79	446.667
2047.79	454
2049.8	449.111
2051.8	454.222
2053.81	441.333
2055.81	454.444
2057.82	458.667
2059.82	437.778
2061.82	451.778
2063.82	440.667
2065.83	437.111
2067.83	448.444
2069.83	442.889
2071.83	444.889
2073.82	447.778
2075.82	450.667
2077.82	438.889
2079.82	439.778
2081.81	440.889
2083.81	451.556
2085.8	427.333
2087.8	447.111
2089.79	429.778
2091.79	434.667
2093.78	433.556
2095.77	428.667
2097.76	435.778
2099.76	436.889
2101.75	435.778
2103.74	436
2105.72	434
2107.71	432.444
2109.7	423.556
2111.69	428.444
2113.68	430
2115.66	434.889
2117.65	421.778
2119.63	430
2121.62	424.889
2123.6	437.111
2125.59	418.667
2127.57	427.111
2129.55	416.889
2131.53	426
2133.51	412.222
2135.49	420
2137.47	430.667
2139.45	420.889
2141.43	417.778
2143.41	422.667
2145.39	422.889
2147.36	423.111
2149.34	417.556
2151.32	411.556
2153.29	414.222
2155.27	418.444
2157.24	421.111
2159.21	420.889
2161.19	424.444
2163.16	418
2165.13	405.111
2167.1	415.556
2169.07	412.667
2171.04	421.778
2173.01	401.333
2174.98	410.889
2176.95	409.111
2178.92	418.222
2180.88	405.111
2182.85	407.778
2184.81	411.333
2186.78	411.778
2188.74	409.111
2190.71	407.778
2192.67	411.333
2194.63	402.222
2196.6	399.333
2198.56	405.333
2200.52	400
2202.48	398.667
2204.44	394.889
2206.4	395.778
2208.36	394.667
2210.32	407.778
2212.28	405.556
2214.23	403.333
2216.19	406
2218.14	399.778
2220.1	400
2222.05	407.556
2224.01	398.222
2225.96	396.667
2227.91	394.889
2229.87	406.222
2231.82	391.111
2233.77	396
2235.72	390.444
2237.67	395.778
2239.62	386.889
2241.57	392
2243.52	394.444
2245.47	390
2247.41	398
2249.36	387.111
2251.31	388.889
2253.25	385.111
2255.2	383.111
2257.14	396.222
2259.09	382.667
2261.03	381.333
2262.97	376
2264.91	388.889
2266.85	381.778
2268.8	378.222
2270.74	372.889
2272.68	378.889
2274.61	390.889
2276.55	378
2278.49	382
2280.43	372.667
2282.37	374.889
2284.3	376.889
2286.24	379.778
2288.17	369.333
2290.11	379.333
2292.04	380.667
2293.98	366.667
2295.91	365.333
2297.84	372.889
2299.77	369.111
2301.7	366.444
2303.64	374.889
2305.56	378.444
2307.49	372.444
2309.42	369.111
2311.35	371.778
2313.28	366
2315.21	368.667
2317.13	374
2319.06	368
2320.99	373.333
2322.91	366.889
2324.84	374.444
2326.76	379.778
2328.68	354.889
2330.6	373.333
2332.53	353.111
2334.45	365.778
2336.37	364.444
2338.29	364.222
2340.21	360.444
2342.13	362.222
2344.05	359.333
2345.97	356.444
2347.89	361.333
2349.8	360
2351.72	355.556
2353.63	357.333
2355.55	344.444
2357.47	349.111
2359.38	354
2361.29	348
2363.21	354.889
2365.12	358.889
2367.03	349.333
2368.94	353.556
2370.85	352
2372.76	353.111
2374.67	346.222
2376.58	349.778
2378.49	349.111
2380.4	349.778
2382.31	350.889
2384.21	347.556
2386.12	349.333
2388.03	349.333
2389.93	348.667
2391.84	349.778
2393.74	340
2395.64	338.889
2397.55	347.333
2399.45	337.111
2401.35	336.222
2403.25	342.444
2405.15	346.667
2407.05	338.222
2408.95	342.444
2410.85	341.111
2412.75	334.889
2414.65	339.556
2416.55	340.444
2418.45	332
2420.34	334.889
2422.24	338.667
2424.13	335.111
2426.03	326.444
2427.92	331.111
2429.82	330.889
2431.71	338.222
2433.6	339.556
2435.49	338.444
2437.39	337.778
2439.28	324.444
2441.17	342.444
2443.06	327.556
2444.95	328.667
2446.83	336.444
2448.72	333.778
2450.61	332.667
2452.5	326.889
2454.39	327.111
