182.393	658
184.993	630
187.593	616
190.193	644
192.79	596
195.387	576
197.983	576
200.578	554
203.174	570
205.766	576
208.36	564
210.951	576
213.542	554
216.131	548
218.721	556
221.309	594
223.897	598
226.483	682
229.069	734
231.654	840
234.238	916
236.821	932
239.404	854
241.984	766
244.566	692
247.145	606
249.723	518
252.302	442
254.878	372
257.455	350
260.03	298
262.604	306
265.178	240
267.75	262
270.322	238
272.893	248
275.463	238
278.032	242
280.601	240
283.168	240
285.734	264
288.301	272
290.866	328
293.429	380
295.992	368
298.556	384
301.117	380
303.677	354
306.236	298
308.795	298
311.354	278
313.911	262
316.467	260
319.022	266
321.577	262
324.13	264
326.684	276
329.236	278
331.787	296
334.337	298
336.887	288
339.435	268
341.983	276
344.529	250
347.075	240
349.621	244
352.165	240
354.708	268
357.251	252
359.793	260
362.334	226
364.874	230
367.413	236
369.951	230
372.489	244
375.026	216
377.562	232
380.097	212
382.631	202
385.164	198
387.697	210
390.229	204
392.76	186
395.29	186
397.819	198
400.346	194
402.873	212
405.4	246
407.926	248
410.451	258
412.976	254
415.499	276
418.02	266
420.542	250
423.063	216
425.583	204
428.101	194
430.619	180
433.137	170
435.654	152
438.169	164
440.684	150
443.198	156
445.712	144
448.223	146
450.735	148
453.246	152
455.755	134
458.264	138
460.771	146
463.279	144
465.786	166
468.291	170
470.796	188
473.301	208
475.803	238
478.306	238
480.807	266
483.308	294
485.807	328
488.307	296
490.804	242
493.302	212
495.798	190
498.294	170
500.788	176
503.283	162
505.775	168
508.269	188
510.759	192
513.251	244
515.74	252
518.23	218
520.718	190
523.204	190
525.692	232
528.177	224
530.663	292
533.147	320
535.629	414
538.113	452
540.594	458
543.074	442
545.555	372
548.034	318
550.512	268
552.989	268
555.467	278
557.942	308
560.417	372
562.892	488
565.365	816
567.838	1302
570.309	1798
572.78	1988
575.251	1502
577.72	934
580.189	570
582.656	430
585.123	380
587.589	382
590.055	350
592.52	300
594.983	314
597.446	282
599.908	248
602.369	212
604.829	202
607.289	190
609.747	198
612.205	172
614.663	202
617.119	256
619.574	378
622.029	416
624.483	354
626.936	236
629.389	232
631.84	222
634.291	224
636.741	198
639.19	212
641.639	196
644.086	192
646.533	166
648.979	150
651.424	150
653.869	142
656.313	144
658.754	136
661.196	132
663.638	134
666.078	122
668.518	138
670.957	124
673.394	126
675.831	120
678.268	128
680.703	124
683.137	120
685.571	110
688.005	116
690.437	124
692.868	130
695.299	128
697.729	132
700.159	144
702.586	146
705.014	156
707.441	154
709.866	158
712.292	158
714.716	178
717.14	192
719.563	178
721.984	172
724.406	170
726.825	178
729.246	166
731.665	182
734.082	194
736.5	180
738.916	206
741.332	216
743.746	238
746.161	266
748.574	288
750.987	258
753.398	268
755.81	254
758.219	260
760.629	238
763.037	232
765.445	216
767.852	222
770.258	216
772.664	214
775.068	220
777.472	224
779.876	214
782.278	238
784.679	234
787.08	250
789.48	268
791.879	268
794.278	268
796.675	242
799.072	236
801.467	228
803.864	216
806.258	206
808.651	202
811.044	180
813.437	186
815.828	176
818.218	174
820.608	174
822.997	184
825.385	212
827.773	286
830.16	426
832.546	586
834.931	652
837.315	426
839.699	306
842.081	252
844.463	226
846.844	218
849.226	214
851.606	194
853.985	186
856.363	184
858.741	184
861.117	164
863.493	180
865.868	176
868.243	164
870.616	170
872.989	174
875.36	154
877.731	158
880.102	170
882.472	150
884.841	162
887.209	150
889.577	158
891.944	162
894.31	152
896.674	168
899.039	174
901.403	166
903.766	164
906.128	184
908.49	172
910.849	162
913.209	152
915.569	152
917.927	150
920.284	166
922.641	158
924.997	154
927.353	150
929.707	156
932.061	160
934.414	154
936.765	152
939.117	160
941.469	180
943.818	198
946.167	196
948.515	212
950.863	262
953.211	328
955.556	406
957.902	494
960.246	546
962.59	516
964.933	462
967.276	398
969.617	360
971.958	314
974.298	276
976.638	238
978.976	228
981.314	208
983.651	248
985.988	254
988.323	320
990.659	370
992.992	398
995.325	504
997.658	892
999.99	1646
1002.32	2016
1004.65	1414
1006.98	692
1009.31	374
1011.64	272
1013.97	208
1016.29	224
1018.62	226
1020.94	272
1023.27	322
1025.59	404
1027.91	534
1030.24	628
1032.56	668
1034.88	588
1037.2	424
1039.52	362
1041.84	290
1044.15	266
1046.47	230
1048.79	210
1051.1	198
1053.42	198
1055.73	184
1058.04	206
1060.36	188
1062.67	200
1064.98	192
1067.29	218
1069.6	200
1071.91	206
1074.22	216
1076.52	188
1078.83	214
1081.14	186
1083.44	182
1085.75	198
1088.05	198
1090.35	190
1092.65	190
1094.95	180
1097.26	196
1099.56	208
1101.86	218
1104.15	234
1106.45	282
1108.75	388
1111.05	468
1113.34	548
1115.64	424
1117.93	312
1120.22	236
1122.52	226
1124.81	188
1127.1	186
1129.39	170
1131.68	182
1133.97	188
1136.26	162
1138.54	188
1140.83	164
1143.12	208
1145.4	192
1147.69	198
1149.97	242
1152.25	292
1154.54	348
1156.82	342
1159.1	314
1161.38	260
1163.66	280
1165.94	234
1168.22	242
1170.49	246
1172.77	274
1175.05	304
1177.32	366
1179.6	466
1181.87	532
1184.14	604
1186.42	598
1188.69	560
1190.96	484
1193.23	524
1195.5	524
1197.77	508
1200.03	540
1202.3	488
1204.57	482
1206.83	416
1209.1	356
1211.36	294
1213.63	270
1215.89	248
1218.15	226
1220.41	226
1222.67	218
1224.93	236
1227.19	254
1229.45	264
1231.71	246
1233.97	230
1236.22	214
1238.48	198
1240.73	184
1242.99	180
1245.24	190
1247.5	162
1249.75	172
1252	172
1254.25	180
1256.5	190
1258.75	188
1261	182
1263.25	190
1265.49	194
1267.74	192
1269.99	206
1272.23	196
1274.48	192
1276.72	210
1278.96	210
1281.21	206
1283.45	232
1285.69	262
1287.93	274
1290.17	296
1292.41	334
1294.64	384
1296.88	446
1299.12	620
1301.36	858
1303.59	1126
1305.82	1216
1308.06	1014
1310.29	778
1312.52	552
1314.76	464
1316.99	404
1319.22	376
1321.45	356
1323.68	334
1325.9	340
1328.13	334
1330.36	320
1332.58	314
1334.81	270
1337.04	254
1339.26	274
1341.48	234
1343.71	258
1345.93	244
1348.15	262
1350.37	266
1352.59	238
1354.81	252
1357.03	236
1359.24	224
1361.46	242
1363.68	232
1365.89	242
1368.11	258
1370.32	272
1372.54	340
1374.75	456
1376.96	574
1379.17	592
1381.38	634
1383.59	548
1385.8	438
1388.01	322
1390.22	236
1392.43	220
1394.63	194
1396.84	194
1399.05	200
1401.25	170
1403.45	172
1405.66	182
1407.86	180
1410.06	178
1412.26	194
1414.46	184
1416.66	210
1418.86	206
1421.06	226
1423.26	234
1425.46	274
1427.65	274
1429.85	260
1432.04	256
1434.24	302
1436.43	310
1438.62	330
1440.82	328
1443.01	354
1445.2	366
1447.39	368
1449.58	340
1451.77	346
1453.95	318
1456.14	320
1458.33	276
1460.52	258
1462.7	262
1464.89	236
1467.07	198
1469.25	236
1471.44	216
1473.62	208
1475.8	220
1477.98	206
1480.16	218
1482.34	216
1484.52	188
1486.7	196
1488.87	184
1491.05	202
1493.23	204
1495.4	178
1497.58	188
1499.75	188
1501.92	164
1504.1	172
1506.27	178
1508.44	178
1510.61	178
1512.78	172
1514.95	172
1517.12	162
1519.28	192
1521.45	156
1523.62	170
1525.78	158
1527.95	166
1530.11	172
1532.28	164
1534.44	182
1536.6	158
1538.76	160
1540.93	166
1543.09	172
1545.25	168
1547.41	170
1549.56	176
1551.72	162
1553.88	178
1556.03	166
1558.19	186
1560.35	174
1562.5	186
1564.65	178
1566.81	196
1568.96	216
1571.11	224
1573.26	246
1575.41	260
1577.56	288
1579.71	358
1581.86	422
1584.01	492
1586.15	472
1588.3	462
1590.45	524
1592.59	590
1594.74	704
1596.88	866
1599.02	1010
1601.17	1188
1603.31	1242
1605.45	1106
1607.59	904
1609.73	754
1611.87	614
1614.01	528
1616.14	442
1618.28	370
1620.42	312
1622.55	270
1624.69	248
1626.82	226
1628.96	194
1631.09	204
1633.22	196
1635.36	182
1637.49	168
1639.62	170
1641.75	166
1643.88	170
1646	166
1648.13	176
1650.26	160
1652.39	156
1654.51	152
1656.64	164
1658.76	144
1660.89	138
1663.01	142
1665.13	152
1667.26	164
1669.38	140
1671.5	152
1673.62	126
1675.74	146
1677.86	144
1679.97	140
1682.09	134
1684.21	150
1686.33	140
1688.44	140
1690.56	138
1692.67	156
1694.78	150
1696.9	150
1699.01	140
1701.12	144
1703.23	138
1705.34	132
1707.45	134
1709.56	144
1711.67	150
1713.78	142
1715.88	140
1717.99	132
1720.1	142
1722.2	130
1724.31	138
1726.41	136
1728.51	138
1730.62	128
1732.72	138
1734.82	130
1736.92	122
1739.02	114
1741.12	122
1743.22	120
1745.32	132
1747.42	126
1749.51	132
1751.61	116
1753.7	126
1755.8	124
1757.89	126
1759.99	136
1762.08	132
1764.17	134
1766.26	132
1768.36	136
1770.45	130
1772.54	132
1774.62	116
1776.71	120
1778.8	126
1780.89	120
1782.98	124
1785.06	126
1787.15	122
1789.23	124
1791.32	116
1793.4	126
1795.48	130
1797.56	124
1799.65	122
1801.73	136
1803.81	124
1805.89	130
1807.97	126
1810.04	118
1812.12	116
1814.2	122
1816.28	120
1818.35	136
1820.43	130
1822.5	128
1824.58	132
1826.65	122
1828.72	138
1830.79	122
1832.86	126
1834.94	128
1837.01	134
1839.08	116
1841.15	116
1843.21	118
1845.28	116
1847.35	114
1849.41	136
1851.48	114
1853.55	126
1855.61	104
1857.67	130
1859.74	112
1861.8	126
1863.86	120
1865.92	118
1867.98	122
1870.05	122
1872.1	124
1874.16	118
1876.22	118
1878.28	128
1880.34	122
1882.39	120
1884.45	116
1886.5	118
1888.56	110
1890.61	110
1892.67	124
1894.72	118
1896.77	118
1898.82	124
1900.87	128
1902.92	134
1904.97	128
1907.02	112
1909.07	116
1911.12	134
1913.17	114
1915.21	112
1917.26	112
1919.3	118
1921.35	102
1923.39	134
1925.43	112
1927.48	124
1929.52	118
1931.56	116
1933.6	122
1935.64	114
1937.68	118
1939.72	116
1941.76	116
1943.8	140
1945.83	118
1947.87	120
1949.91	112
1951.94	124
1953.98	128
1956.01	126
1958.05	114
1960.08	124
1962.11	108
1964.14	122
1966.17	126
1968.2	120
1970.23	108
1972.26	114
1974.29	108
1976.32	114
1978.35	124
1980.37	122
1982.4	120
1984.43	108
1986.45	122
1988.48	124
1990.5	128
1992.52	126
1994.55	134
1996.57	126
1998.59	122
2000.61	118
2002.63	122
2004.65	120
2006.67	114
2008.69	126
2010.7	116
2012.72	108
2014.74	116
2016.75	122
2018.77	124
2020.78	126
2022.8	118
2024.81	118
2026.83	110
2028.84	122
2030.85	112
2032.86	102
2034.87	112
2036.88	118
2038.89	110
2040.9	120
2042.91	124
2044.91	120
2046.92	124
2048.93	116
2050.93	100
2052.94	114
2054.94	106
2056.95	116
2058.95	120
2060.95	130
2062.95	122
2064.96	122
2066.96	104
2068.96	122
2070.96	102
2072.96	120
2074.95	126
2076.95	122
2078.95	110
2080.95	106
2082.94	120
2084.94	112
2086.93	114
2088.93	114
2090.92	108
2092.91	118
2094.91	96
2096.9	108
2098.89	106
2100.88	116
2102.87	116
2104.86	120
2106.85	104
2108.84	116
2110.83	106
2112.81	116
2114.8	116
2116.78	112
2118.77	126
2120.75	120
2122.74	112
2124.72	100
2126.71	110
2128.69	104
2130.67	112
2132.65	118
2134.63	108
2136.61	118
2138.59	122
2140.57	110
2142.55	122
2144.53	106
2146.5	112
2148.48	114
2150.46	108
2152.43	116
2154.41	116
2156.38	116
2158.35	104
2160.33	110
2162.3	124
2164.27	104
2166.24	122
2168.21	118
2170.18	120
2172.15	102
2174.12	122
2176.09	118
2178.06	120
2180.03	116
2181.99	106
2183.96	124
2185.92	116
2187.89	110
2189.85	126
2191.82	116
2193.78	120
2195.74	116
2197.7	118
2199.67	114
2201.63	114
2203.59	102
2205.55	112
2207.51	106
2209.46	120
2211.42	112
2213.38	108
2215.34	112
2217.29	112
2219.25	122
2221.2	108
2223.16	120
2225.11	110
2227.06	108
2229.02	118
2230.97	118
2232.92	104
2234.87	104
2236.82	108
2238.77	112
2240.72	114
2242.67	108
2244.62	110
2246.57	106
2248.51	108
2250.46	104
2252.4	124
2254.35	120
2256.29	110
2258.24	108
2260.18	106
2262.13	110
2264.07	110
2266.01	110
2267.95	120
2269.89	112
2271.83	114
2273.77	116
2275.71	112
2277.65	108
2279.58	116
2281.52	104
2283.46	116
2285.4	112
2287.33	104
2289.27	116
2291.2	112
2293.13	114
2295.07	112
2297	116
2298.93	104
2300.86	114
2302.79	112
2304.72	114
2306.65	114
2308.58	122
2310.51	116
2312.44	122
2314.37	112
2316.29	126
2318.22	116
2320.15	118
2322.07	122
2324	122
2325.92	116
2327.84	124
2329.77	106
2331.69	112
2333.61	110
2335.53	118
2337.45	106
2339.37	106
2341.29	110
2343.21	112
2345.13	114
2347.05	108
2348.97	104
2350.88	106
2352.8	114
2354.71	104
2356.63	118
2358.54	106
2360.46	104
2362.37	116
2364.28	110
2366.2	100
2368.11	112
2370.02	122
2371.93	110
2373.84	106
2375.75	110
2377.66	110
2379.57	104
2381.47	120
2383.38	118
2385.29	106
2387.2	114
2389.1	116
2391.01	116
2392.91	112
2394.81	108
2396.72	116
2398.62	114
2400.52	110
2402.42	114
2404.33	118
2406.23	120
2408.13	128
2410.03	118
2411.92	108
2413.82	116
2415.72	124
2417.62	102
2419.51	118
2421.41	108
2423.31	122
2425.2	108
2427.1	102
2428.99	106
2430.88	112
2432.78	114
2434.67	116
2436.56	112
2438.45	98
2440.34	102
2442.23	108
2444.12	118
2446.01	114
2447.9	114
2449.79	116
