182.393	646
184.993	640
187.593	592
190.193	584
192.79	608
195.387	586
197.983	582
200.578	572
203.174	540
205.766	548
208.36	548
210.951	552
213.542	522
216.131	542
218.721	564
221.309	550
223.897	580
226.483	664
229.069	704
231.654	814
234.238	882
236.821	906
239.404	856
241.984	764
244.566	656
247.145	578
249.723	506
252.302	446
254.878	392
257.455	342
260.03	314
262.604	298
265.178	270
267.75	248
270.322	280
272.893	256
275.463	248
278.032	246
280.601	252
283.168	254
285.734	296
288.301	296
290.866	344
293.429	388
295.992	388
298.556	402
301.117	378
303.677	352
306.236	328
308.795	304
311.354	276
313.911	276
316.467	282
319.022	254
321.577	254
324.13	254
326.684	292
329.236	284
331.787	292
334.337	300
336.887	288
339.435	292
341.983	266
344.529	286
347.075	244
349.621	262
352.165	274
354.708	258
357.251	282
359.793	264
362.334	260
364.874	230
367.413	238
369.951	242
372.489	260
375.026	244
377.562	246
380.097	210
382.631	222
385.164	212
387.697	210
390.229	220
392.76	198
395.29	212
397.819	210
400.346	236
402.873	228
405.4	224
407.926	244
410.451	286
412.976	274
415.499	300
418.02	278
420.542	258
423.063	218
425.583	220
428.101	208
430.619	182
433.137	184
435.654	176
438.169	186
440.684	180
443.198	172
445.712	166
448.223	160
450.735	154
453.246	154
455.755	164
458.264	160
460.771	160
463.279	164
465.786	178
468.291	174
470.796	202
473.301	206
475.803	242
478.306	280
480.807	298
483.308	298
485.807	330
488.307	294
490.804	252
493.302	232
495.798	198
498.294	182
500.788	174
503.283	174
505.775	176
508.269	184
510.759	210
513.251	250
515.74	258
518.23	234
520.718	202
523.204	200
525.692	240
528.177	260
530.663	298
533.147	364
535.629	418
538.113	480
540.594	466
543.074	446
545.555	400
548.034	338
550.512	292
552.989	254
555.467	278
557.942	314
560.417	382
562.892	520
565.365	804
567.838	1270
570.309	1792
572.78	1934
575.251	1458
577.72	908
580.189	566
582.656	440
585.123	380
587.589	360
590.055	360
592.52	340
594.983	316
597.446	310
599.908	276
602.369	244
604.829	188
607.289	184
609.747	196
612.205	202
614.663	218
617.119	274
619.574	372
622.029	424
624.483	340
626.936	288
629.389	260
631.84	234
634.291	244
636.741	250
639.19	236
641.639	210
644.086	210
646.533	180
648.979	170
651.424	174
653.869	164
656.313	162
658.754	170
661.196	146
663.638	154
666.078	158
668.518	144
670.957	148
673.394	144
675.831	140
678.268	152
680.703	144
683.137	146
685.571	150
688.005	150
690.437	168
692.868	140
695.299	144
697.729	158
700.159	160
702.586	166
705.014	164
707.441	164
709.866	168
712.292	200
714.716	200
717.14	196
719.563	198
721.984	200
724.406	180
726.825	192
729.246	204
731.665	214
734.082	202
736.5	196
738.916	244
741.332	234
743.746	240
746.161	288
748.574	300
750.987	290
753.398	278
755.81	286
758.219	266
760.629	262
763.037	236
765.445	244
767.852	228
770.258	222
772.664	222
775.068	238
777.472	242
779.876	246
782.278	264
784.679	256
787.08	278
789.48	292
791.879	290
794.278	302
796.675	256
799.072	250
801.467	268
803.864	232
806.258	238
808.651	206
811.044	212
813.437	202
815.828	198
818.218	186
820.608	192
822.997	218
825.385	228
827.773	300
830.16	418
832.546	638
834.931	664
837.315	482
839.699	320
842.081	278
844.463	246
846.844	242
849.226	236
851.606	236
853.985	222
856.363	214
858.741	214
861.117	202
863.493	198
865.868	202
868.243	190
870.616	196
872.989	200
875.36	172
877.731	172
880.102	184
882.472	182
884.841	190
887.209	188
889.577	176
891.944	182
894.31	178
896.674	182
899.039	192
901.403	182
903.766	192
906.128	202
908.49	198
910.849	204
913.209	186
915.569	180
917.927	170
920.284	180
922.641	162
924.997	186
927.353	174
929.707	176
932.061	174
934.414	180
936.765	200
939.117	188
941.469	210
943.818	204
946.167	220
948.515	250
950.863	290
953.211	362
955.556	408
957.902	502
960.246	566
962.59	556
964.933	502
967.276	402
969.617	386
971.958	316
974.298	278
976.638	268
978.976	242
981.314	276
983.651	242
985.988	276
988.323	330
990.659	378
992.992	458
995.325	510
997.658	848
999.99	1546
1002.32	2028
1004.65	1452
1006.98	700
1009.31	372
1011.64	274
1013.97	252
1016.29	226
1018.62	258
1020.94	290
1023.27	320
1025.59	400
1027.91	560
1030.24	666
1032.56	668
1034.88	592
1037.2	446
1039.52	364
1041.84	292
1044.15	276
1046.47	252
1048.79	252
1051.1	246
1053.42	216
1055.73	226
1058.04	224
1060.36	242
1062.67	214
1064.98	222
1067.29	242
1069.6	248
1071.91	224
1074.22	196
1076.52	226
1078.83	210
1081.14	218
1083.44	236
1085.75	230
1088.05	208
1090.35	226
1092.65	224
1094.95	238
1097.26	224
1099.56	238
1101.86	252
1104.15	262
1106.45	284
1108.75	408
1111.05	514
1113.34	540
1115.64	460
1117.93	324
1120.22	274
1122.52	250
1124.81	236
1127.1	218
1129.39	206
1131.68	178
1133.97	214
1136.26	204
1138.54	214
1140.83	192
1143.12	220
1145.4	230
1147.69	210
1149.97	262
1152.25	316
1154.54	386
1156.82	370
1159.1	322
1161.38	292
1163.66	282
1165.94	264
1168.22	260
1170.49	254
1172.77	294
1175.05	304
1177.32	390
1179.6	464
1181.87	514
1184.14	578
1186.42	586
1188.69	550
1190.96	540
1193.23	550
1195.5	506
1197.77	530
1200.03	514
1202.3	524
1204.57	494
1206.83	448
1209.1	396
1211.36	324
1213.63	290
1215.89	262
1218.15	242
1220.41	256
1222.67	256
1224.93	252
1227.19	268
1229.45	292
1231.71	276
1233.97	238
1236.22	222
1238.48	216
1240.73	190
1242.99	226
1245.24	206
1247.5	224
1249.75	214
1252	194
1254.25	202
1256.5	220
1258.75	218
1261	218
1263.25	204
1265.49	210
1267.74	232
1269.99	226
1272.23	208
1274.48	226
1276.72	224
1278.96	236
1281.21	246
1283.45	250
1285.69	268
1287.93	304
1290.17	324
1292.41	332
1294.64	398
1296.88	468
1299.12	644
1301.36	838
1303.59	1090
1305.82	1172
1308.06	1042
1310.29	808
1312.52	588
1314.76	460
1316.99	412
1319.22	386
1321.45	370
1323.68	368
1325.9	374
1328.13	382
1330.36	344
1332.58	344
1334.81	306
1337.04	292
1339.26	270
1341.48	268
1343.71	268
1345.93	262
1348.15	274
1350.37	282
1352.59	272
1354.81	264
1357.03	274
1359.24	262
1361.46	252
1363.68	250
1365.89	276
1368.11	256
1370.32	310
1372.54	380
1374.75	440
1376.96	564
1379.17	638
1381.38	672
1383.59	564
1385.8	458
1388.01	338
1390.22	266
1392.43	240
1394.63	214
1396.84	208
1399.05	196
1401.25	192
1403.45	204
1405.66	192
1407.86	214
1410.06	190
1412.26	212
1414.46	218
1416.66	222
1418.86	244
1421.06	266
1423.26	234
1425.46	270
1427.65	276
1429.85	288
1432.04	310
1434.24	316
1436.43	336
1438.62	340
1440.82	378
1443.01	370
1445.2	370
1447.39	386
1449.58	348
1451.77	370
1453.95	342
1456.14	326
1458.33	312
1460.52	302
1462.7	272
1464.89	274
1467.07	252
1469.25	252
1471.44	254
1473.62	230
1475.8	250
1477.98	228
1480.16	240
1482.34	216
1484.52	236
1486.7	220
1488.87	220
1491.05	216
1493.23	206
1495.4	218
1497.58	200
1499.75	204
1501.92	190
1504.1	192
1506.27	194
1508.44	198
1510.61	192
1512.78	210
1514.95	194
1517.12	194
1519.28	186
1521.45	186
1523.62	194
1525.78	192
1527.95	198
1530.11	208
1532.28	194
1534.44	202
1536.6	208
1538.76	204
1540.93	186
1543.09	202
1545.25	188
1547.41	182
1549.56	198
1551.72	196
1553.88	208
1556.03	216
1558.19	204
1560.35	194
1562.5	206
1564.65	218
1566.81	244
1568.96	222
1571.11	240
1573.26	258
1575.41	272
1577.56	354
1579.71	372
1581.86	416
1584.01	506
1586.15	486
1588.3	474
1590.45	500
1592.59	596
1594.74	708
1596.88	832
1599.02	996
1601.17	1180
1603.31	1210
1605.45	1074
1607.59	912
1609.73	782
1611.87	620
1614.01	510
1616.14	466
1618.28	366
1620.42	350
1622.55	316
1624.69	274
1626.82	246
1628.96	238
1631.09	228
1633.22	216
1635.36	206
1637.49	194
1639.62	192
1641.75	196
1643.88	194
1646	200
1648.13	196
1650.26	192
1652.39	190
1654.51	188
1656.64	164
1658.76	164
1660.89	200
1663.01	164
1665.13	178
1667.26	174
1669.38	166
1671.5	172
1673.62	160
1675.74	186
1677.86	168
1679.97	178
1682.09	174
1684.21	164
1686.33	182
1688.44	174
1690.56	174
1692.67	178
1694.78	174
1696.9	174
1699.01	176
1701.12	168
1703.23	176
1705.34	160
1707.45	160
1709.56	164
1711.67	166
1713.78	172
1715.88	174
1717.99	172
1720.1	164
1722.2	160
1724.31	152
1726.41	162
1728.51	160
1730.62	172
1732.72	156
1734.82	160
1736.92	174
1739.02	152
1741.12	154
1743.22	166
1745.32	156
1747.42	160
1749.51	142
1751.61	154
1753.7	156
1755.8	156
1757.89	150
1759.99	168
1762.08	154
1764.17	164
1766.26	152
1768.36	154
1770.45	150
1772.54	140
1774.62	156
1776.71	148
1778.8	160
1780.89	152
1782.98	150
1785.06	158
1787.15	162
1789.23	146
1791.32	168
1793.4	142
1795.48	140
1797.56	154
1799.65	142
1801.73	130
1803.81	150
1805.89	136
1807.97	152
1810.04	136
1812.12	154
1814.2	152
1816.28	154
1818.35	150
1820.43	156
1822.5	148
1824.58	160
1826.65	144
1828.72	148
1830.79	158
1832.86	140
1834.94	146
1837.01	154
1839.08	164
1841.15	138
1843.21	150
1845.28	146
1847.35	150
1849.41	148
1851.48	164
1853.55	150
1855.61	158
1857.67	150
1859.74	134
1861.8	142
1863.86	150
1865.92	152
1867.98	146
1870.05	156
1872.1	156
1874.16	140
1876.22	146
1878.28	150
1880.34	142
1882.39	146
1884.45	152
1886.5	154
1888.56	152
1890.61	144
1892.67	152
1894.72	150
1896.77	154
1898.82	156
1900.87	154
1902.92	158
1904.97	144
1907.02	158
1909.07	148
1911.12	136
1913.17	150
1915.21	142
1917.26	152
1919.3	150
1921.35	158
1923.39	142
1925.43	146
1927.48	150
1929.52	156
1931.56	136
1933.6	152
1935.64	142
1937.68	154
1939.72	150
1941.76	146
1943.8	148
1945.83	148
1947.87	136
1949.91	142
1951.94	142
1953.98	156
1956.01	156
1958.05	146
1960.08	152
1962.11	146
1964.14	144
1966.17	156
1968.2	136
1970.23	154
1972.26	150
1974.29	148
1976.32	158
1978.35	152
1980.37	144
1982.4	152
1984.43	142
1986.45	160
1988.48	136
1990.5	150
1992.52	138
1994.55	144
1996.57	130
1998.59	148
2000.61	144
2002.63	138
2004.65	160
2006.67	134
2008.69	136
2010.7	138
2012.72	154
2014.74	140
2016.75	144
2018.77	146
2020.78	148
2022.8	136
2024.81	140
2026.83	154
2028.84	140
2030.85	142
2032.86	132
2034.87	144
2036.88	132
2038.89	148
2040.9	148
2042.91	154
2044.91	144
2046.92	160
2048.93	146
2050.93	152
2052.94	138
2054.94	156
2056.95	150
2058.95	124
2060.95	154
2062.95	142
2064.96	140
2066.96	142
2068.96	162
2070.96	146
2072.96	148
2074.95	138
2076.95	142
2078.95	132
2080.95	156
2082.94	142
2084.94	136
2086.93	160
2088.93	146
2090.92	144
2092.91	142
2094.91	156
2096.9	148
2098.89	120
2100.88	148
2102.87	140
2104.86	134
2106.85	144
2108.84	138
2110.83	130
2112.81	142
2114.8	144
2116.78	136
2118.77	146
2120.75	156
2122.74	144
2124.72	132
2126.71	142
2128.69	126
2130.67	132
2132.65	148
2134.63	152
2136.61	146
2138.59	136
2140.57	136
2142.55	152
2144.53	132
2146.5	148
2148.48	142
2150.46	152
2152.43	146
2154.41	142
2156.38	140
2158.35	154
2160.33	130
2162.3	146
2164.27	152
2166.24	142
2168.21	154
2170.18	138
2172.15	138
2174.12	142
2176.09	136
2178.06	148
2180.03	138
2181.99	146
2183.96	144
2185.92	150
2187.89	138
2189.85	142
2191.82	152
2193.78	138
2195.74	134
2197.7	128
2199.67	152
2201.63	132
2203.59	150
2205.55	130
2207.51	134
2209.46	132
2211.42	126
2213.38	148
2215.34	148
2217.29	130
2219.25	132
2221.2	136
2223.16	136
2225.11	152
2227.06	138
2229.02	136
2230.97	128
2232.92	136
2234.87	134
2236.82	140
2238.77	140
2240.72	140
2242.67	146
2244.62	134
2246.57	132
2248.51	130
2250.46	142
2252.4	146
2254.35	148
2256.29	134
2258.24	150
2260.18	142
2262.13	140
2264.07	136
2266.01	134
2267.95	144
2269.89	138
2271.83	138
2273.77	144
2275.71	148
2277.65	136
2279.58	138
2281.52	134
2283.46	132
2285.4	136
2287.33	136
2289.27	144
2291.2	140
2293.13	142
2295.07	144
2297	138
2298.93	146
2300.86	134
2302.79	146
2304.72	150
2306.65	152
2308.58	146
2310.51	142
2312.44	146
2314.37	166
2316.29	154
2318.22	142
2320.15	142
2322.07	136
2324	144
2325.92	138
2327.84	136
2329.77	150
2331.69	140
2333.61	142
2335.53	134
2337.45	146
2339.37	140
2341.29	146
2343.21	134
2345.13	132
2347.05	148
2348.97	150
2350.88	132
2352.8	144
2354.71	140
2356.63	138
2358.54	144
2360.46	130
2362.37	136
2364.28	146
2366.2	148
2368.11	150
2370.02	148
2371.93	144
2373.84	148
2375.75	142
2377.66	144
2379.57	148
2381.47	142
2383.38	144
2385.29	140
2387.2	142
2389.1	136
2391.01	142
2392.91	142
2394.81	148
2396.72	134
2398.62	144
2400.52	140
2402.42	150
2404.33	150
2406.23	136
2408.13	148
2410.03	148
2411.92	134
2413.82	134
2415.72	136
2417.62	152
2419.51	130
2421.41	134
2423.31	130
2425.2	138
2427.1	138
2428.99	142
2430.88	132
2432.78	140
2434.67	136
2436.56	136
2438.45	144
2440.34	134
2442.23	142
2444.12	136
2446.01	130
2447.9	138
2449.79	140
