182.393	798
184.993	770
187.593	768
190.193	722
192.79	738
195.387	738
197.983	688
200.578	702
203.174	684
205.766	668
208.36	692
210.951	672
213.542	664
216.131	666
218.721	700
221.309	710
223.897	724
226.483	768
229.069	922
231.654	1018
234.238	1148
236.821	1126
239.404	1070
241.984	962
244.566	862
247.145	734
249.723	642
252.302	562
254.878	488
257.455	440
260.03	418
262.604	340
265.178	364
267.75	344
270.322	336
272.893	332
275.463	358
278.032	306
280.601	308
283.168	348
285.734	372
288.301	372
290.866	440
293.429	502
295.992	522
298.556	512
301.117	466
303.677	420
306.236	396
308.795	394
311.354	382
313.911	394
316.467	352
319.022	334
321.577	328
324.13	346
326.684	362
329.236	358
331.787	374
334.337	400
336.887	376
339.435	366
341.983	372
344.529	338
347.075	360
349.621	350
352.165	342
354.708	334
357.251	366
359.793	330
362.334	326
364.874	318
367.413	318
369.951	334
372.489	314
375.026	308
377.562	306
380.097	308
382.631	300
385.164	260
387.697	262
390.229	298
392.76	276
395.29	274
397.819	316
400.346	280
402.873	280
405.4	308
407.926	308
410.451	360
412.976	362
415.499	370
418.02	404
420.542	350
423.063	308
425.583	270
428.101	276
430.619	254
433.137	256
435.654	232
438.169	208
440.684	228
443.198	212
445.712	228
448.223	220
450.735	220
453.246	220
455.755	192
458.264	214
460.771	224
463.279	218
465.786	232
468.291	254
470.796	262
473.301	290
475.803	338
478.306	356
480.807	382
483.308	402
485.807	430
488.307	376
490.804	338
493.302	294
495.798	264
498.294	242
500.788	238
503.283	232
505.775	246
508.269	240
510.759	282
513.251	346
515.74	330
518.23	320
520.718	274
523.204	296
525.692	274
528.177	366
530.663	390
533.147	446
535.629	482
538.113	580
540.594	586
543.074	566
545.555	510
548.034	406
550.512	338
552.989	344
555.467	362
557.942	378
560.417	490
562.892	642
565.365	982
567.838	1522
570.309	2182
572.78	2276
575.251	1844
577.72	1148
580.189	730
582.656	512
585.123	480
587.589	470
590.055	422
592.52	428
594.983	406
597.446	368
599.908	346
602.369	308
604.829	256
607.289	246
609.747	258
612.205	270
614.663	274
617.119	344
619.574	456
622.029	550
624.483	446
626.936	352
629.389	304
631.84	290
634.291	328
636.741	312
639.19	312
641.639	292
644.086	262
646.533	252
648.979	226
651.424	224
653.869	228
656.313	228
658.754	218
661.196	208
663.638	190
666.078	194
668.518	202
670.957	208
673.394	202
675.831	218
678.268	204
680.703	202
683.137	194
685.571	198
688.005	200
690.437	178
692.868	202
695.299	198
697.729	216
700.159	200
702.586	202
705.014	240
707.441	244
709.866	206
712.292	250
714.716	252
717.14	262
719.563	258
721.984	246
724.406	254
726.825	258
729.246	236
731.665	252
734.082	240
736.5	268
738.916	286
741.332	290
743.746	332
746.161	352
748.574	392
750.987	374
753.398	354
755.81	372
758.219	354
760.629	334
763.037	310
765.445	288
767.852	288
770.258	302
772.664	314
775.068	316
777.472	322
779.876	310
782.278	334
784.679	324
787.08	314
789.48	342
791.879	344
794.278	324
796.675	350
799.072	300
801.467	298
803.864	302
806.258	262
808.651	276
811.044	276
813.437	250
815.828	270
818.218	276
820.608	256
822.997	272
825.385	286
827.773	358
830.16	506
832.546	712
834.931	774
837.315	598
839.699	414
842.081	338
844.463	312
846.844	296
849.226	276
851.606	276
853.985	268
856.363	278
858.741	262
861.117	252
863.493	248
865.868	262
868.243	242
870.616	248
872.989	248
875.36	216
877.731	246
880.102	242
882.472	228
884.841	228
887.209	234
889.577	234
891.944	244
894.31	230
896.674	246
899.039	226
901.403	242
903.766	232
906.128	248
908.49	240
910.849	232
913.209	236
915.569	220
917.927	240
920.284	222
922.641	224
924.997	212
927.353	238
929.707	246
932.061	224
934.414	220
936.765	232
939.117	234
941.469	262
943.818	262
946.167	266
948.515	310
950.863	360
953.211	424
955.556	540
957.902	608
960.246	662
962.59	670
964.933	616
967.276	512
969.617	458
971.958	390
974.298	384
976.638	318
978.976	320
981.314	296
983.651	330
985.988	372
988.323	398
990.659	460
992.992	514
995.325	660
997.658	1010
999.99	1804
1002.32	2260
1004.65	1692
1006.98	850
1009.31	480
1011.64	324
1013.97	300
1016.29	282
1018.62	298
1020.94	324
1023.27	388
1025.59	484
1027.91	612
1030.24	780
1032.56	808
1034.88	674
1037.2	584
1039.52	434
1041.84	362
1044.15	324
1046.47	314
1048.79	310
1051.1	288
1053.42	268
1055.73	300
1058.04	282
1060.36	270
1062.67	282
1064.98	272
1067.29	298
1069.6	284
1071.91	282
1074.22	288
1076.52	276
1078.83	300
1081.14	268
1083.44	296
1085.75	272
1088.05	272
1090.35	284
1092.65	288
1094.95	280
1097.26	298
1099.56	294
1101.86	320
1104.15	302
1106.45	360
1108.75	484
1111.05	612
1113.34	668
1115.64	528
1117.93	426
1120.22	324
1122.52	292
1124.81	286
1127.1	256
1129.39	260
1131.68	248
1133.97	234
1136.26	240
1138.54	264
1140.83	256
1143.12	284
1145.4	278
1147.69	308
1149.97	324
1152.25	368
1154.54	438
1156.82	452
1159.1	404
1161.38	362
1163.66	342
1165.94	330
1168.22	302
1170.49	320
1172.77	340
1175.05	356
1177.32	448
1179.6	560
1181.87	622
1184.14	672
1186.42	682
1188.69	678
1190.96	606
1193.23	614
1195.5	600
1197.77	626
1200.03	628
1202.3	598
1204.57	582
1206.83	536
1209.1	454
1211.36	424
1213.63	348
1215.89	326
1218.15	308
1220.41	290
1222.67	298
1224.93	316
1227.19	320
1229.45	350
1231.71	342
1233.97	338
1236.22	300
1238.48	272
1240.73	288
1242.99	260
1245.24	264
1247.5	274
1249.75	252
1252	266
1254.25	248
1256.5	248
1258.75	276
1261	258
1263.25	280
1265.49	246
1267.74	260
1269.99	276
1272.23	262
1274.48	294
1276.72	284
1278.96	300
1281.21	308
1283.45	320
1285.69	346
1287.93	362
1290.17	412
1292.41	418
1294.64	472
1296.88	584
1299.12	740
1301.36	996
1303.59	1258
1305.82	1406
1308.06	1272
1310.29	938
1312.52	736
1314.76	594
1316.99	522
1319.22	484
1321.45	434
1323.68	422
1325.9	440
1328.13	454
1330.36	444
1332.58	404
1334.81	390
1337.04	372
1339.26	354
1341.48	328
1343.71	320
1345.93	340
1348.15	338
1350.37	346
1352.59	336
1354.81	328
1357.03	332
1359.24	324
1361.46	316
1363.68	304
1365.89	334
1368.11	326
1370.32	360
1372.54	442
1374.75	576
1376.96	690
1379.17	770
1381.38	784
1383.59	668
1385.8	552
1388.01	418
1390.22	352
1392.43	268
1394.63	284
1396.84	266
1399.05	258
1401.25	248
1403.45	248
1405.66	264
1407.86	264
1410.06	260
1412.26	280
1414.46	266
1416.66	294
1418.86	294
1421.06	300
1423.26	336
1425.46	338
1427.65	336
1429.85	376
1432.04	358
1434.24	366
1436.43	434
1438.62	454
1440.82	452
1443.01	456
1445.2	436
1447.39	446
1449.58	458
1451.77	432
1453.95	434
1456.14	404
1458.33	352
1460.52	342
1462.7	338
1464.89	314
1467.07	308
1469.25	312
1471.44	322
1473.62	282
1475.8	292
1477.98	292
1480.16	300
1482.34	300
1484.52	288
1486.7	258
1488.87	274
1491.05	270
1493.23	272
1495.4	278
1497.58	262
1499.75	254
1501.92	266
1504.1	246
1506.27	250
1508.44	244
1510.61	244
1512.78	252
1514.95	234
1517.12	242
1519.28	232
1521.45	256
1523.62	236
1525.78	252
1527.95	250
1530.11	232
1532.28	246
1534.44	252
1536.6	244
1538.76	250
1540.93	242
1543.09	232
1545.25	240
1547.41	254
1549.56	256
1551.72	262
1553.88	280
1556.03	262
1558.19	282
1560.35	262
1562.5	270
1564.65	278
1566.81	272
1568.96	298
1571.11	302
1573.26	328
1575.41	348
1577.56	354
1579.71	452
1581.86	534
1584.01	600
1586.15	614
1588.3	576
1590.45	628
1592.59	684
1594.74	822
1596.88	1002
1599.02	1202
1601.17	1342
1603.31	1378
1605.45	1288
1607.59	1114
1609.73	906
1611.87	772
1614.01	626
1616.14	568
1618.28	474
1620.42	422
1622.55	356
1624.69	348
1626.82	318
1628.96	290
1631.09	268
1633.22	286
1635.36	258
1637.49	256
1639.62	246
1641.75	242
1643.88	256
1646	268
1648.13	270
1650.26	234
1652.39	234
1654.51	230
1656.64	232
1658.76	230
1660.89	226
1663.01	206
1665.13	232
1667.26	222
1669.38	218
1671.5	222
1673.62	214
1675.74	218
1677.86	230
1679.97	210
1682.09	216
1684.21	214
1686.33	218
1688.44	218
1690.56	214
1692.67	214
1694.78	222
1696.9	210
1699.01	210
1701.12	208
1703.23	232
1705.34	214
1707.45	216
1709.56	214
1711.67	208
1713.78	216
1715.88	196
1717.99	204
1720.1	210
1722.2	220
1724.31	200
1726.41	210
1728.51	206
1730.62	196
1732.72	202
1734.82	206
1736.92	192
1739.02	186
1741.12	198
1743.22	188
1745.32	202
1747.42	180
1749.51	188
1751.61	196
1753.7	196
1755.8	184
1757.89	192
1759.99	172
1762.08	194
1764.17	182
1766.26	196
1768.36	186
1770.45	190
1772.54	198
1774.62	196
1776.71	180
1778.8	190
1780.89	186
1782.98	182
1785.06	188
1787.15	188
1789.23	194
1791.32	186
1793.4	180
1795.48	204
1797.56	188
1799.65	188
1801.73	200
1803.81	176
1805.89	196
1807.97	190
1810.04	202
1812.12	192
1814.2	196
1816.28	184
1818.35	182
1820.43	176
1822.5	192
1824.58	186
1826.65	208
1828.72	186
1830.79	186
1832.86	194
1834.94	176
1837.01	196
1839.08	182
1841.15	176
1843.21	176
1845.28	192
1847.35	192
1849.41	184
1851.48	202
1853.55	206
1855.61	190
1857.67	190
1859.74	180
1861.8	178
1863.86	176
1865.92	174
1867.98	172
1870.05	162
1872.1	180
1874.16	180
1876.22	186
1878.28	174
1880.34	174
1882.39	178
1884.45	188
1886.5	188
1888.56	188
1890.61	182
1892.67	186
1894.72	176
1896.77	186
1898.82	192
1900.87	166
1902.92	186
1904.97	188
1907.02	166
1909.07	180
1911.12	198
1913.17	204
1915.21	190
1917.26	188
1919.3	196
1921.35	178
1923.39	202
1925.43	188
1927.48	174
1929.52	200
1931.56	198
1933.6	190
1935.64	194
1937.68	178
1939.72	174
1941.76	206
1943.8	186
1945.83	182
1947.87	212
1949.91	184
1951.94	176
1953.98	188
1956.01	176
1958.05	174
1960.08	170
1962.11	180
1964.14	178
1966.17	176
1968.2	170
1970.23	190
1972.26	186
1974.29	188
1976.32	176
1978.35	176
1980.37	182
1982.4	196
1984.43	188
1986.45	194
1988.48	182
1990.5	168
1992.52	166
1994.55	172
1996.57	168
1998.59	200
2000.61	162
2002.63	178
2004.65	176
2006.67	174
2008.69	178
2010.7	172
2012.72	174
2014.74	178
2016.75	190
2018.77	170
2020.78	156
2022.8	178
2024.81	176
2026.83	170
2028.84	180
2030.85	158
2032.86	174
2034.87	174
2036.88	186
2038.89	176
2040.9	168
2042.91	170
2044.91	166
2046.92	172
2048.93	162
2050.93	182
2052.94	168
2054.94	158
2056.95	172
2058.95	182
2060.95	184
2062.95	180
2064.96	176
2066.96	166
2068.96	168
2070.96	172
2072.96	156
2074.95	182
2076.95	172
2078.95	164
2080.95	176
2082.94	166
2084.94	170
2086.93	164
2088.93	180
2090.92	170
2092.91	162
2094.91	174
2096.9	166
2098.89	158
2100.88	176
2102.87	180
2104.86	150
2106.85	178
2108.84	178
2110.83	170
2112.81	184
2114.8	156
2116.78	184
2118.77	166
2120.75	160
2122.74	172
2124.72	164
2126.71	158
2128.69	178
2130.67	170
2132.65	186
2134.63	162
2136.61	164
2138.59	156
2140.57	176
2142.55	162
2144.53	170
2146.5	172
2148.48	168
2150.46	156
2152.43	168
2154.41	166
2156.38	174
2158.35	172
2160.33	182
2162.3	160
2164.27	168
2166.24	156
2168.21	176
2170.18	162
2172.15	160
2174.12	172
2176.09	164
2178.06	158
2180.03	158
2181.99	162
2183.96	168
2185.92	172
2187.89	170
2189.85	178
2191.82	162
2193.78	164
2195.74	178
2197.7	172
2199.67	176
2201.63	168
2203.59	166
2205.55	154
2207.51	162
2209.46	168
2211.42	154
2213.38	156
2215.34	158
2217.29	140
2219.25	172
2221.2	164
2223.16	158
2225.11	160
2227.06	158
2229.02	156
2230.97	168
2232.92	162
2234.87	164
2236.82	154
2238.77	160
2240.72	156
2242.67	154
2244.62	164
2246.57	158
2248.51	162
2250.46	158
2252.4	164
2254.35	164
2256.29	148
2258.24	152
2260.18	164
2262.13	164
2264.07	162
2266.01	164
2267.95	160
2269.89	176
2271.83	154
2273.77	156
2275.71	158
2277.65	162
2279.58	158
2281.52	148
2283.46	160
2285.4	168
2287.33	178
2289.27	154
2291.2	148
2293.13	162
2295.07	166
2297	158
2298.93	172
2300.86	164
2302.79	164
2304.72	154
2306.65	162
2308.58	158
2310.51	170
2312.44	166
2314.37	156
2316.29	144
2318.22	144
2320.15	152
2322.07	170
2324	158
2325.92	146
2327.84	158
2329.77	168
2331.69	164
2333.61	166
2335.53	164
2337.45	160
2339.37	154
2341.29	144
2343.21	156
2345.13	162
2347.05	162
2348.97	160
2350.88	168
2352.8	152
2354.71	156
2356.63	154
2358.54	152
2360.46	158
2362.37	148
2364.28	170
2366.2	152
2368.11	172
2370.02	174
2371.93	156
2373.84	156
2375.75	156
2377.66	150
2379.57	166
2381.47	174
2383.38	150
2385.29	168
2387.2	166
2389.1	144
2391.01	168
2392.91	156
2394.81	152
2396.72	148
2398.62	172
2400.52	162
2402.42	158
2404.33	158
2406.23	154
2408.13	162
2410.03	160
2411.92	164
2413.82	154
2415.72	164
2417.62	150
2419.51	150
2421.41	156
2423.31	150
2425.2	156
2427.1	158
2428.99	148
2430.88	146
2432.78	152
2434.67	166
2436.56	146
2438.45	162
2440.34	146
2442.23	166
2444.12	144
2446.01	156
2447.9	154
2449.79	138
