182.393	614
184.993	608
187.593	590
190.193	584
192.79	552
195.387	548
197.983	538
200.578	532
203.174	520
205.766	536
208.36	510
210.951	526
213.542	532
216.131	536
218.721	518
221.309	546
223.897	598
226.483	608
229.069	682
231.654	784
234.238	786
236.821	836
239.404	782
241.984	738
244.566	632
247.145	546
249.723	450
252.302	400
254.878	366
257.455	342
260.03	292
262.604	292
265.178	252
267.75	240
270.322	242
272.893	238
275.463	220
278.032	226
280.601	234
283.168	238
285.734	258
288.301	276
290.866	314
293.429	340
295.992	384
298.556	348
301.117	356
303.677	320
306.236	284
308.795	284
311.354	284
313.911	254
316.467	260
319.022	222
321.577	256
324.13	254
326.684	240
329.236	272
331.787	272
334.337	280
336.887	256
339.435	262
341.983	258
344.529	240
347.075	242
349.621	270
352.165	252
354.708	248
357.251	246
359.793	250
362.334	230
364.874	224
367.413	214
369.951	216
372.489	212
375.026	228
377.562	232
380.097	214
382.631	226
385.164	210
387.697	212
390.229	214
392.76	202
395.29	206
397.819	202
400.346	214
402.873	220
405.4	222
407.926	228
410.451	262
412.976	292
415.499	276
418.02	254
420.542	236
423.063	226
425.583	210
428.101	190
430.619	182
433.137	190
435.654	176
438.169	162
440.684	168
443.198	170
445.712	158
448.223	152
450.735	140
453.246	150
455.755	134
458.264	152
460.771	150
463.279	164
465.786	156
468.291	170
470.796	192
473.301	220
475.803	220
478.306	248
480.807	268
483.308	294
485.807	278
488.307	258
490.804	240
493.302	214
495.798	200
498.294	172
500.788	176
503.283	152
505.775	178
508.269	178
510.759	206
513.251	236
515.74	258
518.23	206
520.718	210
523.204	206
525.692	228
528.177	244
530.663	266
533.147	336
535.629	380
538.113	414
540.594	424
543.074	422
545.555	366
548.034	314
550.512	250
552.989	288
555.467	276
557.942	310
560.417	346
562.892	492
565.365	780
567.838	1180
570.309	1628
572.78	1704
575.251	1334
577.72	874
580.189	514
582.656	394
585.123	368
587.589	356
590.055	338
592.52	334
594.983	300
597.446	288
599.908	232
602.369	222
604.829	212
607.289	196
609.747	188
612.205	180
614.663	198
617.119	262
619.574	358
622.029	444
624.483	356
626.936	236
629.389	228
631.84	222
634.291	234
636.741	214
639.19	194
641.639	186
644.086	190
646.533	192
648.979	166
651.424	172
653.869	164
656.313	158
658.754	156
661.196	146
663.638	162
666.078	134
668.518	144
670.957	138
673.394	142
675.831	134
678.268	130
680.703	136
683.137	136
685.571	140
688.005	140
690.437	136
692.868	130
695.299	134
697.729	136
700.159	136
702.586	168
705.014	158
707.441	164
709.866	162
712.292	168
714.716	174
717.14	166
719.563	184
721.984	180
724.406	178
726.825	186
729.246	190
731.665	196
734.082	202
736.5	204
738.916	222
741.332	238
743.746	240
746.161	254
748.574	260
750.987	272
753.398	258
755.81	272
758.219	266
760.629	252
763.037	240
765.445	218
767.852	230
770.258	232
772.664	216
775.068	214
777.472	222
779.876	246
782.278	232
784.679	258
787.08	264
789.48	266
791.879	278
794.278	276
796.675	250
799.072	264
801.467	232
803.864	234
806.258	210
808.651	204
811.044	190
813.437	204
815.828	196
818.218	186
820.608	192
822.997	200
825.385	226
827.773	282
830.16	416
832.546	570
834.931	630
837.315	422
839.699	312
842.081	256
844.463	228
846.844	224
849.226	222
851.606	210
853.985	200
856.363	216
858.741	192
861.117	182
863.493	176
865.868	184
868.243	180
870.616	176
872.989	182
875.36	162
877.731	172
880.102	168
882.472	180
884.841	184
887.209	176
889.577	172
891.944	166
894.31	178
896.674	162
899.039	176
901.403	178
903.766	178
906.128	178
908.49	202
910.849	174
913.209	172
915.569	150
917.927	160
920.284	174
922.641	160
924.997	164
927.353	172
929.707	166
932.061	158
934.414	172
936.765	176
939.117	172
941.469	178
943.818	200
946.167	210
948.515	224
950.863	274
953.211	306
955.556	388
957.902	490
960.246	490
962.59	484
964.933	454
967.276	374
969.617	354
971.958	312
974.298	268
976.638	246
978.976	234
981.314	222
983.651	260
985.988	264
988.323	322
990.659	380
992.992	418
995.325	510
997.658	876
999.99	1598
1002.32	2062
1004.65	1444
1006.98	710
1009.31	372
1011.64	268
1013.97	236
1016.29	238
1018.62	242
1020.94	254
1023.27	296
1025.59	378
1027.91	538
1030.24	666
1032.56	702
1034.88	574
1037.2	424
1039.52	340
1041.84	308
1044.15	276
1046.47	234
1048.79	226
1051.1	214
1053.42	204
1055.73	192
1058.04	218
1060.36	230
1062.67	212
1064.98	206
1067.29	228
1069.6	214
1071.91	216
1074.22	206
1076.52	208
1078.83	220
1081.14	210
1083.44	218
1085.75	210
1088.05	196
1090.35	224
1092.65	210
1094.95	208
1097.26	204
1099.56	204
1101.86	218
1104.15	238
1106.45	270
1108.75	336
1111.05	480
1113.34	476
1115.64	428
1117.93	322
1120.22	254
1122.52	224
1124.81	210
1127.1	186
1129.39	174
1131.68	182
1133.97	178
1136.26	182
1138.54	194
1140.83	178
1143.12	202
1145.4	230
1147.69	228
1149.97	254
1152.25	302
1154.54	360
1156.82	370
1159.1	298
1161.38	272
1163.66	272
1165.94	254
1168.22	246
1170.49	248
1172.77	284
1175.05	286
1177.32	350
1179.6	434
1181.87	520
1184.14	548
1186.42	570
1188.69	550
1190.96	522
1193.23	482
1195.5	496
1197.77	512
1200.03	492
1202.3	484
1204.57	468
1206.83	412
1209.1	384
1211.36	310
1213.63	266
1215.89	268
1218.15	228
1220.41	232
1222.67	242
1224.93	232
1227.19	262
1229.45	268
1231.71	258
1233.97	242
1236.22	214
1238.48	178
1240.73	184
1242.99	186
1245.24	204
1247.5	204
1249.75	192
1252	190
1254.25	188
1256.5	200
1258.75	204
1261	200
1263.25	198
1265.49	202
1267.74	206
1269.99	220
1272.23	202
1274.48	206
1276.72	218
1278.96	216
1281.21	226
1283.45	260
1285.69	258
1287.93	266
1290.17	280
1292.41	304
1294.64	380
1296.88	418
1299.12	594
1301.36	768
1303.59	1022
1305.82	1100
1308.06	968
1310.29	692
1312.52	554
1314.76	442
1316.99	400
1319.22	358
1321.45	362
1323.68	350
1325.9	332
1328.13	346
1330.36	318
1332.58	312
1334.81	286
1337.04	294
1339.26	264
1341.48	248
1343.71	268
1345.93	264
1348.15	276
1350.37	264
1352.59	280
1354.81	258
1357.03	246
1359.24	220
1361.46	234
1363.68	238
1365.89	226
1368.11	246
1370.32	274
1372.54	336
1374.75	460
1376.96	534
1379.17	602
1381.38	610
1383.59	542
1385.8	412
1388.01	322
1390.22	260
1392.43	196
1394.63	210
1396.84	190
1399.05	200
1401.25	188
1403.45	206
1405.66	184
1407.86	184
1410.06	204
1412.26	200
1414.46	200
1416.66	214
1418.86	234
1421.06	234
1423.26	250
1425.46	244
1427.65	256
1429.85	280
1432.04	288
1434.24	306
1436.43	334
1438.62	310
1440.82	342
1443.01	358
1445.2	346
1447.39	366
1449.58	338
1451.77	350
1453.95	318
1456.14	294
1458.33	274
1460.52	272
1462.7	258
1464.89	238
1467.07	260
1469.25	242
1471.44	230
1473.62	220
1475.8	226
1477.98	204
1480.16	226
1482.34	230
1484.52	214
1486.7	196
1488.87	192
1491.05	198
1493.23	220
1495.4	192
1497.58	184
1499.75	188
1501.92	184
1504.1	192
1506.27	176
1508.44	170
1510.61	184
1512.78	178
1514.95	172
1517.12	186
1519.28	196
1521.45	192
1523.62	176
1525.78	166
1527.95	180
1530.11	170
1532.28	186
1534.44	194
1536.6	192
1538.76	174
1540.93	176
1543.09	176
1545.25	190
1547.41	184
1549.56	172
1551.72	178
1553.88	198
1556.03	186
1558.19	200
1560.35	214
1562.5	192
1564.65	212
1566.81	210
1568.96	212
1571.11	228
1573.26	238
1575.41	276
1577.56	298
1579.71	382
1581.86	430
1584.01	494
1586.15	476
1588.3	464
1590.45	504
1592.59	562
1594.74	658
1596.88	792
1599.02	974
1601.17	1094
1603.31	1192
1605.45	1012
1607.59	852
1609.73	728
1611.87	588
1614.01	478
1616.14	410
1618.28	368
1620.42	326
1622.55	270
1624.69	260
1626.82	238
1628.96	218
1631.09	208
1633.22	198
1635.36	182
1637.49	182
1639.62	166
1641.75	188
1643.88	182
1646	180
1648.13	166
1650.26	196
1652.39	190
1654.51	168
1656.64	158
1658.76	154
1660.89	156
1663.01	172
1665.13	162
1667.26	162
1669.38	176
1671.5	166
1673.62	148
1675.74	160
1677.86	158
1679.97	168
1682.09	172
1684.21	156
1686.33	168
1688.44	156
1690.56	166
1692.67	160
1694.78	174
1696.9	148
1699.01	172
1701.12	162
1703.23	158
1705.34	154
1707.45	170
1709.56	162
1711.67	152
1713.78	148
1715.88	170
1717.99	154
1720.1	152
1722.2	142
1724.31	130
1726.41	148
1728.51	148
1730.62	142
1732.72	136
1734.82	138
1736.92	140
1739.02	156
1741.12	140
1743.22	142
1745.32	150
1747.42	150
1749.51	130
1751.61	134
1753.7	144
1755.8	148
1757.89	146
1759.99	142
1762.08	146
1764.17	154
1766.26	140
1768.36	140
1770.45	144
1772.54	150
1774.62	128
1776.71	140
1778.8	136
1780.89	136
1782.98	148
1785.06	144
1787.15	138
1789.23	142
1791.32	134
1793.4	130
1795.48	140
1797.56	132
1799.65	136
1801.73	150
1803.81	136
1805.89	150
1807.97	154
1810.04	140
1812.12	148
1814.2	138
1816.28	128
1818.35	148
1820.43	142
1822.5	140
1824.58	136
1826.65	150
1828.72	134
1830.79	138
1832.86	156
1834.94	146
1837.01	120
1839.08	144
1841.15	134
1843.21	134
1845.28	120
1847.35	142
1849.41	142
1851.48	136
1853.55	146
1855.61	140
1857.67	140
1859.74	146
1861.8	140
1863.86	126
1865.92	126
1867.98	148
1870.05	138
1872.1	138
1874.16	138
1876.22	146
1878.28	130
1880.34	132
1882.39	146
1884.45	128
1886.5	138
1888.56	142
1890.61	130
1892.67	140
1894.72	130
1896.77	130
1898.82	130
1900.87	134
1902.92	138
1904.97	130
1907.02	130
1909.07	136
1911.12	144
1913.17	140
1915.21	140
1917.26	144
1919.3	136
1921.35	142
1923.39	136
1925.43	160
1927.48	148
1929.52	144
1931.56	138
1933.6	134
1935.64	122
1937.68	144
1939.72	130
1941.76	136
1943.8	132
1945.83	134
1947.87	128
1949.91	132
1951.94	130
1953.98	146
1956.01	130
1958.05	142
1960.08	138
1962.11	136
1964.14	124
1966.17	136
1968.2	114
1970.23	134
1972.26	138
1974.29	138
1976.32	130
1978.35	130
1980.37	136
1982.4	136
1984.43	136
1986.45	126
1988.48	140
1990.5	126
1992.52	130
1994.55	128
1996.57	130
1998.59	132
2000.61	120
2002.63	132
2004.65	120
2006.67	128
2008.69	124
2010.7	130
2012.72	140
2014.74	126
2016.75	130
2018.77	134
2020.78	130
2022.8	114
2024.81	128
2026.83	132
2028.84	126
2030.85	128
2032.86	126
2034.87	126
2036.88	128
2038.89	132
2040.9	148
2042.91	130
2044.91	136
2046.92	148
2048.93	132
2050.93	122
2052.94	120
2054.94	130
2056.95	134
2058.95	134
2060.95	142
2062.95	122
2064.96	124
2066.96	128
2068.96	126
2070.96	120
2072.96	144
2074.95	124
2076.95	132
2078.95	128
2080.95	122
2082.94	146
2084.94	128
2086.93	136
2088.93	120
2090.92	132
2092.91	140
2094.91	126
2096.9	126
2098.89	132
2100.88	128
2102.87	126
2104.86	134
2106.85	140
2108.84	122
2110.83	128
2112.81	120
2114.8	120
2116.78	124
2118.77	132
2120.75	130
2122.74	122
2124.72	120
2126.71	128
2128.69	132
2130.67	116
2132.65	116
2134.63	138
2136.61	130
2138.59	142
2140.57	132
2142.55	126
2144.53	124
2146.5	138
2148.48	126
2150.46	146
2152.43	132
2154.41	134
2156.38	120
2158.35	120
2160.33	128
2162.3	124
2164.27	120
2166.24	128
2168.21	132
2170.18	132
2172.15	128
2174.12	124
2176.09	150
2178.06	118
2180.03	118
2181.99	134
2183.96	134
2185.92	128
2187.89	126
2189.85	130
2191.82	120
2193.78	138
2195.74	130
2197.7	124
2199.67	126
2201.63	136
2203.59	134
2205.55	134
2207.51	122
2209.46	118
2211.42	120
2213.38	124
2215.34	126
2217.29	128
2219.25	112
2221.2	126
2223.16	118
2225.11	130
2227.06	128
2229.02	124
2230.97	128
2232.92	126
2234.87	122
2236.82	128
2238.77	124
2240.72	128
2242.67	142
2244.62	126
2246.57	134
2248.51	132
2250.46	124
2252.4	122
2254.35	126
2256.29	116
2258.24	126
2260.18	130
2262.13	126
2264.07	116
2266.01	144
2267.95	126
2269.89	118
2271.83	142
2273.77	124
2275.71	128
2277.65	118
2279.58	122
2281.52	120
2283.46	120
2285.4	142
2287.33	112
2289.27	128
2291.2	128
2293.13	130
2295.07	126
2297	120
2298.93	120
2300.86	130
2302.79	124
2304.72	124
2306.65	142
2308.58	134
2310.51	120
2312.44	128
2314.37	130
2316.29	126
2318.22	126
2320.15	146
2322.07	128
2324	126
2325.92	124
2327.84	122
2329.77	120
2331.69	122
2333.61	122
2335.53	128
2337.45	124
2339.37	130
2341.29	134
2343.21	128
2345.13	136
2347.05	116
2348.97	128
2350.88	120
2352.8	128
2354.71	110
2356.63	116
2358.54	110
2360.46	112
2362.37	126
2364.28	118
2366.2	124
2368.11	132
2370.02	124
2371.93	138
2373.84	112
2375.75	122
2377.66	120
2379.57	134
2381.47	124
2383.38	122
2385.29	114
2387.2	122
2389.1	128
2391.01	128
2392.91	122
2394.81	120
2396.72	126
2398.62	122
2400.52	128
2402.42	128
2404.33	126
2406.23	124
2408.13	124
2410.03	116
2411.92	114
2413.82	126
2415.72	120
2417.62	124
2419.51	122
2421.41	110
2423.31	124
2425.2	116
2427.1	122
2428.99	120
2430.88	130
2432.78	116
2434.67	134
2436.56	116
2438.45	116
2440.34	110
2442.23	132
2444.12	130
2446.01	122
2447.9	136
2449.79	118
