204.377	642
206.045	656
207.713	648
209.38	674
211.048	652
212.715	658
214.381	660
216.047	688
217.712	696
219.377	684
221.042	690
222.706	700
224.369	740
226.032	712
227.695	740
229.357	814
231.019	858
232.68	922
234.341	912
236.001	872
237.661	838
239.321	790
240.98	730
242.639	660
244.297	598
245.955	562
247.612	476
249.268	450
250.924	410
252.58	374
254.236	346
255.891	326
257.546	328
259.2	294
260.854	294
262.507	264
264.16	268
265.812	244
267.463	238
269.115	252
270.766	236
272.417	240
274.067	246
275.717	236
277.365	238
279.014	240
280.663	242
282.311	252
283.958	254
285.605	268
287.252	276
288.898	286
290.543	312
292.188	328
293.833	336
295.477	344
297.121	330
298.765	340
300.407	314
302.05	284
303.693	286
305.334	272
306.975	266
308.615	248
310.256	254
311.896	236
313.535	240
315.175	236
316.813	228
318.451	232
320.089	230
321.726	232
323.362	246
324.999	236
326.635	246
328.271	236
329.905	250
331.54	264
333.174	270
334.807	260
336.441	248
338.074	262
339.707	240
341.338	234
342.969	244
344.601	230
346.231	216
347.861	226
349.491	222
351.12	220
352.749	208
354.378	226
356.006	226
357.633	226
359.261	208
360.887	198
362.513	206
364.139	182
365.764	198
367.39	212
369.014	202
370.638	204
372.261	202
373.884	210
375.508	194
377.13	200
378.752	194
380.373	192
381.994	194
383.615	196
385.235	184
386.854	188
388.473	200
390.092	184
391.711	186
393.328	188
394.947	206
396.564	182
398.181	202
399.797	192
401.412	200
403.027	220
404.642	212
406.257	212
407.871	222
409.484	228
411.098	244
412.711	228
414.323	240
415.935	234
417.547	226
419.158	220
420.768	192
422.378	192
423.988	174
425.597	160
427.206	162
428.814	160
430.422	138
432.03	144
433.637	140
435.243	148
436.85	148
438.456	134
440.062	140
441.666	130
443.271	134
444.876	134
446.479	126
448.082	132
449.685	120
451.287	120
452.89	106
454.492	118
456.092	120
457.693	120
459.293	124
460.893	124
462.492	118
464.092	122
465.691	128
467.288	134
468.887	126
470.483	140
472.081	154
473.677	162
475.273	168
476.869	178
478.463	196
480.059	194
481.653	190
483.247	214
484.84	222
486.433	214
488.026	190
489.618	170
491.21	156
492.801	136
494.392	134
495.983	128
497.573	122
499.162	116
500.752	120
502.341	128
503.929	128
505.517	128
507.105	126
508.692	130
510.279	148
511.865	158
513.45	182
515.037	170
516.621	164
518.206	140
519.79	148
521.374	138
522.957	144
524.54	162
526.123	166
527.705	180
529.287	192
530.868	222
532.448	240
534.029	270
535.609	302
537.188	300
538.768	302
540.346	304
541.925	306
543.502	290
545.08	262
546.657	216
548.234	196
549.81	198
551.386	198
552.961	178
554.536	186
556.11	210
557.684	228
559.258	238
560.832	270
562.405	324
563.977	418
565.55	574
567.12	768
568.692	1036
570.263	1242
571.833	1244
573.403	1042
574.973	816
576.542	576
578.111	386
579.679	314
581.247	266
582.815	250
584.382	236
585.948	226
587.514	244
589.081	210
590.645	220
592.211	212
593.775	204
595.339	182
596.904	180
598.466	156
600.03	156
601.592	152
603.154	140
604.715	140
606.277	142
607.838	134
609.398	126
610.958	134
612.518	132
614.077	150
615.636	166
617.194	234
618.753	328
620.31	450
621.867	440
623.424	314
624.98	214
626.537	180
628.092	164
629.647	150
631.202	158
632.756	148
634.31	148
635.864	148
637.417	146
638.969	140
640.521	130
642.074	122
643.625	122
645.176	110
646.726	104
648.276	110
649.827	106
651.376	108
652.925	96
654.473	82
656.021	88
657.569	96
659.117	80
660.664	88
662.21	82
663.757	84
665.302	84
666.847	84
668.392	92
669.937	92
671.481	78
673.025	78
674.568	82
676.111	88
677.653	88
679.195	82
680.737	84
682.279	84
683.82	82
685.36	80
686.9	84
688.44	84
689.979	86
691.517	84
693.056	80
694.594	86
696.132	78
697.669	88
699.206	92
700.742	90
702.278	90
703.814	88
705.35	106
706.884	100
708.419	100
709.953	92
711.487	100
713.019	106
714.552	100
716.085	110
717.617	106
719.148	100
720.68	120
722.21	106
723.741	132
725.271	120
726.8	114
728.33	120
729.858	108
731.387	126
732.915	112
734.443	128
735.97	130
737.497	144
739.023	146
740.549	146
742.075	162
743.6	162
745.125	174
746.65	178
748.173	182
749.697	194
751.22	180
752.743	190
754.266	200
755.788	196
757.309	166
758.831	174
760.351	170
761.871	162
763.392	176
764.912	166
766.431	160
767.95	146
769.468	158
770.986	150
772.504	156
774.022	162
775.538	152
777.055	150
778.571	148
780.086	170
781.602	172
783.117	188
784.632	194
786.146	184
787.659	206
789.173	222
790.685	212
792.198	228
793.71	228
795.222	210
796.733	208
798.244	216
799.755	192
801.265	184
802.775	152
804.284	144
805.793	144
807.302	138
808.81	130
810.318	132
811.826	130
813.333	130
814.84	118
816.346	122
817.851	108
819.357	112
820.862	106
822.367	110
823.871	116
825.376	130
826.878	140
828.382	162
829.885	206
831.387	300
832.889	372
834.391	360
835.892	292
837.392	212
838.893	166
840.393	160
841.893	134
843.392	148
844.891	134
846.389	132
847.888	124
849.386	126
850.882	122
852.38	120
853.876	116
855.372	118
856.868	118
858.363	126
859.858	120
861.353	110
862.847	114
864.341	104
865.834	104
867.328	106
868.82	110
870.313	110
871.805	116
873.296	102
874.787	104
876.278	106
877.769	98
879.258	98
880.748	106
882.237	94
883.726	108
885.214	96
886.702	94
888.19	96
889.677	102
891.164	100
892.651	102
894.137	100
895.623	94
897.108	92
898.593	104
900.077	106
901.562	104
903.046	116
904.529	116
906.012	110
907.495	122
908.977	116
910.459	108
911.941	104
913.422	96
914.903	104
916.383	94
917.863	88
919.343	92
920.822	84
922.301	100
923.779	106
925.257	92
926.735	92
928.213	82
929.69	90
931.166	94
932.643	94
934.119	96
935.594	94
937.069	84
938.543	90
940.018	104
941.492	106
942.966	102
944.439	114
945.911	126
947.384	120
948.856	124
950.328	140
951.799	158
953.27	172
954.741	196
956.21	218
957.68	250
959.15	274
960.619	268
962.088	264
963.556	232
965.023	226
966.491	206
967.958	186
969.425	180
970.891	162
972.357	154
973.824	144
975.288	154
976.754	134
978.218	154
979.682	140
981.146	156
982.609	168
984.072	178
985.534	180
986.997	212
988.459	260
989.92	376
991.382	452
992.842	446
994.302	438
995.763	490
997.222	688
998.681	1154
1000.14	1606
1001.6	1844
1003.06	1516
1004.52	972
1005.97	594
1007.43	354
1008.89	238
1010.34	202
1011.8	156
1013.25	146
1014.71	142
1016.16	148
1017.62	140
1019.07	140
1020.53	164
1021.98	190
1023.43	224
1024.89	256
1026.34	326
1027.79	392
1029.24	480
1030.69	518
1032.14	520
1033.59	460
1035.04	404
1036.49	308
1037.94	242
1039.39	230
1040.84	182
1042.29	180
1043.73	156
1045.18	152
1046.63	130
1048.08	144
1049.52	126
1050.97	128
1052.41	118
1053.86	128
1055.3	132
1056.75	120
1058.19	118
1059.64	118
1061.08	122
1062.52	136
1063.96	124
1065.41	120
1066.85	128
1068.29	130
1069.73	138
1071.17	132
1072.61	134
1074.05	122
1075.49	138
1076.93	130
1078.37	130
1079.81	134
1081.25	122
1082.68	120
1084.12	126
1085.56	138
1087	120
1088.43	128
1089.87	136
1091.3	136
1092.74	134
1094.17	134
1095.61	144
1097.04	130
1098.48	132
1099.91	140
1101.34	136
1102.78	136
1104.21	138
1105.64	148
1107.07	174
1108.5	198
1109.93	240
1111.36	262
1112.8	254
1114.22	224
1115.65	186
1117.08	154
1118.51	136
1119.94	148
1121.37	130
1122.8	118
1124.22	120
1125.65	122
1127.08	110
1128.5	108
1129.93	106
1131.35	114
1132.78	114
1134.2	110
1135.63	118
1137.05	110
1138.48	112
1139.9	122
1141.32	128
1142.75	134
1144.17	122
1145.59	136
1147.01	136
1148.43	138
1149.85	156
1151.27	202
1152.69	234
1154.11	270
1155.53	286
1156.95	242
1158.37	214
1159.79	208
1161.21	188
1162.62	186
1164.04	166
1165.46	170
1166.87	176
1168.29	160
1169.71	174
1171.12	172
1172.54	176
1173.95	188
1175.37	224
1176.78	258
1178.19	298
1179.61	338
1181.02	350
1182.43	382
1183.84	370
1185.26	376
1186.67	350
1188.08	364
1189.49	342
1190.9	338
1192.31	360
1193.72	358
1195.13	350
1196.54	354
1197.95	364
1199.36	356
1200.76	332
1202.17	346
1203.58	300
1204.99	314
1206.39	274
1207.8	270
1209.2	250
1210.61	224
1212.01	216
1213.42	180
1214.82	188
1216.23	196
1217.63	182
1219.03	172
1220.44	182
1221.84	164
1223.24	178
1224.64	172
1226.05	166
1227.45	174
1228.85	168
1230.25	178
1231.65	160
1233.05	180
1234.45	164
1235.85	156
1237.25	156
1238.64	148
1240.04	142
1241.44	148
1242.84	148
1244.23	150
1245.63	160
1247.03	154
1248.42	156
1249.82	142
1251.21	150
1252.61	154
1254	152
1255.4	150
1256.79	150
1258.19	144
1259.58	154
1260.97	144
1262.36	156
1263.76	164
1265.15	158
1266.54	154
1267.93	160
1269.32	154
1270.71	162
1272.1	166
1273.49	156
1274.88	160
1276.27	176
1277.66	176
1279.05	180
1280.43	172
1281.82	184
1283.21	180
1284.6	192
1285.98	186
1287.37	188
1288.75	202
1290.14	200
1291.53	208
1292.91	214
1294.29	238
1295.68	232
1297.06	260
1298.45	292
1299.83	336
1301.21	410
1302.59	482
1303.98	538
1305.36	548
1306.74	530
1308.12	462
1309.5	400
1310.88	354
1312.26	302
1313.64	280
1315.02	284
1316.4	256
1317.78	258
1319.16	278
1320.53	254
1321.91	266
1323.29	280
1324.67	266
1326.04	268
1327.42	276
1328.79	280
1330.17	274
1331.54	268
1332.92	272
1334.29	280
1335.67	256
1337.04	260
1338.42	244
1339.79	256
1341.16	258
1342.53	232
1343.91	270
1345.28	258
1346.65	240
1348.02	272
1349.39	270
1350.76	260
1352.13	260
1353.5	264
1354.87	278
1356.24	284
1357.61	254
1358.98	264
1360.34	268
1361.71	276
1363.08	270
1364.45	278
1365.81	270
1367.18	268
1368.54	288
1369.91	282
1371.28	282
1372.64	314
1374.01	334
1375.37	380
1376.73	372
1378.1	414
1379.46	408
1380.82	410
1382.19	398
1383.55	366
1384.91	344
1386.27	314
1387.63	292
1388.99	282
1390.35	272
1391.71	258
1393.07	262
1394.43	262
1395.79	242
1397.15	240
1398.51	248
1399.87	236
1401.23	240
1402.58	236
1403.94	234
1405.3	236
1406.65	236
1408.01	238
1409.37	240
1410.72	240
1412.08	238
1413.43	240
1414.79	224
1416.14	226
1417.49	240
1418.85	242
1420.2	244
1421.55	252
1422.91	254
1424.26	264
1425.61	254
1426.96	264
1428.31	254
1429.66	274
1431.01	256
1432.36	258
1433.71	264
1435.06	280
1436.41	286
1437.76	300
1439.11	300
1440.46	302
1441.81	320
1443.15	288
1444.5	282
1445.85	300
1447.19	306
1448.54	306
1449.89	308
1451.23	292
1452.58	298
1453.92	282
1455.27	272
1456.61	264
1457.95	258
1459.3	242
1460.64	232
1461.98	228
1463.33	206
1464.67	230
1466.01	226
1467.35	218
1468.69	210
1470.03	206
1471.37	204
1472.71	202
1474.05	210
1475.39	192
1476.73	210
1478.07	202
1479.41	210
1480.75	202
1482.09	204
1483.42	194
1484.76	190
1486.1	196
1487.43	196
1488.77	204
1490.11	166
1491.44	180
1492.78	190
1494.11	192
1495.45	182
1496.78	194
1498.12	188
1499.45	180
1500.78	174
1502.11	190
1503.45	180
1504.78	176
1506.11	176
1507.44	178
1508.77	182
1510.11	172
1511.44	178
1512.77	190
1514.1	170
1515.43	184
1516.76	174
1518.08	170
1519.41	182
1520.74	174
1522.07	172
1523.4	178
1524.72	172
1526.05	168
1527.38	178
1528.7	170
1530.03	164
1531.36	172
1532.68	172
1534.01	170
1535.33	154
1536.66	176
1537.98	174
1539.3	162
1540.63	180
1541.95	172
1543.27	172
1544.6	164
1545.92	176
1547.24	156
1548.56	160
1549.88	156
1551.2	170
1552.52	180
1553.84	168
1555.17	168
1556.48	182
1557.8	184
1559.12	180
1560.44	174
1561.76	172
1563.08	180
1564.4	174
1565.71	172
1567.03	184
1568.35	184
1569.66	178
1570.98	174
1572.29	204
1573.61	202
1574.93	190
1576.24	216
1577.55	224
1578.87	248
1580.18	288
1581.5	326
1582.81	340
1584.12	336
1585.43	280
1586.75	290
1588.06	282
1589.37	270
1590.68	280
1591.99	328
1593.3	338
1594.61	364
1595.92	394
1597.23	432
1598.54	532
1599.85	550
1601.16	592
1602.47	614
1603.78	564
1605.08	524
1606.39	472
1607.7	432
1609	352
1610.31	342
1611.62	320
1612.92	300
1614.23	262
1615.53	248
1616.84	210
1618.14	214
1619.45	196
1620.75	182
1622.06	192
1623.36	164
1624.66	166
1625.96	168
1627.27	170
1628.57	162
1629.87	152
1631.17	166
1632.47	162
1633.77	158
1635.07	150
1636.37	154
1637.67	158
1638.97	152
1640.27	158
1641.57	160
1642.87	144
1644.17	148
1645.47	150
1646.76	150
1648.06	150
1649.36	142
1650.66	150
1651.95	160
1653.25	148
1654.54	140
1655.84	130
1657.13	136
1658.43	144
1659.72	136
1661.02	142
1662.31	136
1663.6	126
1664.9	136
1666.19	134
1667.48	134
1668.78	130
1670.07	132
1671.36	128
1672.65	138
1673.94	128
1675.23	132
1676.52	134
1677.81	132
1679.1	134
1680.39	126
1681.68	142
1682.97	136
1684.26	132
1685.55	130
1686.83	134
1688.12	128
1689.41	148
1690.7	134
1691.98	134
1693.27	126
1694.55	134
1695.84	130
1697.13	134
1698.41	130
1699.69	122
1700.98	128
1702.26	134
