204.377	604
206.045	606
207.713	638
209.38	600
211.048	612
212.715	616
214.381	614
216.047	622
217.712	616
219.377	640
221.042	638
222.706	660
224.369	632
226.032	682
227.695	702
229.357	730
231.019	804
232.68	812
234.341	832
236.001	818
237.661	764
239.321	738
240.98	668
242.639	586
244.297	568
245.955	480
247.612	432
249.268	396
250.924	356
252.58	364
254.236	324
255.891	306
257.546	278
259.2	268
260.854	260
262.507	238
264.16	242
265.812	236
267.463	232
269.115	236
270.766	218
272.417	214
274.067	218
275.717	210
277.365	220
279.014	206
280.663	210
282.311	228
283.958	232
285.605	220
287.252	228
288.898	258
290.543	258
292.188	288
293.833	316
295.477	302
297.121	290
298.765	292
300.407	276
302.05	268
303.693	244
305.334	250
306.975	230
308.615	228
310.256	226
311.896	210
313.535	208
315.175	212
316.813	216
318.451	204
320.089	186
321.726	216
323.362	202
324.999	190
326.635	222
328.271	226
329.905	232
331.54	242
333.174	224
334.807	232
336.441	218
338.074	214
339.707	212
341.338	196
342.969	200
344.601	196
346.231	186
347.861	194
349.491	182
351.12	202
352.749	196
354.378	196
356.006	198
357.633	192
359.261	190
360.887	182
362.513	172
364.139	166
365.764	174
367.39	176
369.014	172
370.638	164
372.261	182
373.884	176
375.508	176
377.13	174
378.752	168
380.373	170
381.994	164
383.615	164
385.235	166
386.854	156
388.473	166
390.092	162
391.711	166
393.328	160
394.947	180
396.564	170
398.181	170
399.797	182
401.412	184
403.027	192
404.642	198
406.257	182
407.871	208
409.484	206
411.098	216
412.711	214
414.323	216
415.935	222
417.547	202
419.158	188
420.768	182
422.378	166
423.988	160
425.597	158
427.206	136
428.814	130
430.422	140
432.03	138
433.637	132
435.243	130
436.85	126
438.456	124
440.062	122
441.666	126
443.271	112
444.876	110
446.479	106
448.082	114
449.685	116
451.287	118
452.89	110
454.492	104
456.092	104
457.693	108
459.293	108
460.893	86
462.492	112
464.092	116
465.691	114
467.288	116
468.887	122
470.483	140
472.081	138
473.677	134
475.273	158
476.869	154
478.463	166
480.059	176
481.653	192
483.247	182
484.84	208
486.433	192
488.026	170
489.618	148
491.21	132
492.801	132
494.392	126
495.983	114
497.573	118
499.162	114
500.752	120
502.341	108
503.929	116
505.517	116
507.105	116
508.692	108
510.279	140
511.865	158
513.45	162
515.037	156
516.621	136
518.206	152
519.79	130
521.374	132
522.957	132
524.54	138
526.123	150
527.705	160
529.287	180
530.868	192
532.448	230
534.029	250
535.609	264
537.188	300
538.768	294
540.346	284
541.925	274
543.502	268
545.08	250
546.657	214
548.234	190
549.81	182
551.386	170
552.961	172
554.536	162
556.11	182
557.684	198
559.258	212
560.832	252
562.405	304
563.977	392
565.55	538
567.12	750
568.692	984
570.263	1154
571.833	1158
573.403	944
574.973	730
576.542	518
578.111	364
579.679	284
581.247	246
582.815	236
584.382	222
585.948	218
587.514	208
589.081	210
590.645	194
592.211	196
593.775	168
595.339	166
596.904	166
598.466	154
600.03	150
601.592	126
603.154	140
604.715	138
606.277	130
607.838	126
609.398	126
610.958	126
612.518	134
614.077	152
615.636	164
617.194	224
618.753	314
620.31	416
621.867	348
623.424	274
624.98	194
626.537	172
628.092	140
629.647	136
631.202	142
632.756	138
634.31	148
635.864	126
637.417	130
638.969	118
640.521	116
642.074	128
643.625	104
645.176	108
646.726	108
648.276	102
649.827	88
651.376	98
652.925	88
654.473	86
656.021	84
657.569	90
659.117	76
660.664	86
662.21	78
663.757	78
665.302	78
666.847	76
668.392	80
669.937	70
671.481	78
673.025	84
674.568	78
676.111	76
677.653	82
679.195	76
680.737	80
682.279	88
683.82	70
685.36	82
686.9	86
688.44	82
689.979	86
691.517	78
693.056	84
694.594	80
696.132	90
697.669	76
699.206	80
700.742	94
702.278	92
703.814	90
705.35	98
706.884	88
708.419	92
709.953	100
711.487	100
713.019	102
714.552	102
716.085	102
717.617	98
719.148	106
720.68	96
722.21	106
723.741	118
725.271	116
726.8	114
728.33	114
729.858	106
731.387	108
732.915	108
734.443	118
735.97	120
737.497	130
739.023	134
740.549	144
742.075	134
743.6	162
745.125	152
746.65	162
748.173	162
749.697	158
751.22	164
752.743	160
754.266	178
755.788	184
757.309	176
758.831	168
760.351	152
761.871	170
763.392	152
764.912	146
766.431	148
767.95	152
769.468	154
770.986	152
772.504	144
774.022	142
775.538	136
777.055	148
778.571	156
780.086	150
781.602	158
783.117	154
784.632	178
786.146	190
787.659	184
789.173	210
790.685	196
792.198	216
793.71	212
795.222	212
796.733	200
798.244	200
799.755	172
801.265	170
802.775	154
804.284	152
805.793	140
807.302	134
808.81	134
810.318	122
811.826	114
813.333	118
814.84	112
816.346	120
817.851	114
819.357	110
820.862	108
822.367	108
823.871	118
825.376	114
826.878	132
828.382	152
829.885	212
831.387	284
832.889	358
834.391	336
835.892	266
837.392	210
838.893	156
840.393	136
841.893	142
843.392	134
844.891	130
846.389	118
847.888	124
849.386	120
850.882	112
852.38	122
853.876	130
855.372	102
856.868	112
858.363	112
859.858	106
861.353	118
862.847	100
864.341	104
865.834	100
867.328	102
868.82	110
870.313	102
871.805	104
873.296	98
874.787	110
876.278	96
877.769	100
879.258	98
880.748	100
882.237	94
883.726	88
885.214	102
886.702	94
888.19	92
889.677	96
891.164	96
892.651	108
894.137	98
895.623	92
897.108	104
898.593	106
900.077	106
901.562	92
903.046	96
904.529	116
906.012	104
907.495	96
908.977	104
910.459	100
911.941	90
913.422	90
914.903	94
916.383	82
917.863	96
919.343	90
920.822	90
922.301	88
923.779	78
925.257	94
926.735	96
928.213	80
929.69	88
931.166	82
932.643	88
934.119	90
935.594	98
937.069	90
938.543	94
940.018	104
941.492	94
942.966	102
944.439	102
945.911	116
947.384	122
948.856	130
950.328	138
951.799	156
953.27	170
954.741	178
956.21	190
957.68	232
959.15	258
960.619	272
962.088	228
963.556	206
965.023	204
966.491	190
967.958	170
969.425	164
970.891	152
972.357	148
973.824	148
975.288	140
976.754	128
978.218	142
979.682	148
981.146	148
982.609	160
984.072	158
985.534	180
986.997	206
988.459	258
989.92	360
991.382	424
992.842	444
994.302	416
995.763	494
997.222	692
998.681	1098
1000.14	1586
1001.6	1690
1003.06	1360
1004.52	864
1005.97	514
1007.43	328
1008.89	224
1010.34	174
1011.8	136
1013.25	144
1014.71	134
1016.16	134
1017.62	136
1019.07	152
1020.53	154
1021.98	180
1023.43	208
1024.89	240
1026.34	302
1027.79	400
1029.24	446
1030.69	492
1032.14	450
1033.59	432
1035.04	346
1036.49	294
1037.94	240
1039.39	192
1040.84	180
1042.29	162
1043.73	164
1045.18	144
1046.63	136
1048.08	136
1049.52	138
1050.97	120
1052.41	130
1053.86	120
1055.3	122
1056.75	114
1058.19	110
1059.64	122
1061.08	120
1062.52	132
1063.96	136
1065.41	130
1066.85	122
1068.29	128
1069.73	126
1071.17	132
1072.61	128
1074.05	124
1075.49	126
1076.93	134
1078.37	134
1079.81	134
1081.25	118
1082.68	126
1084.12	134
1085.56	126
1087	130
1088.43	124
1089.87	114
1091.3	136
1092.74	132
1094.17	122
1095.61	138
1097.04	130
1098.48	128
1099.91	140
1101.34	128
1102.78	142
1104.21	132
1105.64	150
1107.07	162
1108.5	186
1109.93	224
1111.36	246
1112.8	246
1114.22	210
1115.65	168
1117.08	150
1118.51	142
1119.94	124
1121.37	128
1122.8	128
1124.22	122
1125.65	108
1127.08	116
1128.5	106
1129.93	120
1131.35	114
1132.78	108
1134.2	108
1135.63	106
1137.05	112
1138.48	114
1139.9	128
1141.32	122
1142.75	132
1144.17	134
1145.59	128
1147.01	132
1148.43	148
1149.85	170
1151.27	186
1152.69	222
1154.11	254
1155.53	258
1156.95	234
1158.37	220
1159.79	192
1161.21	184
1162.62	162
1164.04	166
1165.46	166
1166.87	170
1168.29	174
1169.71	160
1171.12	176
1172.54	178
1173.95	200
1175.37	216
1176.78	248
1178.19	282
1179.61	318
1181.02	350
1182.43	362
1183.84	360
1185.26	330
1186.67	350
1188.08	336
1189.49	320
1190.9	318
1192.31	324
1193.72	338
1195.13	324
1196.54	320
1197.95	336
1199.36	324
1200.76	312
1202.17	314
1203.58	308
1204.99	296
1206.39	262
1207.8	236
1209.2	248
1210.61	210
1212.01	206
1213.42	188
1214.82	186
1216.23	176
1217.63	160
1219.03	170
1220.44	162
1221.84	166
1223.24	172
1224.64	192
1226.05	172
1227.45	184
1228.85	182
1230.25	176
1231.65	174
1233.05	170
1234.45	158
1235.85	152
1237.25	150
1238.64	144
1240.04	148
1241.44	136
1242.84	144
1244.23	156
1245.63	146
1247.03	152
1248.42	162
1249.82	148
1251.21	150
1252.61	146
1254	154
1255.4	156
1256.79	150
1258.19	156
1259.58	154
1260.97	146
1262.36	158
1263.76	152
1265.15	154
1266.54	154
1267.93	154
1269.32	164
1270.71	152
1272.1	152
1273.49	150
1274.88	158
1276.27	156
1277.66	168
1279.05	156
1280.43	164
1281.82	174
1283.21	174
1284.6	176
1285.98	182
1287.37	200
1288.75	198
1290.14	204
1291.53	208
1292.91	212
1294.29	232
1295.68	244
1297.06	266
1298.45	308
1299.83	332
1301.21	370
1302.59	454
1303.98	508
1305.36	508
1306.74	458
1308.12	420
1309.5	372
1310.88	320
1312.26	306
1313.64	264
1315.02	268
1316.4	266
1317.78	260
1319.16	260
1320.53	270
1321.91	264
1323.29	252
1324.67	262
1326.04	268
1327.42	272
1328.79	252
1330.17	276
1331.54	260
1332.92	274
1334.29	248
1335.67	256
1337.04	252
1338.42	252
1339.79	236
1341.16	260
1342.53	234
1343.91	260
1345.28	256
1346.65	262
1348.02	262
1349.39	262
1350.76	250
1352.13	264
1353.5	270
1354.87	266
1356.24	272
1357.61	268
1358.98	256
1360.34	252
1361.71	276
1363.08	258
1364.45	266
1365.81	262
1367.18	264
1368.54	272
1369.91	300
1371.28	302
1372.64	304
1374.01	324
1375.37	360
1376.73	362
1378.1	398
1379.46	402
1380.82	406
1382.19	378
1383.55	360
1384.91	342
1386.27	278
1387.63	278
1388.99	264
1390.35	274
1391.71	280
1393.07	230
1394.43	244
1395.79	242
1397.15	244
1398.51	228
1399.87	232
1401.23	244
1402.58	224
1403.94	240
1405.3	232
1406.65	236
1408.01	228
1409.37	232
1410.72	220
1412.08	252
1413.43	246
1414.79	228
1416.14	230
1417.49	248
1418.85	240
1420.2	244
1421.55	244
1422.91	250
1424.26	256
1425.61	256
1426.96	236
1428.31	244
1429.66	244
1431.01	262
1432.36	262
1433.71	280
1435.06	260
1436.41	282
1437.76	286
1439.11	286
1440.46	310
1441.81	292
1443.15	290
1444.5	314
1445.85	290
1447.19	306
1448.54	278
1449.89	298
1451.23	286
1452.58	266
1453.92	280
1455.27	258
1456.61	250
1457.95	242
1459.3	236
1460.64	220
1461.98	222
1463.33	216
1464.67	206
1466.01	220
1467.35	220
1468.69	210
1470.03	212
1471.37	210
1472.71	196
1474.05	204
1475.39	200
1476.73	198
1478.07	204
1479.41	206
1480.75	202
1482.09	188
1483.42	188
1484.76	192
1486.1	198
1487.43	208
1488.77	200
1490.11	182
1491.44	192
1492.78	194
1494.11	198
1495.45	184
1496.78	184
1498.12	180
1499.45	178
1500.78	186
1502.11	178
1503.45	186
1504.78	176
1506.11	178
1507.44	176
1508.77	172
1510.11	166
1511.44	172
1512.77	176
1514.1	170
1515.43	184
1516.76	176
1518.08	178
1519.41	166
1520.74	170
1522.07	174
1523.4	168
1524.72	172
1526.05	172
1527.38	162
1528.7	172
1530.03	162
1531.36	162
1532.68	172
1534.01	162
1535.33	166
1536.66	162
1537.98	168
1539.3	162
1540.63	158
1541.95	182
1543.27	164
1544.6	156
1545.92	164
1547.24	176
1548.56	180
1549.88	170
1551.2	188
1552.52	170
1553.84	168
1555.17	164
1556.48	170
1557.8	176
1559.12	162
1560.44	160
1561.76	168
1563.08	162
1564.4	162
1565.71	164
1567.03	160
1568.35	172
1569.66	188
1570.98	180
1572.29	170
1573.61	204
1574.93	190
1576.24	214
1577.55	228
1578.87	230
1580.18	264
1581.5	302
1582.81	312
1584.12	306
1585.43	282
1586.75	276
1588.06	260
1589.37	266
1590.68	288
1591.99	298
1593.3	320
1594.61	354
1595.92	400
1597.23	444
1598.54	460
1599.85	516
1601.16	554
1602.47	556
1603.78	540
1605.08	500
1606.39	446
1607.7	396
1609	338
1610.31	302
1611.62	306
1612.92	282
1614.23	246
1615.53	220
1616.84	212
1618.14	216
1619.45	196
1620.75	190
1622.06	186
1623.36	178
1624.66	184
1625.96	166
1627.27	158
1628.57	162
1629.87	156
1631.17	156
1632.47	154
1633.77	160
1635.07	152
1636.37	150
1637.67	150
1638.97	148
1640.27	144
1641.57	146
1642.87	150
1644.17	146
1645.47	146
1646.76	140
1648.06	138
1649.36	158
1650.66	148
1651.95	142
1653.25	144
1654.54	146
1655.84	136
1657.13	138
1658.43	134
1659.72	128
1661.02	136
1662.31	138
1663.6	118
1664.9	134
1666.19	136
1667.48	132
1668.78	134
1670.07	120
1671.36	126
1672.65	132
1673.94	126
1675.23	134
1676.52	120
1677.81	128
1679.1	126
1680.39	132
1681.68	138
1682.97	114
1684.26	124
1685.55	134
1686.83	124
1688.12	132
1689.41	128
1690.7	126
1691.98	116
1693.27	118
1694.55	130
1695.84	122
1697.13	140
1698.41	120
1699.69	128
1700.98	122
1702.26	128
