176.07367	286.11111
178.6769	286.11111
181.27925	284.22223
183.87926	288.66663
186.47989	296
189.07965	299.44446
191.67705	304.55554
194.27509	316.44446
196.87076	325.22223
199.46707	339.55554
202.06102	343.99997
204.65559	349.2222
207.24931	346.44446
209.84068	354.11111
212.43266	360
215.02231	371.88889
217.61258	386.77777
220.2005	397.44446
222.78905	393.77777
225.37526	395.55554
227.96208	392.88889
230.54657	390.44446
233.13168	380.66666
235.71445	374.88889
238.29637	361.88889
240.87891	343.88889
243.45911	340.66666
246.03993	327.11111
248.61842	310.44446
251.19754	304.55554
253.77432	291.11111
256.35025	277.11111
258.92682	269.33334
261.50104	254.11111
264.0744	246.77777
266.64838	237
269.22006	228.11111
271.79086	218.22223
274.3623	217.66667
276.93143	208.88889
279.49966	208.11111
282.06857	206.33333
284.63513	193.22223
287.20084	186.66666
289.76572	183.33333
292.33121	178.88887
294.89438	172.55557
297.4567	164.8889
300.01816	164.44444
302.58026	164
305.14005	156.55556
307.69897	153.22223
310.25708	147.66669
312.81433	153.99998
315.37219	141.55557
317.92776	140
320.48248	142.33333
323.03635	141.77777
325.58939	140.00002
328.14157	144.44444
330.69293	147.77777
333.24344	151.22223
335.79456	155.55556
338.34338	159.33333
340.89139	161.88889
343.43854	167.33333
345.98483	174
348.5303	171.44444
351.07495	177
353.61874	168.8889
356.16168	162.66667
358.7038	160
361.24509	152.22223
363.78552	145.55554
366.32513	140.88889
368.86392	137.44446
371.40186	135
373.93896	127.33334
376.47522	128.88889
379.01068	121.11111
381.54529	113.55556
384.07904	108.88889
386.61053	106.11111
389.14264	102.66666
391.67392	101.44444
394.20438	103.22222
396.73398	101.44444
399.26276	98.333344
401.79071	102.44445
404.31784	104.22222
406.84268	106.44444
409.36813	103.44444
411.89279	104.11111
414.4166	104.44444
416.93958	101.99999
419.4603	103.66666
421.9816	99.777779
424.50211	96.222229
427.02179	94.444443
429.54065	93.444443
432.05722	90.222221
434.57443	89.111115
437.09079	89.777779
439.60492	87.777779
442.11963	94.111115
444.63354	96.444443
447.1452	96.555557
449.65744	98.777779
452.16888	102.22223
454.67807	105
457.18787	104.66666
459.69684	102.66666
462.20355	98.888885
464.71091	97
467.21741	97.555557
469.72168	96.888885
472.22656	97.777779
474.72919	94
477.23242	90.666664
479.73486	86.888885
482.23505	86.111115
484.73584	81.666664
487.23438	82.555557
489.73355	81.222221
492.23047	83.555557
494.728	82.333336
497.22327	85.888885
499.71918	87.777779
502.21283	92.111115
504.70712	92.444443
507.19916	94.666664
509.69037	97
512.18219	95.888885
514.67181	93.222221
517.16205	91.555557
519.65002	87.555557
522.13861	88.666664
524.62494	87.555557
527.11053	87.555557
529.59668	88.333336
532.08063	83.222221
534.56372	83.111115
537.04749	84.333336
539.52899	79.777779
542.0097	74.222221
544.49103	72.666664
546.97009	71.666664
549.44836	73.333336
551.92731	68.111115
554.40399	68.444443
556.87982	67.555557
559.35492	67.111115
561.83057	65.222221
564.30402	63.666668
566.77667	65.666664
569.24854	65.666664
571.7196	64
574.19128	67.333328
576.66071	65.222221
579.12939	65.555557
581.59723	68.222221
584.06427	68.222221
586.53052	67.444443
588.99738	68.777771
591.46204	67.111115
593.9259	69
596.38892	68.222221
598.8512	73.111115
601.31268	73.44445
603.77332	72
606.23315	76.222221
608.69226	77.333336
611.15051	80
613.60803	81.555557
616.0647	84.333336
618.52057	88.222221
620.97565	90.333336
623.42999	94.555557
625.88348	100.55556
628.33618	109.88889
630.78815	119.44444
633.23926	133
635.68958	156.77779
638.13916	188.22221
640.58789	235
643.03583	302.11111
645.48303	393.55554
647.92938	516.44446
650.375	671.44446
652.81842	828.88892
655.26245	927.22223
657.70563	873.33331
660.14807	712.66669
662.58972	521.55554
665.03064	372.55554
667.4707	273.66666
669.90857	217.33333
672.34711	176
674.78479	155.77779
677.22174	143.11111
679.65649	136.33331
682.09186	135
684.52643	133.22223
686.96027	138.77777
689.39185	157.8889
691.8241	176.88889
694.25555	203.11111
696.68622	228.33331
699.11469	264.44446
701.54382	296.55554
703.97211	325.66666
706.39832	348.66663
708.82507	349.11111
711.24963	337.88889
713.67487	322.66669
716.09924	312
718.52155	312
720.9444	330.44446
723.36646	351.55554
725.78638	361.88885
728.20691	381
730.62531	398.66663
733.04425	412.33334
735.46106	421.77774
737.87854	421.44446
740.29376	415.44446
742.70966	399.77777
745.12335	381.88889
747.53772	366
749.94989	340.55554
752.36267	325.99997
754.77325	312.2222
757.18451	294.77777
759.59357	277.11111
762.00189	263.77777
764.41083	252.44444
766.81757	241.44444
769.22498	235.22223
771.63019	227
774.03467	217.77779
776.4397	208.55556
778.84265	197.44444
781.24481	191.77777
783.64752	187.66667
786.04816	185.55556
788.448	181.1111
790.84845	173.44444
793.24677	173
795.64435	166.11111
798.04248	166.77777
800.43848	160.33333
802.83374	159.88889
805.22821	154.33334
807.62329	158
810.0163	158.88889
812.40845	158.33333
814.79987	156.22223
817.19055	159.33333
819.58044	164.55554
821.97095	169.77777
824.35938	172.22223
826.74695	174.22223
829.13385	178.11111
831.5199	182.44446
833.90527	190
836.28986	189.77777
838.67499	202.88889
841.05804	196.66667
843.44037	197.66667
845.8219	202.22221
848.2027	203.44444
850.5827	199.88889
852.96198	204.33333
855.34052	203
857.71826	205.44444
860.09521	217.55556
862.4715	216
864.84698	217.66666
867.22168	219.22223
869.59564	220.77777
871.96887	215.11111
874.34137	213.77779
876.71307	210.44444
879.08264	214
881.45288	213.11111
883.82233	212.44446
886.19098	207
888.55896	209.44443
890.92615	200.55556
893.2926	196.11113
895.65826	197.22223
898.02185	197.44444
900.38605	198.99998
902.74951	202.44444
905.11218	196.22223
907.47412	203
909.83398	198
912.19446	201.44444
914.55414	194.44444
916.91309	189.66667
919.26996	191.11111
921.62738	185.22221
923.98407	183.88889
926.34009	180.33333
928.69391	172.88889
931.0484	174.33333
933.40216	174.11111
935.75378	170.66667
938.10602	167.11111
940.45752	168.22223
942.80688	165.66666
945.15692	159
947.50482	156.33333
949.85333	156.22223
952.20111	156.22223
954.54681	152.33333
956.89313	148.88889
959.2373	144.33334
961.58215	149.44444
963.92487	142.55556
966.26819	138.77777
968.60944	135.33334
970.95129	138.66667
973.29108	130.88889
975.63147	131.33333
977.96973	133
980.30865	132.77779
982.64545	132.66667
984.98291	133.44444
987.31824	136.77777
989.65283	140.11111
991.98804	143.88889
994.32123	143.44444
996.65497	154.44444
998.98663	154.55556
1001.3176	154.22221
1003.6491	161.22223
1005.9786	160.44444
1008.3073	169.11113
1010.6366	171.22223
1012.9639	173.33333
1015.2904	179
1017.6176	180.11111
1019.9426	183.00002
1022.267	188.77777
1024.5906	193.77777
1026.9148	191.22223
1029.2369	198.44444
1031.5583	201.33333
1033.879	201.88889
1036.199	202.33333
1038.5195	195.88889
1040.8381	196.22223
1043.1559	195.11111
1045.4729	198.77777
1047.7892	200.88889
1050.1049	202.44444
1052.421	201.88889
1054.7351	212
1057.0486	225.66667
1059.3612	239.88889
1061.6732	258.66666
1063.9845	270.44446
1066.2949	271.55554
1068.6047	271.11115
1070.9138	269.55554
1073.2222	280.77777
1075.5298	292.88889
1077.8367	308.11108
1080.1428	319.33334
1082.4482	318.66666
1084.7531	317.77777
1087.057	320.66669
1089.3604	312.88889
1091.6628	302.55554
1093.9647	283.33334
1096.2659	271.88889
1098.5663	257.11111
1100.866	238
1103.1636	222.66667
1105.4618	205.88889
1107.7594	189
1110.0562	176.22223
1112.3523	163.55556
1114.6476	151.44444
1116.9423	146.44444
1119.2349	146.33333
1121.5282	142.33333
1123.8207	139.66667
1126.1124	139.11111
1128.4022	132.88889
1130.6925	130.33333
1132.9822	122.66666
1135.2711	123.88889
1137.5581	120
1139.8456	119.55556
1142.1323	118.77778
1144.4171	120.22222
1146.7025	120
1148.9872	120.55556
1151.2698	122.33334
1153.553	124.22222
1155.8354	127.77779
1158.116	127.11111
1160.3971	129.22223
1162.6775	130.44444
1164.9558	129.55556
1167.2349	130.66667
1169.5117	132.11111
1171.7893	131.88889
1174.0648	136.77777
1176.3409	137.22223
1178.6151	141
1180.8898	140
1183.1625	139.44444
1185.4358	140.55556
1187.7072	147
1189.979	149.22223
1192.2489	147.88889
1194.5193	146.88889
1196.7878	146.44444
1199.0555	143.55554
1201.324	141.44446
1203.5903	143
1205.8572	138.33333
1208.1222	139.44444
1210.3865	143
1212.6512	146.88889
1214.9141	143.77777
1217.1763	142.77777
1219.439	139.88889
1221.6997	139.55557
1223.9597	139.55554
1226.2203	138.11111
1228.479	139
1230.7369	145.55556
1232.9941	149.77777
1235.252	158.44444
1237.5078	161
1239.7629	163.77777
1242.0175	168
1244.2711	176.77777
1246.5255	172
1248.7778	177.00002
1251.0295	170.33331
1253.2804	165.77777
1255.5308	162.1111
1257.7803	162
1260.0292	167.22223
1262.2773	181.22223
1264.526	191.44444
1266.7728	198.44444
1269.0189	204.11111
1271.2643	213.22223
1273.509	210.33333
1275.7531	212.33333
1277.9963	212.33331
1280.2389	218.77777
1282.4808	229.22223
1284.722	244.44443
1286.9626	262.77777
1289.2025	287.55554
1291.4417	306.88889
1293.6802	335.66666
1295.9178	366.77777
1298.1537	414.11111
1300.3901	453.33334
1302.6259	467
1304.8608	456.44446
1307.0951	423.11111
1309.3287	397.55554
1311.5618	351.88892
1313.7941	320
1316.0243	291.77777
1318.2552	265
1320.4854	254.44446
1322.715	235.55556
1324.9437	213
1327.1707	192.33333
1329.3981	176.44444
1331.6249	170
1333.8496	164.88889
1336.0751	159.55556
1338.2998	163.66667
1340.5238	162.22221
1342.7458	164.44444
1344.9685	168.55556
1347.1906	157.77777
1349.4105	151.77777
1351.6312	152.22223
1353.8511	143.44443
1356.0691	138.88889
1358.2877	142.33333
1360.5043	141.22223
1362.7216	146.22223
1364.9368	149.77777
1367.1526	153.44444
1369.3678	154.77777
1371.5811	155.00002
1373.7948	144.22223
1376.0067	133.33333
1378.2191	132.33333
1380.4297	129.11111
1382.6407	122.88889
1384.8499	123.88889
1387.0583	121.88889
1389.2675	124.88889
1391.4746	126.11111
1393.6823	124.77778
1395.8881	127.77778
1398.0945	128.55556
1400.2988	133.55554
1402.5026	134.66667
1404.7069	136.33334
1406.9093	144.22223
1409.1111	155.66667
1411.3134	160.44444
1413.5138	171.44444
1415.7135	190.55556
1417.9137	211.77777
1420.1121	240.11111
1422.3098	289.2222
1424.5068	356.33334
1426.7043	434.66666
1428.9	516.88892
1431.0951	593.44446
1433.2894	683
1435.483	729.44446
1437.6774	752.33331
1439.8696	723.33331
1442.0613	677.77783
1444.2523	607.5556
1446.4426	551.77777
1448.6322	517
1450.8212	482.11111
1453.0095	447.44446
1455.1985	414.88889
1457.3854	383.11111
1459.5718	357.77777
1461.7573	327.55554
1463.9424	297
1466.1267	273.66666
1468.3103	241.11111
1470.4933	223.11111
1472.6757	200.44444
1474.8573	186.44444
1477.0382	176.44444
1479.2186	166.22223
1481.3982	157.77777
1483.5773	152.1111
1485.7543	148
1487.932	149.66667
1490.109	140.88889
1492.2854	136.66667
1494.4611	135.66666
1496.6361	132.22223
1498.8104	128.66667
1500.9841	129.22223
1503.1559	126.22222
1505.3284	129.22223
1507.5	124.11111
1509.6711	120.55555
1511.8402	118.88889
1514.01	121.33334
1516.1791	117.22222
1518.3475	119.77778
1520.514	118.33334
1522.6812	118
1524.8477	116.11111
1527.0134	114.55555
1529.1774	112.55556
1531.3418	114
1533.5056	114.88889
1535.6676	110.44444
1537.8301	114.44444
1539.9907	111.66667
1542.1519	114.22222
1544.3125	112.33334
1546.4711	113
1548.6304	109.33334
1550.7877	107.88889
1552.9457	111.66666
1555.1017	109.55556
1557.2583	107.66666
1559.4131	109.44445
1561.5684	106.22222
1563.7218	109.66666
1565.8759	107.11111
1568.028	111.66667
1570.1807	108.66666
1572.3315	108.77778
1574.4829	108.77778
1576.6324	109.55556
1578.7814	110.66666
1580.9308	110.55556
1583.0784	107.44444
1585.2266	109.22222
1587.3728	107.88889
1589.5184	110.11111
1591.6647	103.77778
1593.8091	106
1595.9528	104.33334
1598.0958	105.66666
1600.2394	107
1602.3812	107
1604.5223	110.22222
1606.6627	107.88889
1608.8038	109
1610.943	106.77777
1613.0815	108.66667
1615.2194	107.11111
1617.3566	107.88889
1619.4945	109.11111
1621.6304	106.99999
1623.7657	105.33334
1625.9004	108.22222
1628.0344	105
1630.1677	107.22223
1632.3005	107.88889
1634.4326	105.88889
1636.5641	107.11111
1638.6962	106.55556
1640.8263	109.44444
1642.9558	107.55555
1645.0847	107.77778
1647.213	106.55556
1649.3406	104.33334
1651.4675	108.11111
1653.5939	109.11111
1655.7184	110.66667
1657.8434	107.33333
1659.9679	108.44444
1662.0917	109.33334
1664.2147	110.33334
1666.3373	111.33334
1668.4591	109.22222
1670.5803	108.22222
1672.7009	107.55556
1674.8197	108.22222
1676.939	110.44444
1679.0577	107.77778
1681.1758	106.66666
1683.2932	108.55556
1685.4099	110.11111
1687.5249	109.22222
1689.6404	110.66667
1691.7552	111
1693.8695	108.88889
1695.9819	105.66666
1698.0948	111.66666
1700.2073	107.44445
1702.3177	108.11111
1704.4288	109.66666
1706.5393	106.66666
1708.6478	109.11111
1710.7571	114
1712.8644	109.11111
1714.9723	110.66666
1717.0796	111.88889
1719.1851	110.88889
1721.2911	109.77778
1723.3953	111.88889
1725.5001	110.66667
1727.603	110.22222
1729.7065	111.66666
1731.8082	108.66666
1733.9105	109.66666
1736.0109	108.88889
1738.1119	109.88889
1740.2111	109.99999
1742.3108	109.55556
1744.4087	105.33334
1746.5072	110.11111
1748.6039	106.99999
1750.7	110.77778
1752.7965	109.22222
1754.8914	108.22222
1756.9867	109.33334
1759.0802	108.33334
1761.1732	112
1763.2655	112.22222
1765.3584	109.77778
1767.4493	107.66666
1769.5398	108.88889
1771.6309	111.88889
1773.72	110.22222
1775.8086	107.88889
1777.8965	112.11111
1779.985	111.22222
1782.0717	109.66666
1784.1577	111
1786.2432	110.55556
1788.328	112.88889
1790.4122	111.77778
1792.4971	112.22223
1794.58	110.22223
1796.6624	107.66666
1798.744	113.22222
1800.8252	109.88889
1802.9056	113.55556
1804.9856	112.55556
1807.0648	111.11111
1809.1434	112.66666
1811.2214	113.11111
1813.2988	112.55556
1815.3756	111.88889
1817.4518	112.22223
1819.5273	111.77778
1821.6023	113.88889
1823.6766	112.33334
1825.7504	115.66666
1827.8235	113.11111
1829.8959	112.55556
1831.9678	111.55556
1834.0391	112.33334
1836.1085	111
1838.1785	111.88889
1840.2479	110.22222
1842.3167	113.00001
1844.3849	111.88889
1846.4524	113
1848.5182	115.66667
1850.5846	111
1852.6503	109.44444
1854.7155	112.33334
1856.7787	113.77778
1858.8427	114.77777
1860.9059	113.88889
1862.9674	114.77778
1865.0295	115.55555
1867.0909	112.33334
1869.1506	111.88889
1871.2108	110.22222
1873.2705	114.88889
1875.3282	114.88889
1877.3867	116.33334
1879.4446	112.33334
1881.5005	113.44444
1883.5571	116.88889
1885.6119	114.88889
1887.6672	111.66667
1889.7208	114.88889
1891.775	115.66666
1893.8274	112.55556
1895.8804	113.55556
1897.9315	116.11111
1899.9833	112.22222
1902.0332	115.44444
1904.0837	110.77779
1906.1324	110.88889
1908.1818	113.88889
1910.2294	116.55556
1912.2762	117.22222
1914.3237	114.22222
1916.3695	116.11111
1918.4147	114.66666
1920.4603	117.22222
1922.5043	116
1924.5476	115.88889
1926.5914	116.00001
1928.6335	117.66666
1930.675	117.88889
1932.7159	117.55556
1934.7574	117.88889
1936.7971	115.33334
1938.8363	115.88889
1940.8748	111.77778
1942.9139	118
1944.9512	119.55556
1946.9879	118.44444
1949.024	117.66666
1951.0596	117.77778
1953.0945	113.66667
1955.1288	116.66667
1957.1625	115.66666
1959.1968	117.33334
1961.2294	113.77778
1963.2612	115.88889
1965.2926	117
1967.3234	117.88889
1969.3535	118.22222
1971.3831	115
1973.412	117.66666
1975.4403	118.33334
1977.4681	119.22222
1979.4952	116.22222
1981.5219	119.22222
1983.5479	118
1985.572	118.77778
1987.5968	115.77778
1989.621	117.66666
1991.6447	118.22222
1993.6676	118.88889
1995.6901	115.11111
1997.7119	110.55556
1999.7319	116.33334
2001.7526	116.77778
2003.7726	115.33334
2005.7921	118.66666
2007.8109	116.77778
2009.8281	118.99999
2011.8458	120.55556
2013.8629	113.33334
2015.8782	118.44444
2017.8942	116.44444
2019.9094	119.22222
2021.9242	120.88889
2023.9373	116.66666
2025.9508	118.22222
2027.9625	119.22222
2029.975	121.88889
2031.9868	121.88889
2033.9968	120.66666
2036.0074	119
2038.0164	119.22222
2040.0258	121.33334
2042.0334	118.77778
2044.0417	120.66666
2046.0494	120.66666
2048.0554	117.44444
2050.062	122.11111
2052.0667	120.33334
2054.0708	120
2056.0757	119.33334
2058.0786	118.33334
2060.0823	124.33334
2062.0842	120.22222
2064.0867	120.77778
2066.0872	123.88889
2068.0874	120.77778
2070.0881	123.22222
2072.0869	119
2074.0854	126
2076.0842	122.11111
2078.0815	121.00001
2080.0781	121.88889
2082.0742	122.22223
2084.0708	121.77779
2086.0657	118.33334
2088.0601	119.66666
2090.0537	119.22222
2092.0479	120
2094.0405	123.44445
2096.0325	124.55556
2098.0239	126.77778
2100.0146	123
2102.0049	123.55556
2103.9946	121.77778
2105.9849	120.55556
2107.9734	125.77778
2109.9614	122.66666
2111.9487	125.66666
2113.9355	122.33334
2115.9216	124.66666
2117.9072	122.88889
2119.8923	123.77778
2121.8767	128
2123.8606	126.99999
2125.844	123.77777
2127.8267	124.55556
2129.8088	126.88889
2131.7905	127
2133.7715	126.11111
2135.751	125.33334
2137.7307	126.33334
2139.71	125.22222
2141.6887	124.33334
2143.667	132
2145.6445	127
2147.6216	130.66667
2149.5969	127.33334
2151.5728	128
2153.5481	129.11111
2155.5227	127.33334
2157.4958	128
2159.4692	127.11111
2161.4424	130.44444
2163.4148	130.66667
2165.3855	129.88889
2167.3569	131
2169.3276	129.55556
2171.2966	130.66667
2173.2661	130.33333
2175.2351	129.88889
2177.2026	133.55556
2179.1704	132.44444
2181.1365	128.44444
2183.1033	134.88889
2185.0684	132.77777
2187.0339	135.77777
2188.999	130.88889
2190.9624	131.22223
2192.9263	127.44444
2194.8884	131.44444
2196.8501	127.88889
2198.8125	128.66667
2200.7729	130.22223
2202.7339	131.11111
2204.6934	131.66667
2206.6533	130.22223
2208.6116	128.66667
2210.5693	127.55556
2212.5276	130
2214.4841	128.33333
2216.4402	127.55556
2218.3967	125.77778
2220.3516	130.11111
2222.3059	130
2224.2607	130.55556
2226.2139	128.88889
2228.1665	129.66667
2230.1187	131.22223
2232.0713	127.66666
2234.0222	130.33333
2235.9727	123.22222
2237.9224	128.77777
2239.8718	128.55556
2241.8206	129.00002
2243.7698	124.33334
2245.7173	126
2247.6643	128.22223
2249.6108	130.66669
2251.5566	126.88889
2253.502	128.77777
2255.4468	131.44443
2257.3911	133.11111
2259.3347	129.22223
2261.2778	132
2263.2205	129.22223
2265.1624	125.88889
2267.1038	132.22223
2269.0447	129.66667
2270.9851	127.33334
2272.9248	134.00002
2274.864	128.44444
2276.8027	130.33333
2278.7407	128.55556
2280.6785	131.88887
2282.6143	128.44444
2284.5508	132.22223
2286.4866	130.55556
2288.4219	131.66667
2290.3567	130.77777
2292.2898	134.33334
2294.2234	132.22223
2296.1565	128.8889
2298.0891	131.44444
2300.02	134.66667
2301.9514	132.77777
2303.8823	133.44444
2305.8127	137.66667
2307.7415	135.8889
2309.6707	136.33331
2311.5994	133.88889
2313.5264	132.66667
2315.4541	131.66667
2317.3799	134.55557
2319.3064	133.77777
2321.2324	132.33333
2323.1567	133
2325.0815	136.22223
2327.0046	137.77777
2328.9285	135.33333
2330.8506	136.44444
2332.7732	134.88889
2334.6943	138.55556
2336.6157	132.55556
2338.5356	136.33333
2340.4561	132.22223
2342.375	136.22223
2344.2932	136.33333
2346.2119	135.22223
2348.1292	135.1111
2350.0459	134.88889
2351.9629	137.77777
2353.8784	138.33333
2355.7935	137.33333
2357.709	136.77777
2359.6228	137.22223
2361.5361	138.44444
2363.4502	140.22223
2365.3623	139.66667
2367.2742	139.44444
2369.1853	137.88887
2371.0959	139
2373.0071	138.55556
2374.9165	138
2376.8257	135.11111
2378.7341	132.88889
2380.6418	143.88889
2382.5493	138.11111
2384.4561	142.88889
2386.3635	143.33333
2388.2693	140.8889
2390.1746	139
2392.0791	139.55556
2393.9832	144.66667
2395.8867	143.33333
2397.7898	141
2399.6924	145.55556
2401.5942	143.88889
2403.4956	145.22223
2405.3965	143.55556
2407.2969	147.22223
2409.1956	144.77777
2411.095	144.22223
2412.9937	148
2414.8918	148.88889
2416.7896	144.55554
2418.6865	147.44444
2420.583	146.33333
2422.478	147.55554
2424.3735	148.22223
2426.2686	148.88889
2428.1628	151.88889
2430.0569	151.11111
2431.949	155.11111
2433.8418	147.77777
2435.7341	149.88889
2437.6248	153.22223
2439.5161	152.55556
2441.4067	149
2443.2957	149.66667
2445.1853	155.22223
