365.286	320.28
368.238	331.874
371.189	335.396
374.139	341.637
377.087	353.022
380.034	357.952
382.979	358.129
385.923	335.869
388.866	335.923
391.806	330.683
394.745	322.667
397.684	328.845
400.62	338.169
403.555	335.757
406.49	342.874
409.421	348.817
412.353	354.158
415.282	350.307
418.209	354.251
421.137	347.898
424.062	360.698
426.985	360.203
429.908	373.231
432.829	385.066
435.748	380.083
438.666	366.994
441.583	362.899
444.498	356.224
447.412	346.758
450.324	351.719
453.235	345.476
456.145	342.058
459.052	337.342
461.959	333.232
464.865	324.098
467.769	309.069
470.671	295.27
473.572	299.601
476.471	300.37
479.37	299.153
482.266	306.921
485.162	306.462
488.056	301.037
490.948	307.416
493.839	316.971
496.73	307.84
499.618	302.656
502.505	307.408
505.39	306.778
508.275	313.444
511.157	310.601
514.039	304.058
516.919	310.66
519.798	313.772
522.674	309.003
525.55	303.362
528.425	299.847
531.297	288.148
534.169	290.58
537.039	289.143
539.908	285.491
542.775	285.019
545.642	289.971
548.506	286.699
551.369	289.707
554.231	283.585
557.092	295.692
559.951	292.357
562.808	294.257
565.664	295.957
568.519	298.371
571.373	297.905
574.225	287.187
577.076	289.678
579.925	297.899
582.773	288.37
585.62	283.322
588.466	286.688
591.309	287.112
594.152	287.42
596.993	284.812
599.832	287.273
602.671	282.27
605.508	298.434
608.343	291.651
611.178	284.508
614.011	286.764
616.842	284.731
619.672	285.637
622.501	290.349
625.329	291.571
628.155	298.767
630.98	298.216
633.802	312.682
636.624	294.794
639.445	305.609
642.264	309.125
645.082	304.296
647.898	304.476
650.714	310.275
653.527	319.621
656.34	333.499
659.151	326.743
661.961	316.853
664.769	309.812
667.576	296.757
670.382	288.241
673.186	288.053
675.989	279.409
678.791	278.144
681.591	278.955
684.39	274.899
687.187	280.557
689.983	288.33
692.779	281.972
695.572	280.664
698.363	285.635
701.155	292.697
703.944	280.317
706.733	283.906
709.519	280.556
712.305	286.249
715.089	286.528
717.871	292.514
720.653	298.211
723.433	286.463
726.212	285.317
728.989	284.257
731.765	281.384
734.54	278.771
737.313	287.23
740.085	282.225
742.856	281.952
745.625	278.672
748.394	281.35
751.16	272.242
753.926	276.446
756.689	287.696
759.452	288.704
762.214	288.58
764.974	288.985
767.733	270.824
770.49	284.423
773.246	283.56
776.001	294.944
778.755	291.543
781.507	284.105
784.258	287.21
787.007	282.807
789.756	296.725
792.502	297.322
795.247	302.652
797.992	298.802
800.735	301.093
803.477	298.128
806.217	310.372
808.956	308.083
811.694	309.291
814.43	316.478
817.165	310.803
819.899	297.74
822.631	307.932
825.362	294.571
828.092	282.989
830.82	289.371
833.548	282.277
836.274	289.892
838.998	284.883
841.721	286.778
844.444	282.47
847.165	281.58
849.884	278.105
852.601	273.54
855.318	276.992
858.034	268.658
860.749	269.452
863.461	272.99
866.173	268.989
868.883	281.604
871.592	266.201
874.3	266.537
877.006	257.832
879.712	264.32
882.415	263.688
885.118	266.359
887.819	262.536
890.519	266.753
893.218	272.722
895.914	269.137
898.611	274.58
901.306	268.966
903.999	270.087
906.692	265.001
909.382	265.865
912.072	265.309
914.761	257.495
917.447	262.585
920.133	266.703
922.818	256.91
925.501	252.865
928.183	255.96
930.864	259.304
933.543	249.461
936.221	265.378
938.898	252.908
941.574	249.143
944.248	257.903
946.921	260.621
949.593	256.01
952.263	260.342
954.932	249.089
957.6	253.233
960.267	252.111
962.932	260.926
965.597	254.201
968.26	256.756
970.922	263.278
973.581	259.549
976.241	270.421
978.898	268.648
981.555	271.446
984.21	288.11
986.864	305.561
989.517	319.092
992.169	349.981
994.819	378.786
997.468	394.891
1000.12	423.306
1002.76	461.105
1005.41	501.772
1008.05	536.342
1010.69	508.958
1013.34	470.916
1015.98	415.436
1018.61	371.656
1021.25	331.424
1023.89	295.934
1026.52	280.602
1029.16	264.526
1031.79	271.415
1034.42	268.157
1037.05	268.026
1039.68	270.785
1042.31	277.984
1044.93	276.581
1047.56	280.436
1050.18	290.36
1052.81	286.455
1055.43	287.771
1058.05	272.331
1060.67	275.963
1063.28	281.508
1065.9	277.374
1068.52	276.696
1071.13	285.696
1073.74	291.861
1076.35	291.233
1078.96	297.483
1081.57	299.769
1084.18	309.096
1086.79	314.889
1089.39	317.327
1092	335.539
1094.6	338.322
1097.2	337.696
1099.8	321.038
1102.4	317.772
1105	308.691
1107.6	298.667
1110.19	306.984
1112.79	309.185
1115.38	318.188
1117.97	314.751
1120.56	310.017
1123.15	306.555
1125.74	308.696
1128.33	296.932
1130.91	286.485
1133.5	283.003
1136.08	278.555
1138.66	259.113
1141.24	265.482
1143.82	267.557
1146.4	267.091
1148.98	274.981
1151.55	274.987
1154.13	266.113
1156.7	263.454
1159.27	269.446
1161.85	266.219
1164.42	263.108
1166.98	261.543
1169.55	257.773
1172.12	256.322
1174.68	259.002
1177.25	250.936
1179.81	249.599
1182.37	249.265
1184.93	254.113
1187.49	245.225
1190.05	234.108
1192.6	244.985
1195.16	233.062
1197.71	237.349
1200.27	232.727
1202.82	229.981
1205.37	232.164
1207.92	227.11
1210.47	226.438
1213.01	233.249
1215.56	225.421
1218.1	225.712
1220.65	227.902
1223.19	229.378
1225.73	237.228
1228.27	234.617
1230.81	243.307
1233.35	236.83
1235.88	242.358
1238.42	241.421
1240.95	231.113
1243.48	234.654
1246.02	235.326
1248.55	233.103
1251.07	235.761
1253.6	238.241
1256.13	246.654
1258.66	239.661
1261.18	239.661
1263.7	235.508
1266.22	242.84
1268.75	248.312
1271.27	248.815
1273.78	243.034
1276.3	246.225
1278.82	240.103
1281.33	251.309
1283.85	244.751
1286.36	240.733
1288.87	248.592
1291.38	250.522
1293.89	247.064
1296.4	244.476
1298.9	246.433
1301.41	247.527
1303.91	234.867
1306.41	241.341
1308.92	233.246
1311.42	246.364
1313.92	236.891
1316.42	246.42
1318.91	245.417
1321.41	242.907
1323.9	249.391
1326.4	244.257
1328.89	249.214
1331.38	245.883
1333.87	251.95
1336.36	260.4
1338.85	257.807
1341.34	249.58
1343.82	249.699
1346.31	247.217
1348.79	254.1
1351.27	250.541
1353.75	253.556
1356.23	259.224
1358.71	262.407
1361.19	256.558
1363.66	266.104
1366.14	267.301
1368.61	271.454
1371.09	278.438
1373.56	277.479
1376.03	290.241
1378.5	292.338
1380.96	299.886
1383.43	290.547
1385.9	291.233
1388.36	282.202
1390.83	274.971
1393.29	270.839
1395.75	262.031
1398.21	238.214
1400.67	235.831
1403.13	231.034
1405.58	235.536
1408.04	221.449
1410.49	221.648
1412.95	230.699
1415.4	227.297
1417.85	225.843
1420.3	225.663
1422.75	223.978
1425.2	232.103
1427.64	227.921
1430.09	227.019
1432.53	229.403
1434.97	224.329
1437.42	213.219
1439.86	211.412
1442.3	208.473
1444.73	200.865
1447.17	210.247
1449.61	202.09
1452.04	188.881
1454.48	198.359
1456.91	201.433
1459.34	199.319
1461.77	198.601
1464.2	197.202
1466.63	198.092
1469.06	202.259
1471.48	196.772
1473.91	206.143
1476.33	203.296
1478.75	199.293
1481.17	195.175
1483.6	191.438
1486.01	191.516
1488.43	189.016
1490.85	183.785
1493.27	186.7
1495.68	188.425
1498.09	186.89
1500.51	180.256
1502.92	186.105
1505.33	176.557
1507.74	179.667
1510.14	177.238
1512.55	175.925
1514.96	186.855
1517.36	182.331
1519.77	190.54
1522.17	183.962
1524.57	189.174
1526.97	183.101
1529.37	190.418
1531.77	187.093
1534.16	190.218
1536.56	188.526
1538.95	188.343
1541.35	181.862
1543.74	188.27
1546.13	195.233
1548.52	197.68
1550.91	190.934
1553.3	188.1
1555.68	191.368
1558.07	187.349
1560.45	196.095
1562.84	199.424
1565.22	203.239
1567.6	208.971
1569.98	211.338
1572.36	205.219
1574.74	214.775
1577.12	214.92
1579.49	209.873
1581.87	200.115
1584.24	196.818
1586.61	198.378
1588.98	196.325
1591.35	195.26
1593.72	202.132
1596.09	186.89
1598.46	176.767
1600.82	180.024
1603.19	180.563
1605.55	183.685
1607.92	179.892
1610.28	181.574
1612.64	179.564
1615	172.997
1617.36	176.182
1619.71	163.579
1622.07	163.564
1624.42	167.071
1626.78	167.304
1629.13	159.713
1631.48	163.203
1633.83	163.447
1636.18	165.338
1638.53	158.868
1640.88	159.92
1643.22	158.216
1645.57	153.231
1647.91	152.3
1650.26	153.788
1652.6	153.542
1654.94	154.296
1657.28	154.647
1659.62	155.41
1661.96	150.5
1664.29	149.55
1666.63	158.231
1668.96	155.677
1671.3	156.182
1673.63	145.588
1675.96	148.42
1678.29	148.352
1680.62	146.352
1682.95	145.297
1685.27	148.83
1687.6	145.683
1689.92	141.344
1692.25	144.998
1694.57	142.357
1696.89	148.669
1699.21	140.434
1701.53	141.86
1703.85	145.447
1706.17	142.31
1708.48	140.396
1710.8	137.403
1713.11	140.671
1715.43	138.267
1717.74	140.582
1720.05	141.092
1722.36	144.393
1724.67	139.775
1726.97	140.868
1729.28	142.016
1731.59	140.432
1733.89	143.779
1736.19	135.132
1738.5	134.254
1740.8	130.899
1743.1	138.277
1745.4	135.07
1747.7	136.667
1749.99	141.208
1752.29	137.865
1754.58	134.668
1756.88	134.262
1759.17	131.878
1761.46	131.08
1763.75	132.677
1766.04	130.325
1768.33	126.209
1770.62	124.231
1772.91	131.767
1775.19	132.775
1777.48	130.32
1779.76	134.843
1782.04	124.799
1784.32	124.939
1786.6	127.08
1788.88	125.674
1791.16	121.875
1793.44	134.16
1795.71	117.878
1797.99	123.71
1800.26	122.831
1802.54	123.33
1804.81	124.352
1807.08	125.602
1809.35	120.897
1811.62	125.603
1813.88	122.678
1816.15	123.255
1818.42	122.357
1820.68	114.448
1822.95	116.586
1825.21	123.281
1827.47	119.658
1829.73	112.352
1831.99	117.68
1834.25	114.929
1836.51	122.156
1838.76	121.569
1841.02	112.679
1843.27	119.216
1845.52	120.735
1847.78	122.01
1850.03	116.019
1852.28	121.572
1854.53	118.556
1856.78	112.857
1859.02	118.776
1861.27	115.754
1863.51	113.415
1865.76	113.811
1868	108.637
1870.24	119.248
1872.48	117.91
1874.72	111.345
1876.96	113.762
1879.2	112.074
1881.44	115.484
1883.67	113.663
1885.91	114.908
1888.14	110.129
1890.37	115.707
1892.61	113.024
1894.84	118.834
1897.07	112.122
1899.29	106.416
1901.52	107.831
1903.75	117.888
1905.97	115.013
1908.2	109.05
1910.42	105.005
1912.64	111.09
1914.87	109.455
1917.09	109.511
1919.31	105.783
1921.52	109.341
1923.74	111.444
1925.96	103.894
1928.17	106.821
1930.39	110.132
1932.6	109.913
1934.81	106.609
1937.03	104.947
1939.24	107.788
1941.45	112.13
1943.65	103.387
1945.86	97.1298
1948.07	104.566
1950.27	99.7945
1952.48	100.135
1954.68	105.927
1956.88	100.45
1959.08	108.552
1961.29	103.989
1963.48	104.655
1965.68	104.302
1967.88	105.046
1970.08	101.867
1972.27	102.029
1974.47	102.343
1976.66	100.375
1978.85	98.2389
1981.04	99.5126
1983.23	102.301
1985.42	96.3847
1987.61	99.7865
1989.8	96.6879
1991.99	91.2456
1994.17	91.9869
1996.36	95.0535
1998.54	91.2573
2000.72	94.1636
2002.9	95.3809
2005.08	95.6507
2007.26	95.2465
2009.44	94.3924
2011.62	96.0667
2013.8	89.8021
2015.97	95.9978
2018.15	95.9302
2020.32	91.8283
2022.49	90.1878
2024.66	90.2803
2026.83	92.5898
2029	93.8303
2031.17	94.6253
2033.34	95.0525
2035.51	87.9215
2037.67	90.5985
2039.84	90.5731
2042	89.3747
2044.16	88.9601
2046.32	90.5082
2048.48	87.6521
2050.64	90.36
2052.8	88.5441
2054.96	86.2598
2057.12	83.2934
2059.27	90.7881
2061.43	88.5975
2063.58	89.6046
2065.73	82.9293
2067.89	85.4666
2070.04	87.2421
2072.19	93.2236
2074.34	85.9277
2076.48	84.707
2078.63	86.1267
2080.78	87.5003
2082.92	85.7256
2085.07	84.2642
2087.21	86.5526
2089.35	84.7205
2091.49	85.8423
2093.63	83.3434
2095.77	84.8161
2097.91	86.8857
2100.05	84.3531
2102.19	88.0819
2104.32	86.7955
2106.45	81.7142
2108.59	80.8313
2110.72	83.7203
2112.85	78.9969
2114.98	83.4958
2117.11	82.6875
2119.24	85.7202
2121.37	81.0319
2123.5	87.2735
2125.62	82.0549
2127.75	80.934
2129.87	78.0833
2131.99	77.3687
2134.11	82.4131
2136.24	77.8767
2138.36	81.7795
2140.47	79.2303
2142.59	78.352
2144.71	81.9978
2146.83	78.1438
2148.94	79.3733
2151.06	78.6864
2153.17	76.4695
2155.28	76.4423
2157.39	77.9708
2159.5	79.4055
2161.61	78.2833
2163.72	74.8861
2165.83	72.6299
2167.94	74.8028
2170.04	71.0525
2172.15	73.4499
2174.25	80.1746
2176.35	76.0112
2178.45	75.2552
2180.56	74.0103
2182.66	73.1487
2184.75	71.8011
2186.85	77.2201
2188.95	69.4688
2191.05	68.9361
2193.14	73.2281
2195.24	69.4423
2197.33	68.5982
2199.42	68.3761
2201.51	69.6917
2203.6	65.7562
2205.69	73.0267
2207.78	65.2781
2209.87	65.0559
2211.96	73.0502
2214.04	71.8969
2216.13	69.3753
2218.21	71.2541
2220.29	72.0403
2222.38	71.6604
2224.46	73.7377
2226.54	66.2389
2228.62	70.3847
2230.69	70.9478
2232.77	66.6114
2234.85	62.8889
2236.92	67.8227
2239	67.0256
2241.07	66.7017
2243.15	65.545
2245.22	67.7954
2247.29	65.4771
2249.36	62.1291
2251.43	64.4763
2253.49	63.0343
2255.56	59.5079
2257.63	64.4493
2259.69	58.5003
2261.76	60.815
2263.82	63.1455
2265.88	59.0136
2267.95	63.024
2270.01	61.2386
2272.07	63.708
2274.12	60.8857
2276.18	60.1594
2278.24	63.1462
2280.3	62.7434
2282.35	61.8416
2284.41	59.8237
2286.46	62.0016
2288.51	61.0638
2290.56	61.286
2292.61	60.2466
2294.66	58.5742
2296.71	61.8257
2298.76	62.0743
2300.8	58.3781
2302.85	54.5883
2304.9	55.7694
2306.94	58.0251
2308.98	57.9056
2311.03	55.3642
2313.07	56.4771
2315.11	59.9448
2317.15	56.8499
2319.19	54.6823
2321.22	56.7116
2323.26	54.6015
2325.3	50.8108
2327.33	55.5818
2329.36	57.4872
2331.4	60.6475
2333.43	54.2473
2335.46	55.0251
2337.49	53.4525
2339.52	51.4996
2341.55	53.1647
2343.58	51.3914
2345.6	56.5049
2347.63	62.4695
2349.65	55
2351.68	52.7486
2353.7	55.4689
2355.72	56.9448
2357.74	55.2378
2359.76	54.8105
2361.78	56.1438
2363.8	52.6997
2365.82	51.0581
2367.84	52.1431
2369.85	52.17
2371.87	54.5906
2373.88	50.7912
2375.9	52.5636
2377.91	51.4916
2379.92	49.6091
2381.93	49.0506
2383.94	52.559
2385.95	53.3642
2387.96	52.2611
2389.96	50.9378
2391.97	47.8227
2393.97	50.9914
2395.98	51.0472
2397.98	49.96
2399.98	51.2857
2401.98	52.9437
2403.99	50.6831
2405.99	46.5066
2407.98	47.3892
2409.98	47.2357
2411.98	47.8184
2413.98	47.6983
2415.97	48.2541
2417.96	44.4479
2419.96	50.2903
2421.95	48.1051
2423.94	51.4903
2425.93	42.7006
2427.92	46.9895
2429.91	44.8128
2431.9	47.0589
2433.89	45.7878
2435.87	46.1616
2437.86	46.9448
2439.84	45.7247
2441.83	45.6028
2443.81	45.3706
2445.79	45.0327
2447.77	45.0459
2449.75	45.1082
2451.73	40.3546
2453.71	49.1659
2455.69	46.5906
2457.67	44.2649
2459.64	41.4077
2461.62	42.1462
2463.59	42.9378
2465.56	43.2201
2467.54	42.1746
2469.51	43.8018
2471.48	43.8337
2473.45	39.9391
2475.42	46.715
2477.38	42.9264
2479.35	42.2413
2481.32	43.9448
2483.28	45.4684
2485.25	39.2757
2487.21	38.4695
2489.17	40.9302
2491.13	44.2333
2493.09	40.9151
2495.05	41.9424
2497.01	42.6645
2498.97	38.2934
2500.93	40.6031
2502.89	39.3944
2504.84	40.6094
2506.8	40.8337
2508.75	41.6114
2510.7	40.9448
2512.65	36.2811
2514.61	39.913
2516.56	37.5875
2518.51	41.0395
2520.45	39.7156
2522.4	42.0559
2524.35	44.0054
2526.29	36.9338
2528.24	39.4795
2530.18	41.008
2532.13	41.4479
2534.07	41.5883
2536.01	40.4503
2537.95	37.7093
2539.89	35.9448
2541.83	40.1191
2543.77	37.5982
2545.71	37.5983
2547.64	38.2944
2549.58	40.2649
2551.51	38.717
2553.45	40.6015
2555.38	34.9302
2557.31	42.267
2559.25	42.3971
2561.18	39.6721
2563.11	35.6993
2565.03	35.6045
2566.96	38.9601
2568.89	37.0843
2570.82	34.3684
2572.74	36.5799
2574.67	36.2649
2576.59	32.3816
2578.51	36.292
2580.43	36.3839
2582.36	36.5112
2584.28	37.366
2586.2	36.0076
2588.11	35.3684
2590.03	35.2378
2591.95	35.2989
2593.86	34.8337
2595.78	37.277
2597.69	38.3892
2599.61	37.4014
2601.52	35.7347
2603.43	34.7388
2605.34	35.5982
2607.25	31.5906
2609.16	32.2712
2611.07	32.084
2612.98	31.3152
2614.89	33.3576
2616.79	32.9315
2618.7	35.8337
2620.6	34.4958
2622.5	34.7039
2624.41	30.7126
2626.31	36.9239
2628.21	36.7225
2630.11	35.3706
2632.01	34.2386
2633.91	36.0559
2635.8	35.7225
2637.7	36.8867
2639.6	36.9319
2641.49	35.4695
2643.39	38.9437
2645.28	40.365
2647.17	41.4612
2649.06	42.8226
2650.95	38.717
2652.84	37.9053
2654.73	34.2681
2656.62	39.2386
2658.51	35.7156
2660.4	36.0475
2662.28	34.9315
2664.17	36.0319
2666.05	35.8184
2667.93	40.2773
2669.82	46.0589
2671.7	55.4525
2673.58	75.8105
2675.46	86.4927
2677.34	94.0698
2679.21	78.8367
2681.09	66.4861
2682.97	58.4949
2684.84	48.7378
2686.72	43.911
2688.59	56.1583
2690.47	70.4795
2692.34	95.718
2694.21	217.979
2696.08	259.382
2697.95	203.76
2699.82	152.048
2701.69	87.815
2703.56	74.616
2705.42	62.0343
2707.29	45.9315
2709.15	41.3584
2711.02	38.7347
2712.88	34.2409
2714.75	36.2728
2716.61	33.4979
2718.47	33.7142
2720.33	34.2649
2722.19	34.6847
2724.05	31.7909
2725.9	33.4263
2727.76	33.7093
2729.62	30.8367
2731.47	31.1462
2733.33	32.7942
2735.18	29.1351
2737.03	33.2486
2738.88	28.4525
2740.73	28.1791
2742.59	30.1483
2744.43	30.3836
2746.28	27.7247
2748.13	27.7093
2749.98	28.5944
2751.82	24.6747
2753.67	27.3781
2755.51	32.2705
2757.36	27.1833
2759.2	27.8337
2761.04	27.4916
2762.88	22.9364
