365.286	168.367
368.238	169.472
371.189	181.503
374.139	191.9
377.087	209.445
380.034	217.251
382.979	208.792
385.923	185.303
388.866	176.572
391.806	172.863
394.745	163.935
397.684	158.412
400.62	160.199
403.555	161.381
406.49	164.446
409.421	165.591
412.353	160.873
415.282	160.512
418.209	167.585
421.137	168.098
424.062	171.318
426.985	189.292
429.908	195.226
432.829	194.056
435.748	204.946
438.666	197.446
441.583	200.255
444.498	188.217
447.412	187.059
450.324	184.196
453.235	193.052
456.145	187.967
459.052	193.055
461.959	182.527
464.865	166.093
467.769	159.499
470.671	148.589
473.572	148.367
476.471	156.566
479.37	151.715
482.266	144.967
485.162	149.059
488.056	147.994
490.948	154.742
493.839	148.151
496.73	151.623
499.618	154.678
502.505	153.867
505.39	149.339
508.275	150.317
511.157	150.438
514.039	159.362
516.919	163.587
519.798	159.657
522.674	153.646
525.55	153.002
528.425	143.625
531.297	143.845
534.169	142.708
537.039	140.797
539.908	138.772
542.775	133.265
545.642	132.884
548.506	142.971
551.369	131.479
554.231	141.436
557.092	136.328
559.951	141.826
562.808	141.313
565.664	136.189
568.519	138.308
571.373	134.3
574.225	134.227
577.076	136.452
579.925	141.007
582.773	136.237
585.62	136.469
588.466	135.69
591.309	133.768
594.152	132.41
596.993	136.496
599.832	124.532
602.671	132.306
605.508	133.3
608.343	137.186
611.178	134.67
614.011	134.012
616.842	126.841
619.672	133.289
622.501	133.867
625.329	127.495
628.155	135.204
630.98	135.892
633.802	135.175
636.624	135.18
639.445	133.164
642.264	137.399
645.082	135.922
647.898	136.202
650.714	134.172
653.527	138.237
656.34	142.297
659.151	144.799
661.961	142.007
664.769	141.99
667.576	131.763
670.382	131.698
673.186	120.644
675.989	122.749
678.791	121.075
681.591	121.824
684.39	121.227
687.187	120.663
689.983	122.856
692.779	130.095
695.572	124.758
698.363	120.348
701.155	124.364
703.944	128.696
706.733	132.155
709.519	123.768
712.305	125.039
715.089	124.997
717.871	130.421
720.653	127.226
723.433	132.615
726.212	117.433
728.989	120.681
731.765	124.34
734.54	126.006
737.313	127.933
740.085	125.577
742.856	125.61
745.625	126.077
748.394	127.023
751.16	125.757
753.926	117.767
756.689	122.329
759.452	126.488
762.214	123.497
764.974	126.321
767.733	130.571
770.49	124.673
773.246	124.818
776.001	125.535
778.755	126.967
781.507	128.47
784.258	133.282
787.007	132.33
789.756	130.943
792.502	136.091
795.247	133.179
797.992	135.421
800.735	133.562
803.477	132.949
806.217	136.451
808.956	135.068
811.694	138.951
814.43	137.521
817.165	137.34
819.899	141.357
822.631	134.496
825.362	127.98
828.092	128.275
830.82	124.475
833.548	127.153
836.274	122.496
838.998	125.313
841.721	125.202
844.444	117.819
847.165	117.016
849.884	119.967
852.601	112.523
855.318	123.856
858.034	114.767
860.749	120.033
863.461	123.859
866.173	118.69
868.883	120.188
871.592	117.433
874.3	116.672
877.006	114.401
879.712	120.767
882.415	121.399
885.118	118.1
887.819	124.557
890.519	123.987
893.218	128.414
895.914	124.745
898.611	121.386
901.306	118.967
903.999	125.903
906.692	123.957
909.382	122.151
912.072	122.255
914.761	120.137
917.447	117.957
920.133	118.202
922.818	112.671
925.501	119.243
928.183	118.647
930.864	110.699
933.543	114.57
936.221	113.09
938.898	104.535
941.574	112.138
944.248	107.952
946.921	112.091
949.593	114.609
952.263	113.431
954.932	113.262
957.6	115.256
960.267	114.647
962.932	109.868
965.597	119.795
968.26	115.313
970.922	112.488
973.581	114.892
976.241	122.202
978.898	115.784
981.555	117.543
984.21	122.734
986.864	131.647
989.517	132.929
992.169	134.884
994.819	148.412
997.468	151.246
1000.12	160.041
1002.76	172.182
1005.41	187.408
1008.05	198.881
1010.69	208.432
1013.34	206.041
1015.98	190.256
1018.61	167.933
1021.25	147.188
1023.89	140.559
1026.52	126.791
1029.16	120.155
1031.79	129.349
1034.42	130.926
1037.05	127.659
1039.68	129.355
1042.31	130.1
1044.93	130.163
1047.56	131.594
1050.18	136.556
1052.81	139.575
1055.43	142.089
1058.05	138.609
1060.67	140.203
1063.28	137.423
1065.9	136.09
1068.52	135.106
1071.13	139.657
1073.74	140.118
1076.35	151.226
1078.96	149.108
1081.57	157.412
1084.18	167.078
1086.79	170.573
1089.39	190.018
1092	212.856
1094.6	221.803
1097.2	213.374
1099.8	190.976
1102.4	190.997
1105	165.326
1107.6	161.189
1110.19	165.163
1112.79	163.189
1115.38	174.561
1117.97	171.688
1120.56	170.078
1123.15	178.991
1125.74	167.132
1128.33	161.087
1130.91	154.532
1133.5	139.619
1136.08	133.17
1138.66	127.228
1141.24	127.718
1143.82	128.226
1146.4	131.754
1148.98	131.818
1151.55	134.831
1154.13	131.549
1156.7	131.229
1159.27	128.718
1161.85	122.057
1164.42	121.872
1166.98	115.848
1169.55	117.492
1172.12	119.455
1174.68	113.963
1177.25	115.857
1179.81	118.867
1182.37	111.758
1184.93	108.451
1187.49	106.33
1190.05	104.535
1192.6	108.869
1195.16	104.401
1197.71	106.208
1200.27	103.529
1202.82	104.489
1205.37	100.306
1207.92	93.4032
1210.47	94.21
1213.01	96.2001
1215.56	97.5852
1218.1	94.2169
1220.65	99.9591
1223.19	97.5636
1225.73	97.0308
1228.27	98.5345
1230.81	102.686
1233.35	101.88
1235.88	97.9656
1238.42	106.776
1240.95	100.501
1243.48	100.809
1246.02	102.798
1248.55	105.533
1251.07	109.229
1253.6	100.62
1256.13	103.273
1258.66	104.858
1261.18	107.351
1263.7	108.082
1266.22	106.108
1268.75	105.106
1271.27	107.708
1273.78	106.655
1276.3	109.377
1278.82	109.771
1281.33	108.1
1283.85	103.193
1286.36	116.413
1288.87	107.759
1291.38	108.869
1293.89	111.657
1296.4	111.636
1298.9	108.644
1301.41	103.772
1303.91	102.521
1306.41	104.03
1308.92	106.438
1311.42	104.501
1313.92	105.542
1316.42	111.912
1318.91	103.385
1321.41	111.371
1323.9	106.313
1326.4	116.551
1328.89	121.273
1331.38	118.206
1333.87	122.277
1336.36	125.672
1338.85	126.449
1341.34	128.243
1343.82	119.599
1346.31	118.51
1348.79	120.287
1351.27	115.476
1353.75	120.051
1356.23	118.28
1358.71	124.146
1361.19	122.61
1363.66	125.424
1366.14	133.475
1368.61	129.064
1371.09	136.141
1373.56	138.978
1376.03	148.856
1378.5	151.066
1380.96	154.525
1383.43	156.794
1385.9	152.758
1388.36	136.561
1390.83	145.091
1393.29	129.935
1395.75	124.539
1398.21	116.841
1400.67	116.26
1403.13	112.014
1405.58	108.976
1408.04	107.041
1410.49	110.997
1412.95	106.461
1415.4	105.142
1417.85	107.61
1420.3	111.261
1422.75	111.738
1425.2	109.461
1427.64	102.754
1430.09	109.987
1432.53	106.033
1434.97	104.718
1437.42	108.618
1439.86	101.211
1442.3	107.104
1444.73	105.516
1447.17	100.587
1449.61	100.781
1452.04	99.381
1454.48	100.978
1456.91	93.5852
1459.34	102.421
1461.77	97.3488
1464.2	98.9684
1466.63	95.4412
1469.06	98.1038
1471.48	99.8919
1473.91	97.363
1476.33	99.6975
1478.75	106
1481.17	102.253
1483.6	99.0165
1486.01	90.1169
1488.43	95.18
1490.85	89.2456
1493.27	86.458
1495.68	88.4404
1498.09	86.3276
1500.51	81.8307
1502.92	86.8216
1505.33	85.3878
1507.74	83.0065
1510.14	85.6351
1512.55	85.3391
1514.96	84.8076
1517.36	80.215
1519.77	82.4946
1522.17	80.3018
1524.57	92.0439
1526.97	79.4974
1529.37	84.9365
1531.77	80.7948
1534.16	83.9842
1536.56	81.9778
1538.95	78.5355
1541.35	89.1292
1543.74	84.6556
1546.13	78.2857
1548.52	84.0652
1550.91	86.9821
1553.3	86.312
1555.68	79.929
1558.07	81.9032
1560.45	84.4175
1562.84	82.6822
1565.22	82.0608
1567.6	87.8179
1569.98	91.3567
1572.36	89.8926
1574.74	94.8247
1577.12	89.7191
1579.49	89.861
1581.87	86.7053
1584.24	88.2112
1586.61	86.5826
1588.98	81.9967
1591.35	80.1746
1593.72	79.8254
1596.09	85.6847
1598.46	83.3732
1600.82	78.1931
1603.19	85.8089
1605.55	78.8793
1607.92	80.1931
1610.28	75.8413
1612.64	74.5995
1615	80.4678
1617.36	78.5659
1619.71	83.1678
1622.07	74.3863
1624.42	74.1678
1626.78	78.8442
1629.13	72.6724
1631.48	74.7567
1633.83	67.8086
1636.18	73.3968
1638.53	71.3014
1640.88	69.8979
1643.22	73.6847
1645.57	75.0033
1647.91	74.5994
1650.26	72.9201
1652.6	74.4259
1654.94	71.6712
1657.28	66.8387
1659.62	71.7221
1661.96	69.1878
1664.29	66.1176
1666.63	66.619
1668.96	68.141
1671.3	63.9275
1673.63	67.613
1675.96	69.8352
1678.29	69.4048
1680.62	69.5471
1682.95	67.862
1685.27	63.3592
1687.6	63.7211
1689.92	63.4753
1692.25	65.0901
1694.57	68.6376
1696.89	69.3513
1699.21	63.7233
1701.53	65.6405
1703.85	64.0947
1706.17	67.5377
1708.48	64.7705
1710.8	63.1025
1713.11	66.9566
1715.43	65.0476
1717.74	62.2064
1720.05	61.7128
1722.36	61.554
1724.67	60.1409
1726.97	60.5827
1729.28	63.6248
1731.59	63.5864
1733.89	63.2144
1736.19	62.7888
1738.5	62.0308
1740.8	59.8921
1743.1	63.4831
1745.4	56.5011
1747.7	57.8815
1749.99	60.3133
1752.29	59.4133
1754.58	56.2031
1756.88	58.6388
1759.17	59.4793
1761.46	59.7614
1763.75	57.0652
1766.04	57.8422
1768.33	59.7346
1770.62	56.5799
1772.91	56.0819
1775.19	58.7311
1777.48	57.149
1779.76	54.608
1782.04	53.5617
1784.32	53.5146
1786.6	56.9541
1788.88	57.4821
1791.16	53.2936
1793.44	56.613
1795.71	55.0401
1797.99	50.4885
1800.26	53.5355
1802.54	51.0411
1804.81	57.9857
1807.08	54.5392
1809.35	53.8583
1811.62	51.283
1813.88	54.5264
1816.15	49.6523
1818.42	52.2768
1820.68	53.3276
1822.95	48.8831
1825.21	52.4223
1827.47	48.923
1829.73	50.1439
1831.99	48.0341
1834.25	48.3605
1836.51	51.916
1838.76	48.009
1841.02	50.4625
1843.27	48.9308
1845.52	49.0782
1847.78	48.2206
1850.03	45.0928
1852.28	47.8725
1854.53	49.3175
1856.78	50.2284
1859.02	43.153
1861.27	44.0792
1863.51	48.262
1865.76	48.098
1868	45.1567
1870.24	41.9689
1872.48	46.7015
1874.72	44.3513
1876.96	44.8324
1879.2	43.4055
1881.44	42.5502
1883.67	45.08
1885.91	44.4695
1888.14	45.4757
1890.37	41.8
1892.61	41.6847
1894.84	44.6651
1897.07	44.4969
1899.29	43.1068
1901.52	41.2375
1903.75	50.914
1905.97	43.9358
1908.2	40.2445
1910.42	42.9984
1912.64	42.9092
1914.87	43.8698
1917.09	43.4175
1919.31	49.5393
1921.52	47.9365
1923.74	40.0419
1925.96	43.7228
1928.17	44.2909
1930.39	47.7085
1932.6	43.7191
1934.81	40.027
1937.03	42.5434
1939.24	44.0968
1941.45	40.4391
1943.65	45.8698
1945.86	42.3408
1948.07	40.9217
1950.27	40.4145
1952.48	44.1264
1954.68	40.1657
1956.88	38.1381
1959.08	40.599
1961.29	38.4223
1963.48	38.9947
1965.68	40.4519
1967.88	41.1657
1970.08	37.7381
1972.27	39.961
1974.47	40.9069
1976.66	41.9947
1978.85	38.48
1981.04	37.5524
1983.23	39.8964
1985.42	41.6623
1987.61	40.7931
1989.8	38.8836
1991.99	37.3661
1994.17	40.1201
1996.36	37.1419
1998.54	40.6011
2000.72	36.9603
2002.9	37.8191
2005.08	39.4625
2007.26	37.3789
2009.44	37.3175
2011.62	35.6523
2013.8	40.3662
2015.97	34.6847
2018.15	36.2402
2020.32	39.0456
2022.49	36.5868
2024.66	36.7725
2026.83	38.6535
2029	42.8
2031.17	34.8224
2033.34	37.1813
2035.51	34.2374
2037.67	36.7291
2039.84	33.3513
2042	38.7113
2044.16	38.4667
2046.32	40.0328
2048.48	34.7085
2050.64	36.319
2052.8	39.0152
2054.96	37.5982
2057.12	33.9335
2059.27	35.5736
2061.43	38.5271
2063.58	33.499
2065.73	36.499
2067.89	34.2563
2070.04	32.0308
2072.19	37.0033
2074.34	37.0113
2076.48	35.7958
2078.63	36.8698
2080.78	34.9591
2082.92	35.2269
2085.07	35.2796
2087.21	36.5462
2089.35	34.9308
2091.49	35.1291
2093.63	33.6979
2095.77	35.2668
2097.91	35.8312
2100.05	35.9473
2102.19	31.6348
2104.32	32.9323
2106.45	33.3408
2108.59	34.5068
2110.72	32.9603
2112.85	36.6523
2114.98	33.7101
2117.11	36.7263
2119.24	38.1557
2121.37	31.1903
2123.5	30.328
2125.62	32.9435
2127.75	33.8767
2129.87	34.2846
2131.99	34.7122
2134.11	35.3022
2136.24	31.2169
2138.36	32.3408
2140.47	32.7478
2142.59	30.7228
2144.71	34.027
2146.83	33.4413
2148.94	32.6011
2151.06	34.4133
2153.17	34.9111
2155.28	35.248
2157.39	32.8873
2159.5	35.1068
2161.61	30.8979
2163.72	33.3072
2165.83	31.0097
2167.94	34.3605
2170.04	32.489
2172.15	33.8254
2174.25	28.8668
2176.35	32.8492
2178.45	31.9001
2180.56	32.2169
2182.66	35.8036
2184.75	33.9423
2186.85	31.2445
2188.95	33.4428
2191.05	31.1452
2193.14	34.1567
2195.24	28.5256
2197.33	29.49
2199.42	35.7045
2201.51	27.4391
2203.6	31.7459
2205.69	31.604
2207.78	29.873
2209.87	28.5502
2211.96	28.1685
2214.04	30.5502
2216.13	30.4125
2218.21	33.4506
2220.29	34.554
2222.38	34.5412
2224.46	31.5237
2226.54	30.1557
2228.62	29.5896
2230.69	29.2535
2232.77	27.7725
2234.85	31.08
2236.92	32.3085
2239	28.5602
2241.07	27.2936
2243.15	28.4519
2245.22	29.2297
2247.29	30.3423
2249.36	28.3022
2251.43	29.6614
2253.49	27.4223
2255.56	29.8212
2257.63	28.6994
2259.69	27.4921
2261.76	29.8979
2263.82	35.7381
2265.88	28.1657
2267.95	30.2255
2270.01	27.7541
2272.07	27.5646
2274.12	26.8107
2276.18	28.4863
2278.24	25.2169
2280.3	23.4667
2282.35	29.3556
2284.41	27.153
2286.46	26.4695
2288.51	23.5244
2290.56	29.0258
2292.61	28.8212
2294.66	27.5397
2296.71	28.1058
2298.76	25.9201
2300.8	30.1773
2302.85	31.5412
2304.9	28.563
2306.94	24.1798
2308.98	27.8027
2311.03	26.8224
2313.07	25.7761
2315.11	28.0722
2317.15	26.9345
2319.19	27.2678
2321.22	25.2207
2323.26	26.6623
2325.3	26.8028
2327.33	24.5256
2329.36	25.5911
2331.4	26.7135
2333.43	24.563
2335.46	25.7388
2337.49	24.1424
2339.52	31.4863
2341.55	23.4519
2343.58	27.2402
2345.6	28.4647
2347.63	38.1673
2349.65	20.6367
2351.68	25.248
2353.7	22.9345
2355.72	24.7556
2357.74	24.7381
2359.76	25.1567
2361.78	25.7853
2363.8	21.3556
2365.82	22.0953
2367.84	24.3942
2369.85	22.3408
2371.87	22.2297
2373.88	24.172
2375.9	25.4301
2377.91	25.5158
2379.92	23.4047
2381.93	24.8964
2383.94	25.4969
2385.95	29.1567
2387.96	20.627
2389.96	27.1186
2391.97	19.9201
2393.97	20.0446
2395.98	22.5868
2397.98	22.563
2399.98	23.009
2401.98	20.9345
2403.99	23.08
2405.99	22.0419
2407.98	21.3408
2409.98	22.3408
2411.98	25.0722
2413.98	23.6651
2415.97	19.7853
2417.96	20.2402
2419.96	20.9947
2421.95	21.9413
2423.94	21.682
2425.93	21.4145
2427.92	19.8845
2429.91	23.6089
2431.9	23.1018
2433.89	19.2944
2435.87	19.4785
2437.86	20.328
2439.84	21.2297
2441.83	18.6994
2443.81	20.0434
2445.79	19.682
2447.77	18.563
2449.75	18.6614
2451.73	20.6819
2453.71	16.8668
2455.69	20.8857
2457.67	20.8302
2459.64	14.7725
2461.62	18.3789
2463.59	20.2445
2465.56	18.8874
2467.54	18.0546
2469.51	19.2169
2471.48	20.5502
2473.45	16.5736
2475.42	23.7388
2477.38	20.8964
2479.35	20.7853
2481.32	19.4223
2483.28	22.7529
2485.25	19.2936
2487.21	16.7725
2489.17	19.009
2491.13	18.6445
2493.09	15.3673
2495.05	18.563
2497.01	17.5068
2498.97	16.6164
2500.93	19.2297
2502.89	15.8224
2504.84	18.6757
2506.8	17.0222
2508.75	18.3049
2510.7	15.6614
2512.65	17.1291
2514.61	18.945
2516.56	16.923
2518.51	15.7381
2520.45	14.6847
2522.4	13.7086
2524.35	17.3014
2526.29	13.7646
2528.24	14.5778
2530.18	16.9985
2532.13	19.1833
2534.07	16.6847
2536.01	12.2297
2537.95	16.6011
2539.89	18.255
2541.83	16.2179
2543.77	15.5814
2545.71	16.2269
2547.64	14.6508
2549.58	13.2944
2551.51	14.3022
2553.45	16.3957
2555.38	16.1452
2557.31	17.4491
2559.25	17.3423
2561.18	12.4506
2563.11	13.328
2565.03	17.6729
2566.96	13.5068
2568.89	12.809
2570.82	13.4125
2572.74	14.9111
2574.67	14.6551
2576.59	16.8212
2578.51	15.319
2580.43	13.5502
2582.36	14.1708
2584.28	14.0456
2586.2	12.9435
2588.11	13.6847
2590.03	14.0328
2591.95	14.5646
2593.86	14.7824
2595.78	13.9435
2597.69	12.8951
2599.61	14.9984
2601.52	15.7291
2603.43	14.4519
2605.34	16.2169
2607.25	16.9308
2609.16	15.0075
2611.07	15.49
2612.98	12.9716
2614.89	13.9779
2616.79	12.9435
2618.7	12.153
2620.6	13.7868
2622.5	12.665
2624.41	16.3423
2626.31	12.9869
2628.21	15.3408
2630.11	15.8224
2632.01	16.3014
2633.91	14.9969
2635.8	17.8767
2637.7	12.4401
2639.6	13.9689
2641.49	14.4862
2643.39	18.563
2645.28	20.9689
2647.17	26.5502
2649.06	22.7958
2650.95	18.7635
2652.84	19.1173
2654.73	16.9681
2656.62	13.1452
2658.51	15.9069
2660.4	16.6348
2662.28	17.1825
2664.17	15.8964
2666.05	16.4223
2667.93	18.2656
2669.82	24.1424
2671.7	34.8027
2673.58	55.627
2675.46	68.3646
2677.34	71.1451
2679.21	50.6523
2681.09	42.2678
2682.97	40.5502
2684.84	28.9842
2686.72	25.034
2688.59	29.9069
2690.47	52.0792
2692.34	73.0714
2694.21	188.831
2696.08	191.627
2697.95	195.96
2699.82	148.87
2701.69	76.1903
2703.56	50.4047
2705.42	40.7824
2707.29	29.0953
2709.15	25.3568
2711.02	18.1334
2712.88	15.9217
2714.75	15.6742
2716.61	16.9069
2718.47	16.7191
2720.33	16.4391
2722.19	14.7191
2724.05	13.5166
2725.9	16.7646
2727.76	14.1557
2729.62	14.2375
2731.47	16.3984
2733.33	12.2656
2735.18	12.0075
2737.03	14.3752
2738.88	13.2064
2740.73	12.7201
2742.59	15.9857
2744.43	14.5814
2746.28	12.7354
2748.13	13.5068
2749.98	10.153
2751.82	12.1557
2753.67	11.3857
2755.51	11.1825
2757.36	9.59896
2759.2	9.20638
2761.04	11.4625
2762.88	10.0251
