365.286	280.494
368.238	281.512
371.189	291.857
374.139	302.826
377.087	312.272
380.034	324.604
382.979	315.804
385.923	297.824
388.866	295.9
391.806	285.364
394.745	274.246
397.684	279.595
400.62	286.303
403.555	281.447
406.49	287.165
409.421	281.84
412.353	281.739
415.282	283.253
418.209	293.348
421.137	281.919
424.062	295.251
426.985	295.986
429.908	301.142
432.829	315.598
435.748	322.678
438.666	317.036
441.583	314.563
444.498	305.808
447.412	292.48
450.324	289.6
453.235	296.913
456.145	301.083
459.052	293.87
461.959	296.582
464.865	269.484
467.769	266.817
470.671	262.162
473.572	262.935
476.471	258.633
479.37	254.935
482.266	252.41
485.162	254.379
488.056	258.817
490.948	256.915
493.839	258.693
496.73	254.391
499.618	256.268
502.505	260.067
505.39	258.951
508.275	257.808
511.157	267.357
514.039	263.249
516.919	266.731
519.798	264.759
522.674	250.395
525.55	252.586
528.425	244.299
531.297	247.56
534.169	240.146
537.039	235.364
539.908	243.595
542.775	240.697
545.642	235.14
548.506	235.947
551.369	244.346
554.231	236.606
557.092	240.712
559.951	236.712
562.808	236.157
565.664	242.205
568.519	240.717
571.373	243.28
574.225	240.076
577.076	248.937
579.925	261.29
582.773	253.041
585.62	252.109
588.466	242.839
591.309	240.776
594.152	238.062
596.993	233.381
599.832	230.076
602.671	230.885
605.508	232.046
608.343	230.568
611.178	235.455
614.011	231.648
616.842	231.274
619.672	231.882
622.501	228.752
625.329	226.701
628.155	236.922
630.98	239.939
633.802	242.537
636.624	236.246
639.445	232.242
642.264	235.597
645.082	232.706
647.898	230.046
650.714	240.693
653.527	255.059
656.34	261.041
659.151	261.131
661.961	251.885
664.769	247.82
667.576	233.137
670.382	231.008
673.186	223.026
675.989	219.648
678.791	226.375
681.591	213.936
684.39	222.41
687.187	214.537
689.983	215.235
692.779	210.893
695.572	223.004
698.363	225.845
701.155	225.94
703.944	217.227
706.733	222.824
709.519	221.986
712.305	220.069
715.089	219.031
717.871	217.646
720.653	230.289
723.433	227.372
726.212	219.94
728.989	223.353
731.765	230.048
734.54	220.58
737.313	222.157
740.085	215.679
742.856	221.702
745.625	220.771
748.394	229.137
751.16	223.225
753.926	209.549
756.689	232.992
759.452	222.039
762.214	218.618
764.974	220.251
767.733	225.863
770.49	216.604
773.246	225.249
776.001	226.237
778.755	227.018
781.507	225.972
784.258	217.902
787.007	220.537
789.756	226.627
792.502	231.4
795.247	222.689
797.992	236.975
800.735	228.808
803.477	223.893
806.217	233.542
808.956	232.15
811.694	238.786
814.43	242.53
817.165	239.986
819.899	236.146
822.631	224.421
825.362	224.585
828.092	209.266
830.82	207.369
833.548	212.425
836.274	208.061
838.998	205.253
841.721	209.178
844.444	211.698
847.165	207.87
849.884	208.532
852.601	204.4
855.318	205.642
858.034	211.914
860.749	194.693
863.461	202.321
866.173	204.3
868.883	207.415
871.592	198.236
874.3	202.169
877.006	197.864
879.712	207.405
882.415	198.448
885.118	210.591
887.819	199.847
890.519	206.474
893.218	208.92
895.914	212.824
898.611	207.331
901.306	200.527
903.999	208.411
906.692	211.755
909.382	199.02
912.072	209.698
914.761	203.977
917.447	203.146
920.133	193.471
922.818	197.712
925.501	199.84
928.183	190.92
930.864	194.693
933.543	201.902
936.221	197.521
938.898	207.706
941.574	197.998
944.248	200.251
946.921	199.025
949.593	207.359
952.263	200.87
954.932	200.157
957.6	198.96
960.267	201.178
962.932	207.718
965.597	204.295
968.26	198.379
970.922	202.225
973.581	210.84
976.241	204.905
978.898	208.68
981.555	223.29
984.21	231.69
986.864	240.86
989.517	253.95
992.169	271.03
994.819	287.876
997.468	312.595
1000.12	341.477
1002.76	353.162
1005.41	367.563
1008.05	384.018
1010.69	372.943
1013.34	353.94
1015.98	324.705
1018.61	287.803
1021.25	250.664
1023.89	229.611
1026.52	232.843
1029.16	223.713
1031.79	218.765
1034.42	212.099
1037.05	211.521
1039.68	217.495
1042.31	224.432
1044.93	221.061
1047.56	241.877
1050.18	242.721
1052.81	244.935
1055.43	237.521
1058.05	238.861
1060.67	236.458
1063.28	240.75
1065.9	240.003
1068.52	256.492
1071.13	272.826
1073.74	289.381
1076.35	306.052
1078.96	316.359
1081.57	293.715
1084.18	294.597
1086.79	291.734
1089.39	295.823
1092	311.03
1094.6	312.502
1097.2	300.401
1099.8	287.835
1102.4	286.36
1105	263.401
1107.6	265.951
1110.19	253.378
1112.79	264.306
1115.38	264.062
1117.97	284.187
1120.56	287.124
1123.15	266.041
1125.74	257.283
1128.33	250.86
1130.91	248.051
1133.5	237.67
1136.08	231.595
1138.66	226.33
1141.24	221.863
1143.82	218.452
1146.4	220.795
1148.98	229.924
1151.55	234.718
1154.13	234.043
1156.7	226.845
1159.27	225.601
1161.85	213.314
1164.42	208.379
1166.98	212.604
1169.55	218.094
1172.12	222.758
1174.68	229.301
1177.25	233.394
1179.81	234.141
1182.37	228.746
1184.93	213.616
1187.49	205.839
1190.05	210.823
1192.6	209.178
1195.16	203.835
1197.71	208.528
1200.27	200.95
1202.82	202.575
1205.37	206.582
1207.92	187.512
1210.47	199.015
1213.01	197.306
1215.56	199.224
1218.1	191.321
1220.65	197.759
1223.19	202.824
1225.73	202.077
1228.27	206.062
1230.81	198.266
1233.35	202.734
1235.88	208.045
1238.42	210.744
1240.95	209.811
1243.48	205.039
1246.02	211.318
1248.55	206.521
1251.07	206.633
1253.6	208.95
1256.13	205.935
1258.66	212.956
1261.18	213.607
1263.7	215.601
1266.22	208.249
1268.75	214.909
1271.27	211.582
1273.78	214.23
1276.3	223.15
1278.82	219.718
1281.33	213.922
1283.85	216.69
1286.36	220.517
1288.87	228.046
1291.38	224.364
1293.89	228.031
1296.4	217.24
1298.9	216.273
1301.41	224.918
1303.91	213.49
1306.41	211.299
1308.92	215.601
1311.42	201.369
1313.92	216.579
1316.42	221.913
1318.91	214.452
1321.41	214.321
1323.9	206.465
1326.4	210.623
1328.89	217.808
1331.38	218.336
1333.87	215.326
1336.36	217.811
1338.85	213.913
1341.34	213.157
1343.82	210.162
1346.31	213.046
1348.79	209.691
1351.27	212.691
1353.75	206.706
1356.23	222.273
1358.71	212.02
1361.19	222.861
1363.66	217.353
1366.14	226.966
1368.61	228.447
1371.09	231.421
1373.56	237.706
1376.03	250.02
1378.5	253.457
1380.96	257.968
1383.43	247.221
1385.9	252.708
1388.36	245.031
1390.83	237.618
1393.29	225.249
1395.75	216.372
1398.21	205.465
1400.67	205.452
1403.13	195.712
1405.58	190.512
1408.04	200.845
1410.49	199.582
1412.95	200.829
1415.4	191.255
1417.85	212.273
1420.3	195.654
1422.75	201.749
1425.2	204.512
1427.64	205.7
1430.09	201.935
1432.53	202.151
1434.97	202.734
1437.42	195.099
1439.86	192.384
1442.3	197.162
1444.73	196.897
1447.17	193.252
1449.61	185.417
1452.04	187.002
1454.48	182.687
1456.91	182.278
1459.34	177.321
1461.77	179.018
1464.2	169.36
1466.63	176.552
1469.06	180.178
1471.48	180.807
1473.91	174.051
1476.33	178.744
1478.75	175.597
1481.17	174.469
1483.6	175.367
1486.01	171.157
1488.43	164.123
1490.85	167.504
1493.27	165.665
1495.68	171.616
1498.09	168.046
1500.51	166.115
1502.92	168.537
1505.33	156.357
1507.74	166.173
1510.14	161.403
1512.55	165.008
1514.96	165.046
1517.36	168.249
1519.77	165.49
1522.17	158.608
1524.57	167.358
1526.97	176.209
1529.37	171.808
1531.77	175.701
1534.16	172.49
1536.56	168.807
1538.95	177.664
1541.35	168.497
1543.74	171.528
1546.13	180.823
1548.52	180.907
1550.91	189.135
1553.3	193.528
1555.68	182.321
1558.07	192.253
1560.45	189.401
1562.84	193.734
1565.22	194.386
1567.6	203.141
1569.98	211.348
1572.36	215.681
1574.74	230.839
1577.12	234.03
1579.49	239.696
1581.87	251.061
1584.24	252.121
1586.61	245.631
1588.98	219.727
1591.35	201.452
1593.72	195.433
1596.09	186.409
1598.46	179.95
1600.82	173.792
1603.19	169.819
1605.55	164.197
1607.92	162.816
1610.28	164.316
1612.64	151.464
1615	157.067
1617.36	152.01
1619.71	151.517
1622.07	147.97
1624.42	142.054
1626.78	142.798
1629.13	143.332
1631.48	143.674
1633.83	139.535
1636.18	139.046
1638.53	141.928
1640.88	141.327
1643.22	138.138
1645.57	127.684
1647.91	134.822
1650.26	135.504
1652.6	136.839
1654.94	131.96
1657.28	126.711
1659.62	133.574
1661.96	135.02
1664.29	125.918
1666.63	123.367
1668.96	125.438
1671.3	127.504
1673.63	125.505
1675.96	122.952
1678.29	127.789
1680.62	121.778
1682.95	121.55
1685.27	121.307
1687.6	116.541
1689.92	121.816
1692.25	117.005
1694.57	117.96
1696.89	116.332
1699.21	117.629
1701.53	109.693
1703.85	115.699
1706.17	110.541
1708.48	116.319
1710.8	118.583
1713.11	107.304
1715.43	114.887
1717.74	114.362
1720.05	112.495
1722.36	106.4
1724.67	103.05
1726.97	108.112
1729.28	109.46
1731.59	107.518
1733.89	108.439
1736.19	105.044
1738.5	105.398
1740.8	98.843
1743.1	98.0587
1745.4	97.8063
1747.7	100.503
1749.99	100.329
1752.29	103.423
1754.58	95.6294
1756.88	95.0652
1759.17	95.6535
1761.46	91.4667
1763.75	94.1547
1766.04	100.591
1768.33	96.7976
1770.62	89.6521
1772.91	89.6455
1775.19	97.1031
1777.48	93.7955
1779.76	92.1763
1782.04	86.2011
1784.32	93.7676
1786.6	89.2445
1788.88	88.7784
1791.16	87.5097
1793.44	88.9541
1795.71	90.5496
1797.99	85.4451
1800.26	86.9367
1802.54	86.0694
1804.81	86.0502
1807.08	93.414
1809.35	79.8559
1811.62	82.1125
1813.88	82.0667
1816.15	87.7782
1818.42	78.35
1820.68	83.705
1822.95	84.2394
1825.21	77.7632
1827.47	89.5226
1829.73	78.0006
1831.99	82.3188
1834.25	76.0265
1836.51	85.1334
1838.76	74.3695
1841.02	78.6715
1843.27	79.8677
1845.52	79.7622
1847.78	77.1149
1850.03	78.8313
1852.28	78.4063
1854.53	75.8895
1856.78	78.8517
1859.02	79.9735
1861.27	80.1118
1863.51	81.7448
1865.76	76.3985
1868	76.1763
1870.24	77.0361
1872.48	75.2293
1874.72	79.3177
1876.96	79.5454
1879.2	77.4342
1881.44	69.5475
1883.67	75.8559
1885.91	78.1118
1888.14	71.6607
1890.37	74.6823
1892.61	77.4601
1894.84	71.3338
1897.07	70.0265
1899.29	70.1547
1901.52	77.7254
1903.75	78.185
1905.97	71.9111
1908.2	72.3274
1910.42	72.1763
1912.64	77.0652
1914.87	72.6986
1917.09	69.6337
1919.31	73.3122
1921.52	80.4612
1923.74	75.7848
1925.96	69.7976
1928.17	70.1267
1930.39	74.3834
1932.6	70.9003
1934.81	69.6889
1937.03	72.7622
1939.24	72.35
1941.45	68.0652
1943.65	69.0739
1945.86	72.0752
1948.07	64.5712
1950.27	73.6553
1952.48	62.3911
1954.68	66.6931
1956.88	69.09
1959.08	66.2573
1961.29	65.3598
1963.48	68.2011
1965.68	68.8927
1967.88	65.0156
1970.08	62.5712
1972.27	69.6502
1974.47	62.0071
1976.66	58.6673
1978.85	65.4449
1981.04	65.185
1983.23	62.8895
1985.42	58.8959
1987.61	60.8677
1989.8	57.2757
1991.99	61.5875
1994.17	60.3338
1996.36	65.4449
1998.54	58.5399
2000.72	64.8893
2002.9	63.4233
2005.08	59.377
2007.26	64.0004
2009.44	59.6834
2011.62	56.2605
2013.8	55.7566
2015.97	62.3532
2018.15	58.4515
2020.32	51.7934
2022.49	59.8677
2024.66	58.2293
2026.83	54.8872
2029	55.4667
2031.17	53.8829
2033.34	58.3338
2035.51	57.2378
2037.67	53.0383
2039.84	55.747
2042	56.6838
2044.16	51.3122
2046.32	52.2961
2048.48	58.8893
2050.64	55.7566
2052.8	58.0781
2054.96	57.8097
2057.12	57.2205
2059.27	53.8161
2061.43	56.8214
2063.58	50.3122
2065.73	46.9983
2067.89	53.8959
2070.04	51.556
2072.19	55.5226
2074.34	52.377
2076.48	48.0222
2078.63	48.5754
2080.78	46.5247
2082.92	50.6607
2085.07	47.6358
2087.21	48.1115
2089.35	51.4385
2091.49	45.1182
2093.63	48.3177
2095.77	49.994
2097.91	42.9692
2100.05	47.9788
2102.19	45.0997
2104.32	47.7848
2106.45	48.3338
2108.59	47.7976
2110.72	46.1115
2112.85	45.3598
2114.98	48.6737
2117.11	51.0105
2119.24	47.0739
2121.37	45.2327
2123.5	46.3716
2125.62	45.6834
2127.75	47.7848
2129.87	49.7028
2131.99	43.4451
2134.11	40.2293
2136.24	41.9111
2138.36	46.1051
2140.47	42.3177
2142.59	39.392
2144.71	46.3122
2146.83	41.9788
2148.94	40.1376
2151.06	42.5247
2153.17	42.1115
2155.28	38.1182
2157.39	41.6455
2159.5	43.09
2161.61	38.8893
2163.72	35.6455
2165.83	41.9788
2167.94	42.6889
2170.04	41.1115
2172.15	38.4827
2174.25	40.0071
2176.35	40.9844
2178.45	40.2961
2180.56	45.3003
2182.66	35.2487
2184.75	41.1051
2186.85	43.7566
2188.95	42.6308
2191.05	44.1051
2193.14	43.7244
2195.24	37.1914
2197.33	38.6358
2199.42	37.3287
2201.51	40.3338
2203.6	39.747
2205.69	47.2176
2207.78	45.6889
2209.87	50.2454
2211.96	47.0752
2214.04	53.455
2216.13	52.7731
2218.21	67.4677
2220.29	71.141
2222.38	77.4743
2224.46	81.3566
2226.54	75.0232
2228.62	68.3632
2230.69	65.0298
2232.77	59.6772
2234.85	55.4743
2236.92	52.3253
2239	48.5259
2241.07	44.9315
2243.15	45.992
2245.22	45.4398
2247.29	41.8908
2249.36	39.8893
2251.43	41.8581
2253.49	38.5727
2255.56	32.0383
2257.63	35.6358
2259.69	37.2389
2261.76	36.2378
2263.82	32.6099
2265.88	29.8959
2267.95	31.0781
2270.01	28.3122
2272.07	29.776
2274.12	31.9983
2276.18	29.8893
2278.24	30.6208
2280.3	29.1494
2282.35	29.8893
2284.41	29.2961
2286.46	29.5712
2288.51	30.1115
2290.56	28.7254
2292.61	27.4612
2294.66	28.4115
2296.71	26.6455
2298.76	31.2205
2300.8	29.6455
2302.85	23.705
2304.9	26.2227
2306.94	29.5496
2308.98	24.8893
2311.03	23.2421
2313.07	26.6521
2315.11	26.4072
2317.15	21.3338
2319.19	25.7566
2321.22	26.9855
2323.26	18.9692
2325.3	24.9692
2327.33	21.6359
2329.36	23.3404
2331.4	24.4136
2333.43	24.8938
2335.46	21.4233
2337.49	23.9692
2339.52	21.2227
2341.55	25.1914
2343.58	27.2227
2345.6	24.0803
2347.63	33.9855
2349.65	21.3188
2351.68	21.1115
2353.7	21.3003
2355.72	22.4515
2357.74	17.2227
2359.76	20.5344
2361.78	21.6671
2363.8	15.7632
2365.82	19.8581
2367.84	20.2378
2369.85	21.3338
2371.87	20.0004
2373.88	19.1914
2375.9	16.6671
2377.91	16.4449
2379.92	18.7782
2381.93	18.8581
2383.94	17.8893
2385.95	22.2011
2387.96	18.8893
2389.96	19.7782
2391.97	20.4449
2393.97	20.7782
2395.98	17.4233
2397.98	15.5939
2399.98	20.6359
2401.98	18.0997
2403.99	16.6359
2405.99	18.556
2407.98	18.9272
2409.98	16.3338
2411.98	13.6737
2413.98	13.2011
2415.97	15.8893
2417.96	15.2227
2419.96	18.3025
2421.95	15.1914
2423.94	16.556
2425.93	14.6133
2427.92	16.0803
2429.91	13.0739
2431.9	14.8365
2433.89	10.5247
2435.87	12.3404
2437.86	12.3025
2439.84	11.9692
2441.83	12.8959
2443.81	15.7848
2445.79	14.6359
2447.77	13.7782
2449.75	13.0071
2451.73	8.96918
2453.71	12.6671
2455.69	15.5247
2457.67	11.8893
2459.64	14.1115
2461.62	9.00705
2463.59	9.96918
2465.56	17.0199
2467.54	12.2605
2469.51	11.4449
2471.48	11.6359
2473.45	11.8677
2475.42	11.4515
2477.38	12.09
2479.35	10.2227
2481.32	11.3025
2483.28	10.9788
2485.25	9.20768
2487.21	10.2293
2489.17	13.3716
2491.13	7.28092
2493.09	11.0004
2495.05	13.556
2497.01	10.6359
2498.97	11.0004
2500.93	10.4449
2502.89	10.5344
2504.84	10.6359
2506.8	9.39204
2508.75	7.85807
2510.7	11.1914
2512.65	8.74696
2514.61	6.54102
2516.56	7.22266
2518.51	9.63585
2520.45	31.9225
2522.4	20.09
2524.35	10.5344
2526.29	10.4136
2528.24	10.1115
2530.18	6.34039
2532.13	6.74696
2534.07	10.5247
2536.01	9.33377
2537.95	7.26053
2539.89	9.16981
2541.83	6.22266
2543.77	5.22266
2545.71	9.00043
2547.64	5.08995
2549.58	6.0803
2551.51	9.81608
2553.45	5.22928
2555.38	9.97884
2557.31	7.11155
2559.25	8.77821
2561.18	5.0803
2563.11	6.00043
2565.03	6.96918
2566.96	6.00043
2568.89	4.88932
2570.82	7.85807
2572.74	7.5344
2574.67	4.30035
2576.59	4.77821
2578.51	3.44271
2580.43	7.11816
2582.36	6.44488
2584.28	7.52474
2586.2	-1.03082
2588.11	3.77821
2590.03	2.33377
2591.95	7.6671
2593.86	5.85807
2595.78	6.00705
2597.69	7.0803
2599.61	5.87435
2601.52	3.96918
2603.43	5.07813
2605.34	5.63585
2607.25	3.68652
2609.16	3.52474
2611.07	2.86773
2612.98	5.97884
2614.89	4.55599
2616.79	1.88932
2618.7	0.0802951
2620.6	6.11155
2622.5	1.33377
2624.41	2.55599
2626.31	5.33377
2628.21	4.44488
2630.11	2.77821
2632.01	2.6671
2633.91	7.22266
2635.8	6.22266
2637.7	4.4515
2639.6	-1.60796
2641.49	5.30252
2643.39	5.56261
2645.28	9.81608
2647.17	9.22266
2649.06	16.7782
2650.95	9.08995
2652.84	3.19141
2654.73	4.31217
2656.62	3.88932
2658.51	4.33377
2660.4	5.63585
2662.28	5.44488
2664.17	4.55599
2666.05	2.88932
2667.93	8.41363
2669.82	9.6671
2671.7	26.7566
2673.58	44.8581
2675.46	59.556
2677.34	53.2011
2679.21	39.6358
2681.09	33.5399
2682.97	28.651
2684.84	20.2605
2686.72	13.2227
2688.59	26.8581
2690.47	42.0803
2692.34	65.9692
2694.21	194.483
2696.08	242.08
2697.95	187.138
2699.82	137.683
2701.69	65.2389
2703.56	39.1094
2705.42	31.8959
2707.29	16.4233
2709.15	15.7566
2711.02	5.63585
2712.88	4.88932
2714.75	2.20768
2716.61	1.85807
2718.47	2.0803
2720.33	0.858073
2722.19	-0.13227
2724.05	-2.36415
2725.9	0.55599
2727.76	1.00705
2729.62	-1.25304
2731.47	1.77821
2733.33	2.20106
2735.18	-0.697483
2737.03	-0.44401
2738.88	-1.68783
2740.73	-5.44401
2742.59	-3.88184
2744.43	-3.22179
2746.28	-4.66623
2748.13	-5.99957
2749.98	-4.99295
2751.82	-1.9197
2753.67	-5.35449
2755.51	-2.3329
2757.36	-2.99957
2759.2	-5.91005
2761.04	-6.66623
2762.88	-1.5357
