188.706	75.5556
191.305	91.3333
193.902	100.889
196.499	108.222
199.096	108.222
201.69	133.333
204.284	140.444
206.877	126.889
209.47	93.5555
212.062	77.7778
214.652	69.3333
217.242	69.5556
219.83	68.8889
222.419	63.7778
225.005	60.2222
227.592	60.6667
230.177	54.6667
232.762	52.8889
235.345	49.7778
237.928	51.1111
240.509	53.3333
243.09	51.5556
245.671	50
248.249	52
250.829	49.1111
253.405	50.2222
255.983	52.8889
258.558	50.4444
261.132	50.4444
263.707	47.3333
266.28	51.1111
268.852	48.8889
271.424	50
273.994	48.8889
276.564	49.5556
279.133	50.2222
281.701	50.8889
284.268	49.5556
286.835	48.6667
289.4	47.1111
291.964	50
294.527	52.2222
297.091	50.8889
299.653	52.6667
302.214	51.7778
304.774	51.7778
307.334	50.8889
309.892	51.1111
312.45	49.1111
315.006	47.3333
317.562	51.3333
320.118	50
322.672	50.2222
325.225	50
327.778	48.8889
330.329	51.7778
332.88	49.3333
335.43	49.1111
337.978	50.2222
340.528	50.6667
343.075	47.5556
345.622	48.4444
348.167	48.4444
350.712	48.6667
353.256	49.7778
355.799	52.8889
358.341	49.7778
360.883	53.1111
363.423	50.8889
365.963	52.2222
368.502	53.7778
371.04	55.7778
373.577	57.3333
376.114	59.1111
378.649	60.8889
381.184	61.5556
383.718	64.8889
386.251	67.5556
388.783	71.3333
391.314	74.4444
393.844	80.4444
396.373	82.6667
398.902	85.1111
401.43	86.2222
403.957	77.5555
406.484	67.3333
409.009	60
411.534	61.7778
414.057	57.5556
416.58	52.6667
419.102	54.8889
421.624	56.4444
424.144	59.5556
426.663	56.8889
429.181	57.7778
431.7	59.1111
434.217	56.4444
436.732	54
439.248	50.6667
441.763	48.2222
444.277	46.4444
446.788	47.5556
449.301	46.6667
451.812	47.5556
454.322	44.6667
456.831	46.8889
459.341	48
461.847	47.5556
464.355	45.5556
466.861	48.6667
469.366	46.6667
471.871	48.4444
474.374	47.3333
476.877	46.8889
479.378	48.2222
481.88	49.5556
484.381	50.6667
486.879	51.7778
489.379	53.3333
491.876	50.4444
494.373	48.4444
496.869	50
499.365	48.2222
501.858	48.2222
504.353	46
506.845	43.7778
509.338	43.5556
511.828	47.1111
514.319	44.8889
516.808	48
519.296	45.5556
521.785	47.3333
524.272	44.2222
526.759	44.4444
529.244	47.7778
531.728	45.3333
534.212	44.6667
536.695	43.3333
539.178	47.7778
541.659	45.1111
544.139	46.2222
546.619	46.6667
549.098	46.8889
551.575	43.5556
554.052	46
556.529	45.1111
559.005	46.8889
561.479	44.2222
563.953	45.7778
566.427	48.2222
568.899	46
571.37	46.6667
573.84	45.3333
576.311	47.3333
578.78	48.2222
581.248	46.6667
583.715	47.5556
586.181	45.1111
588.647	46
591.113	44.4444
593.577	46.4444
596.04	45.7778
598.503	45.1111
600.964	48.6667
603.425	47.1111
605.885	43.1111
608.344	45.5556
610.803	46
613.26	45.7778
615.718	46
618.174	44
620.63	46
623.084	46.4444
625.538	46.6667
627.99	44.4444
630.443	46.8889
632.894	45.3333
635.344	46.8889
637.792	46.4444
640.241	45.5556
642.689	46.4444
645.137	57.3333
647.583	72.2222
650.029	74.2222
652.474	58
654.918	48
657.361	46
659.804	44.4444
662.246	45.5556
664.685	46
667.125	46
669.565	44.2222
672.003	45.7778
674.441	46
676.877	42.4444
679.313	43.3333
681.749	46.6667
684.183	46.6667
686.617	46
689.049	44.8889
691.481	45.3333
693.913	47.7778
696.342	50
698.772	48.6667
701.201	49.1111
703.63	47.7778
706.056	45.7778
708.483	45.1111
710.909	43.1111
713.333	43.7778
715.758	44.2222
718.18	44.2222
720.603	48
723.025	47.3333
725.445	46
727.866	44.8889
730.284	45.7778
732.703	45.7778
735.122	46.6667
737.538	43.5556
739.955	46
742.369	48.4444
744.784	46.4444
747.197	47.7778
749.611	49.7778
752.023	53.7778
754.435	60.4444
756.845	67.7778
759.255	114.667
761.664	158.667
764.071	154
766.48	104.667
768.886	62.4444
771.292	56.6667
773.697	51.7778
776.102	49.7778
778.505	47.5556
780.907	45.7778
783.31	48.8889
785.711	48.6667
788.111	43.5556
790.511	48.6667
792.91	47.1111
795.308	50.6667
797.706	50.8889
800.102	51.7778
802.497	58.4444
804.892	57.1111
807.287	50.6667
809.68	47.5556
812.072	49.1111
814.464	45.3333
816.855	45.5556
819.246	46.2222
821.635	43.1111
824.024	48.2222
826.412	48.4444
828.799	46.4444
831.186	46.2222
833.572	46.8889
835.956	45.7778
838.34	46
840.723	44.8889
843.106	46.4444
845.487	46.8889
847.868	47.1111
850.248	50.4444
852.628	57.7778
855.006	65.7778
857.384	59.5556
859.761	56.8889
862.138	50.6667
864.513	48.6667
866.888	46
869.262	45.7778
871.636	47.3333
874.008	45.7778
876.38	46.8889
878.751	47.7778
881.121	48
883.491	49.5556
885.86	50.2222
888.228	50.2222
890.595	52.4444
892.962	53.5556
895.327	55.7778
897.691	55.5556
900.055	54.6667
902.419	50.8889
904.782	47.7778
907.144	44.6667
909.505	48
911.864	45.1111
914.224	49.5556
916.583	45.3333
918.941	42.2222
921.298	43.1111
923.654	45.3333
926.01	45.5556
928.366	43.7778
930.719	44.6667
933.073	44.6667
935.426	43.5556
937.777	45.1111
940.129	45.3333
942.479	46.2222
944.828	45.7778
947.178	45.5556
949.526	45.5556
951.873	43.5556
954.22	44.6667
956.565	45.1111
958.911	44.4444
961.254	45.1111
963.598	45.7778
965.942	42.8889
968.283	46.2222
970.625	42.8889
972.965	44.6667
975.305	45.1111
977.644	45.3333
979.983	47.3333
982.32	45.7778
984.657	48.8889
986.993	53.7778
989.327	55.1111
991.663	60.8889
993.996	74.2222
996.33	132
998.662	213.111
1000.99	209.778
1003.32	125.333
1005.65	71.1111
1007.98	55.5556
1010.31	49.3333
1012.64	49.1111
1014.97	45.5556
1017.29	45.7778
1019.62	46.6667
1021.94	46.4444
1024.27	47.7778
1026.59	45.1111
1028.91	44.8889
1031.24	44.6667
1033.56	46.2222
1035.88	45.7778
1038.2	45.7778
1040.51	45.5556
1042.83	46
1045.15	46.2222
1047.47	44.8889
1049.78	43.1111
1052.1	44.4444
1054.41	45.1111
1056.73	43.7778
1059.04	46.6667
1061.35	46.8889
1063.66	44.6667
1065.97	44.6667
1068.28	44.4444
1070.59	43.3333
1072.9	45.7778
1075.21	45.3333
1077.52	47.1111
1079.82	45.7778
1082.13	43.5556
1084.43	47.1111
1086.74	47.7778
1089.04	48
1091.34	45.5556
1093.65	44.8889
1095.95	44.6667
1098.25	44.2222
1100.55	42.4444
1102.85	43.3333
1105.14	43.1111
1107.44	41.3333
1109.74	42.2222
1112.03	43.1111
1114.33	44.6667
1116.62	42.6667
1118.92	44.4444
1121.21	42.8889
1123.5	42.6667
1125.79	43.7778
1128.09	42.2222
1130.38	43.7778
1132.67	44.6667
1134.95	43.5556
1137.24	43.5556
1139.53	47.7778
1141.82	44.2222
1144.1	46
1146.39	46.2222
1148.67	45.3333
1150.95	53.3333
1153.24	54.4444
1155.52	59.7778
1157.8	55.3333
1160.08	53.3333
1162.36	48.6667
1164.64	48.2222
1166.92	48.4444
1169.2	53.5556
1171.47	52.6667
1173.75	48.6667
1176.03	50
1178.3	52.6667
1180.58	53.1111
1182.85	54.6667
1185.12	51.3333
1187.39	53.3333
1189.66	50.2222
1191.94	46.6667
1194.21	47.7778
1196.48	44.4444
1198.74	47.1111
1201.01	45.5556
1203.28	44.8889
1205.54	45.1111
1207.81	45.1111
1210.07	43.7778
1212.34	46.2222
1214.6	44.8889
1216.86	45.5556
1219.13	44.8889
1221.39	46.4444
1223.65	46
1225.91	47.3333
1228.17	48.2222
1230.43	42.6667
1232.68	41.7778
1234.94	46.4444
1237.2	47.7778
1239.45	47.5556
1241.71	45.5556
1243.96	45.7778
1246.22	48.2222
1248.47	47.1111
1250.72	50.4444
1252.97	52.4444
1255.22	53.7778
1257.47	57.3333
1259.72	56.2222
1261.97	59.1111
1264.22	61.1111
1266.46	62.8889
1268.71	66.8889
1270.95	69.1111
1273.2	69.5556
1275.44	70.2222
1277.69	72
1279.93	68.6667
1282.17	61.7778
1284.41	65.7778
1286.65	64.4444
1288.89	66.2222
1291.13	71.7778
1293.37	76.2222
1295.61	84.6667
1297.85	94.8889
1300.08	88
1302.32	81.1111
1304.55	71.3333
1306.79	67.1111
1309.02	66.6667
1311.26	63.5556
1313.49	62
1315.72	58.8889
1317.95	63.1111
1320.18	64.4444
1322.41	72.8889
1324.64	74.6667
1326.86	79.1111
1329.09	77.1111
1331.32	68.2222
1333.55	63.7778
1335.77	58
1337.99	56.6667
1340.22	53.5556
1342.44	53.1111
1344.66	52.2222
1346.89	50
1349.11	51.3333
1351.33	47.5556
1353.55	50.6667
1355.77	49.7778
1357.98	49.1111
1360.2	51.3333
1362.42	51.5556
1364.63	49.3333
1366.85	50.2222
1369.06	50.2222
1371.28	48
1373.49	47.5556
1375.7	48.8889
1377.92	48.4444
1380.13	50
1382.34	48.8889
1384.55	48
1386.76	51.1111
1388.97	50.6667
1391.17	50.4444
1393.38	52.2222
1395.59	50.2222
1397.79	50.6667
1400	52
1402.2	48.6667
1404.41	48.8889
1406.61	47.5556
1408.81	48.4444
1411.01	47.5556
1413.21	51.5556
1415.41	51.1111
1417.61	52
1419.81	51.1111
1422.01	52.6667
1424.21	56.4444
1426.4	54
1428.6	57.7778
1430.8	61.1111
1432.99	57.3333
1435.18	60.2222
1437.38	57.7778
1439.57	59.5556
1441.76	61.7778
1443.95	68
1446.14	78.6667
1448.33	72.6667
1450.52	69.5556
1452.71	67.5556
1454.9	64.2222
1457.09	62.6667
1459.27	64.2222
1461.46	63.5556
1463.64	65.7778
1465.83	62
1468.01	64.4444
1470.2	63.5556
1472.38	62.2222
1474.56	57.3333
1476.74	58.2222
1478.92	59.3333
1481.1	58
1483.28	54.8889
1485.46	54.8889
1487.64	54.4444
1489.81	51.7778
1491.99	51.7778
1494.16	48.8889
1496.34	51.7778
1498.51	50.8889
1500.69	50.6667
1502.86	51.5556
1505.03	52.2222
1507.21	49.7778
1509.38	53.3333
1511.55	54.4444
1513.72	52
1515.89	47.7778
1518.05	51.3333
1520.22	53.1111
1522.39	50.6667
1524.55	51.3333
1526.72	50.6667
1528.88	53.5556
1531.05	53.1111
1533.21	52.4444
1535.37	47.5556
1537.54	52.2222
1539.7	53.7778
1541.86	51.1111
1544.02	53.5556
1546.18	52.6667
1548.34	55.1111
1550.5	52.8889
1552.65	53.1111
1554.81	55.1111
1556.97	56.4444
1559.12	53.5556
1561.28	55.5556
1563.43	59.1111
1565.58	61.3333
1567.74	63.5556
1569.89	75.1111
1572.04	91.1111
1574.19	120.444
1576.34	138
1578.49	134.222
1580.64	116
1582.79	99.7778
1584.94	91.7778
1587.08	86.4444
1589.23	80.8889
1591.37	80.4444
1593.52	73.1111
1595.66	68
1597.81	66.8889
1599.95	70.8889
1602.09	68.4444
1604.23	64.8889
1606.37	67.1111
1608.51	68.2222
1610.65	66.2222
1612.79	65.7778
1614.93	67.7778
1617.07	71.1111
1619.21	71.5555
1621.34	78
1623.48	78.6667
1625.61	89.3333
1627.75	89.7778
1629.88	97.3333
1632.01	111.778
1634.15	118.889
1636.28	121.556
1638.41	132.889
1640.54	141.556
1642.67	147.333
1644.8	148
1646.93	144
1649.05	140.444
1651.18	137.111
1653.31	122
1655.43	118.889
1657.56	110.667
1659.68	102.444
1661.81	95.5556
1663.93	91.1111
1666.05	84.4444
1668.17	83.3333
1670.3	78.2222
1672.42	73.3333
1674.54	74.8889
1676.66	68
1678.77	68.2222
1680.89	66.2222
1683.01	64.4444
1685.13	62.8889
1687.24	64.6667
1689.36	60.4444
1691.47	62.2222
1693.59	60.2222
1695.7	60.4444
1697.81	57.5556
1699.92	59.1111
1702.04	56.6667
1704.15	55.7778
1706.26	55.7778
1708.37	56.4444
1710.47	56.2222
1712.58	56
1714.69	52.6667
1716.8	52.4444
1718.9	54.2222
1721.01	52.6667
1723.11	52.8889
1725.22	51.1111
1727.32	50.8889
1729.42	53.7778
1731.53	50.8889
1733.63	52
1735.73	48.8889
1737.83	49.5556
1739.93	50.2222
1742.03	50.6667
1744.13	53.1111
1746.23	50.6667
1748.32	51.7778
1750.42	51.5556
1752.52	49.7778
1754.61	49.3333
1756.71	49.5556
1758.8	53.7778
1760.89	50
1762.99	50.6667
1765.08	50.2222
1767.17	50.6667
1769.26	51.7778
1771.35	50
1773.44	52.2222
1775.53	50.2222
1777.62	50.6667
1779.71	49.7778
1781.79	49.5556
1783.88	50.8889
1785.96	50.4444
1788.05	49.5556
1790.13	50
1792.22	50
1794.3	50.2222
1796.38	49.3333
1798.47	48
1800.55	49.7778
1802.63	50.8889
1804.71	49.1111
1806.79	48
1808.87	48
1810.95	50.6667
1813.02	46.6667
1815.1	50
1817.18	51.5556
1819.25	48.2222
1821.33	46.4444
1823.4	49.3333
1825.47	52.4444
1827.55	50.4444
1829.62	50.6667
1831.69	50
1833.76	50.8889
1835.83	51.1111
1837.9	48.6667
1839.97	49.3333
1842.04	50.2222
1844.11	48.4444
1846.18	48.4444
1848.24	49.3333
1850.31	50.4444
1852.38	46.2222
1854.44	48.2222
1856.51	49.1111
1858.57	47.7778
1860.63	50.4444
1862.69	50.8889
1864.76	49.7778
1866.82	48
1868.88	49.1111
1870.94	49.1111
1873	49.7778
1875.06	49.3333
1877.11	46.8889
1879.17	50.6667
1881.23	48.8889
1883.28	49.5556
1885.34	49.1111
1887.4	48.6667
1889.45	49.3333
1891.5	49.7778
1893.56	49.1111
1895.61	49.5556
1897.66	50.4444
1899.71	48.2222
1901.76	48.8889
1903.81	48.4444
1905.86	48.4444
1907.91	50.6667
1909.96	49.1111
1912.01	50.2222
1914.05	50.4444
1916.1	48.8889
1918.15	48.6667
1920.19	50.6667
1922.23	50.8889
1924.28	48.6667
1926.32	46.4444
1928.36	50.4444
1930.41	47.7778
1932.45	48.8889
1934.49	48.8889
1936.53	49.5556
1938.57	47.7778
1940.61	46.4444
1942.64	48.4444
1944.68	49.3333
1946.72	46.6667
1948.76	47.7778
1950.79	47.7778
1952.83	48.2222
1954.86	50.2222
1956.89	48.8889
1958.93	49.3333
1960.96	48.4444
1962.99	46.2222
1965.03	48.6667
1967.06	49.7778
1969.09	48.4444
1971.12	48.2222
1973.14	51.5556
1975.17	50.6667
1977.2	51.1111
1979.23	48.8889
1981.25	49.5556
1983.28	49.5556
1985.31	48.6667
1987.33	48.6667
1989.36	48.8889
1991.38	49.1111
1993.4	50
1995.42	46.8889
1997.45	48.2222
1999.47	49.7778
2001.49	48
2003.51	50.4444
2005.53	49.7778
2007.55	47.3333
2009.56	50
2011.58	48.8889
2013.6	48.4444
2015.61	47.7778
2017.63	49.3333
2019.65	49.1111
2021.66	49.3333
2023.67	48.4444
2025.69	50
2027.7	50.2222
2029.71	49.3333
2031.72	48.6667
2033.73	48.2222
2035.74	49.5556
2037.75	49.1111
2039.76	48
2041.77	49.3333
2043.78	49.1111
2045.79	51.5556
2047.79	48.2222
2049.8	50.2222
2051.8	51.7778
2053.81	46.6667
2055.81	49.5556
2057.82	49.5556
2059.82	49.5556
2061.82	50.4444
2063.82	48.8889
2065.83	50
2067.83	50.6667
2069.83	48
2071.83	50.8889
2073.82	49.1111
2075.82	51.1111
2077.82	52.6667
2079.82	50
2081.81	50.4444
2083.81	50
2085.8	49.7778
2087.8	50.6667
2089.79	47.7778
2091.79	51.1111
2093.78	52.2222
2095.77	48
2097.76	50.6667
2099.76	52
2101.75	50.6667
2103.74	48.4444
2105.72	48.8889
2107.71	49.3333
2109.7	50.2222
2111.69	52.2222
2113.68	52.8889
2115.66	52.2222
2117.65	50.8889
2119.63	51.3333
2121.62	49.1111
2123.6	54
2125.59	50.6667
2127.57	49.7778
2129.55	49.7778
2131.53	50.2222
2133.51	50.6667
2135.49	48.6667
2137.47	50.4444
2139.45	48.6667
2141.43	50.2222
2143.41	50.4444
2145.39	49.7778
2147.36	53.1111
2149.34	50.2222
2151.32	49.3333
2153.29	49.5556
2155.27	50.6667
2157.24	49.3333
2159.21	48.6667
2161.19	50.2222
2163.16	52.4444
2165.13	49.3333
2167.1	49.7778
2169.07	51.1111
2171.04	51.3333
2173.01	50.4444
2174.98	51.3333
2176.95	52
2178.92	49.7778
2180.88	51.5556
2182.85	51.1111
2184.81	52.4444
2186.78	50.8889
2188.74	49.1111
2190.71	50.8889
2192.67	52
2194.63	51.7778
2196.6	48
2198.56	51.5556
2200.52	50.4444
2202.48	49.7778
2204.44	49.1111
2206.4	51.3333
2208.36	49.5556
2210.32	52.4444
2212.28	51.7778
2214.23	48.8889
2216.19	51.7778
2218.14	50
2220.1	51.1111
2222.05	50.4444
2224.01	49.5556
2225.96	49.7778
2227.91	47.3333
2229.87	51.7778
2231.82	52.6667
2233.77	50
2235.72	50.6667
2237.67	52.6667
2239.62	48.4444
2241.57	51.5556
2243.52	50.6667
2245.47	52.6667
2247.41	51.5556
2249.36	50.8889
2251.31	48
2253.25	52.2222
2255.2	52.8889
2257.14	53.1111
2259.09	49.3333
2261.03	53.1111
2262.97	49.3333
2264.91	49.7778
2266.85	53.3333
2268.8	51.1111
2270.74	49.7778
2272.68	49.7778
2274.61	52.6667
2276.55	53.7778
2278.49	53.3333
2280.43	51.7778
2282.37	52.8889
2284.3	52.4444
2286.24	55.7778
2288.17	52
2290.11	49.3333
2292.04	53.5556
2293.98	54
2295.91	52.4444
2297.84	52.8889
2299.77	50.8889
2301.7	50.8889
2303.64	50.2222
2305.56	53.1111
2307.49	52.2222
2309.42	50.4444
2311.35	51.1111
2313.28	52.4444
2315.21	50.4444
2317.13	51.7778
2319.06	49.5556
2320.99	51.5556
2322.91	52.4444
2324.84	51.1111
2326.76	51.5556
2328.68	55.5556
2330.6	53.7778
2332.53	52
2334.45	54.2222
2336.37	50.8889
2338.29	55.1111
2340.21	52.2222
2342.13	51.5556
2344.05	53.3333
2345.97	54
2347.89	50.2222
2349.8	52.8889
2351.72	51.3333
2353.63	50.6667
2355.55	50.4444
2357.47	51.5556
2359.38	50.2222
2361.29	50.8889
2363.21	54.4444
2365.12	51.7778
2367.03	49.7778
2368.94	51.1111
2370.85	55.7778
2372.76	52.2222
2374.67	54.2222
2376.58	50.8889
2378.49	51.3333
2380.4	57.3333
2382.31	49.7778
2384.21	50.4444
2386.12	56
2388.03	52.6667
2389.93	54.4444
2391.84	50.4444
2393.74	52.4444
2395.64	54.2222
2397.55	54.2222
2399.45	53.3333
2401.35	51.3333
2403.25	52.4444
2405.15	54.2222
2407.05	53.5556
2408.95	52.4444
2410.85	54.6667
2412.75	51.7778
2414.65	51.3333
2416.55	53.3333
2418.45	51.5556
2420.34	52.6667
2422.24	55.7778
2424.13	51.7778
2426.03	52.6667
2427.92	51.1111
2429.82	53.3333
2431.71	55.7778
2433.6	54.6667
2435.49	53.5556
2437.39	51.7778
2439.28	56.2222
2441.17	54.4444
2443.06	53.7778
2444.95	54.2222
2446.83	53.7778
2448.72	56.2222
2450.61	56.6667
2452.5	52.4444
2454.39	52
