178.677	2606
181.278	2607.78
183.879	2634.44
186.48	2681.11
189.078	2735.33
191.677	2815.11
194.275	2888.67
196.871	2993.33
199.467	3099.56
202.061	3205.33
204.656	3282.22
207.248	3383.56
209.841	3461.56
212.431	3557.11
215.022	3658.44
217.613	3772.22
220.201	3946.22
222.789	4130.89
225.375	4361.11
227.962	4640
230.547	4991.11
233.13	5399.11
235.714	5833.11
238.296	6184.89
240.879	6424
243.459	6537.56
246.04	6343.11
248.618	6025.78
251.196	5466.89
253.774	4911.78
256.35	4367.33
258.927	3881.56
261.501	3464.67
264.074	3092.44
266.648	2821.56
269.22	2568
271.791	2356.67
274.362	2239.11
276.931	2104.89
279.5	2002.22
282.069	1914.67
284.635	1843.56
287.201	1800
289.766	1746.89
292.331	1708.89
294.894	1650.44
297.457	1617.78
300.018	1574
302.58	1569.11
305.14	1548.44
307.699	1539.56
310.257	1519.56
312.814	1490.22
315.372	1486.22
317.928	1476.22
320.482	1448.89
323.036	1445.56
325.589	1452
328.142	1444.22
330.693	1430
333.243	1434.67
335.795	1418
338.343	1424.89
340.891	1425.33
343.439	1425.33
345.985	1417.11
348.53	1401.33
351.075	1417.33
353.619	1413.11
356.162	1413.11
358.704	1420.22
361.245	1413.33
363.786	1416
366.325	1423.78
368.864	1413.11
371.402	1408.22
373.939	1423.33
376.475	1410.44
379.011	1408
381.545	1429.33
384.079	1416.44
386.612	1387.33
389.144	1396
391.674	1385.78
394.204	1382.67
396.734	1374.89
399.263	1375.11
401.791	1380.67
404.318	1374.67
406.844	1371.56
409.368	1378.44
411.893	1377.78
414.417	1374.89
416.94	1368.89
419.462	1368
421.982	1368.22
424.502	1369.11
427.022	1378.22
429.541	1385.78
432.057	1392.22
434.574	1382.44
437.091	1398.67
439.606	1388.89
442.12	1370.89
444.634	1368.89
447.147	1360.44
449.657	1370.89
452.169	1358.67
454.68	1354.89
457.188	1357.33
459.697	1370.67
462.205	1361.56
464.711	1361.11
467.217	1358.89
469.722	1339.33
472.227	1353.78
474.731	1339.11
477.232	1353.78
479.735	1345.33
482.235	1341.33
484.736	1330
487.234	1347.78
489.734	1349.11
492.23	1345.78
494.728	1335.11
497.223	1342.22
499.719	1336
502.213	1338.22
504.707	1334.67
507.199	1324.44
509.692	1320
512.182	1313.56
514.673	1312.67
517.162	1333.33
519.65	1320
522.139	1304.67
524.625	1292.22
527.112	1315.56
529.597	1308.22
532.081	1314.44
534.565	1318.22
537.047	1312.89
539.529	1290.44
542.011	1310.89
544.491	1309.11
546.97	1304
549.45	1327.33
551.927	1313.33
554.404	1311.33
556.88	1329.11
559.356	1313.33
561.831	1331.33
564.304	1318.44
566.777	1305.78
569.25	1323.33
571.721	1325.78
574.191	1315.78
576.661	1315.56
579.129	1313.78
581.599	1335.78
584.066	1314.44
586.532	1319.78
588.997	1318.44
591.462	1323.56
593.926	1323.11
596.389	1321.78
598.851	1327.33
601.314	1317.56
603.775	1334
606.235	1321.33
608.694	1326.67
611.152	1329.33
613.609	1347.78
616.066	1337.11
618.522	1321.33
620.977	1331.56
623.431	1361.11
625.885	1340.67
628.338	1334.67
630.79	1346.22
633.241	1343.78
635.691	1341.78
638.141	1355.11
640.589	1346.89
643.036	1353.56
645.483	1362.22
647.929	1361.33
650.375	1372.22
652.82	1340.67
655.264	1340.44
657.707	1323.11
660.149	1345.33
662.59	1336.89
665.031	1330.67
667.471	1321.11
669.91	1337.33
672.349	1309.56
674.786	1334.67
677.222	1329.11
679.658	1327.11
682.093	1334.22
684.528	1332.89
686.96	1333.33
689.393	1330.67
691.826	1342
694.256	1326.22
696.686	1345.56
699.116	1336.44
701.545	1349.56
703.972	1335.56
706.4	1344.22
708.826	1359.78
711.251	1359.33
713.676	1366.67
716.099	1356.44
718.523	1357.78
720.946	1366.44
723.366	1352
725.788	1362
728.207	1344.22
730.627	1365.56
733.044	1359.11
735.462	1349.56
737.88	1332.67
740.295	1349.33
742.711	1341.78
745.125	1342
747.539	1340
749.951	1336.89
752.363	1345.56
754.775	1352.44
757.185	1350.44
759.595	1345.78
762.003	1350.22
764.412	1338.44
766.819	1345.78
769.225	1352.89
771.632	1350
774.036	1348
776.441	1347.11
778.844	1360.22
781.246	1356.44
783.649	1361.33
786.05	1351.11
788.449	1375.56
790.85	1380.44
793.248	1368.67
795.646	1382.22
798.042	1393.56
800.44	1378.67
802.835	1373.78
805.23	1372.67
807.623	1381.56
810.018	1388.22
812.41	1384.67
814.801	1373.33
817.192	1382
819.582	1403.78
821.972	1394.44
824.361	1368.67
826.748	1391.33
829.135	1377.56
831.521	1371.78
833.907	1368.89
836.291	1364.67
838.675	1383.56
841.059	1371.78
843.442	1377.33
845.823	1369.33
848.204	1378
850.584	1393.33
852.963	1395.11
855.342	1397.78
857.72	1401.11
860.097	1422
862.473	1421.11
864.848	1434.67
867.223	1394
869.597	1393.78
871.97	1366.44
874.343	1381.56
876.714	1370.22
879.084	1369.33
881.454	1369.56
883.824	1370.89
886.192	1382
888.56	1372.67
890.927	1378.67
893.294	1371.33
895.66	1353.11
898.023	1362.44
900.387	1368.89
902.751	1375.56
905.114	1376.44
907.476	1376.67
909.835	1364.67
912.196	1388
914.555	1362.22
916.914	1370.67
919.271	1372.44
921.629	1385.78
923.985	1359.11
926.341	1353.33
928.695	1342.67
931.05	1348.67
933.404	1371.78
935.755	1365.56
938.107	1364.89
940.459	1380.67
942.808	1361.56
945.158	1378.67
947.508	1359.56
949.855	1365.56
952.202	1362
954.548	1362
956.894	1361.78
959.239	1360.44
961.583	1377.11
963.928	1370.67
966.27	1365.11
968.612	1370.89
970.953	1383.11
973.294	1386
975.633	1374
977.972	1384.22
980.31	1375.33
982.647	1390.89
984.984	1380
987.32	1378.44
989.656	1394.89
991.989	1380.22
994.324	1370.89
996.656	1398.22
998.988	1396.89
1001.32	1379.78
1003.65	1380.89
1005.98	1372.44
1008.31	1396.67
1010.64	1374.22
1012.97	1360
1015.29	1357.33
1017.62	1393.11
1019.94	1361.78
1022.27	1390.22
1024.59	1371.33
1026.92	1409.11
1029.24	1386
1031.56	1384.44
1033.88	1385.33
1036.2	1384.89
1038.52	1390.22
1040.84	1399.33
1043.16	1386.67
1045.48	1415.33
1047.79	1393.33
1050.11	1405.56
1052.42	1394
1054.74	1395.56
1057.05	1424.67
1059.36	1404.67
1061.67	1422.89
1063.99	1408.44
1066.3	1410.89
1068.61	1412.67
1070.92	1415.78
1073.22	1407.78
1075.53	1416.67
1077.84	1435.11
1080.15	1433.33
1082.45	1412.89
1084.76	1427.33
1087.06	1421.11
1089.36	1434
1091.66	1460.67
1093.97	1478.89
1096.27	1494.44
1098.57	1491.78
1100.87	1459.78
1103.17	1460.22
1105.46	1459.33
1107.76	1475.56
1110.06	1474
1112.35	1476
1114.65	1488.67
1116.94	1472.44
1119.24	1473.78
1121.53	1472.89
1123.82	1471.11
1126.11	1475.56
1128.4	1472.44
1130.7	1452.67
1132.98	1465.11
1135.27	1462.89
1137.56	1449.78
1139.85	1464.44
1142.13	1470.44
1144.42	1448.67
1146.71	1463.11
1148.99	1468.44
1151.27	1458.89
1153.56	1465.33
1155.84	1467.33
1158.12	1466.89
1160.4	1477.78
1162.68	1466.22
1164.96	1470
1167.24	1478
1169.51	1484.22
1171.79	1486.22
1174.07	1458
1176.34	1448.22
1178.62	1454.44
1180.89	1444.44
1183.17	1434.89
1185.44	1431.78
1187.71	1431.56
1189.98	1432.67
1192.25	1433.56
1194.52	1432.67
1196.79	1433.11
1199.06	1433.56
1201.33	1430.44
1203.59	1437.33
1205.86	1453.56
1208.12	1437.56
1210.39	1449.56
1212.65	1453.11
1214.92	1450.22
1217.18	1450.67
1219.44	1445.33
1221.7	1459.11
1223.96	1474.67
1226.22	1476.67
1228.48	1464.67
1230.74	1484.89
1233	1495.78
1235.25	1527.33
1237.51	1513.78
1239.77	1522.44
1242.02	1525.33
1244.27	1527.78
1246.53	1556
1248.78	1560
1251.03	1548.67
1253.28	1547.33
1255.53	1558.67
1257.78	1580.67
1260.03	1565.56
1262.28	1575.56
1264.53	1572.22
1266.78	1567.56
1269.02	1550.22
1271.27	1541.33
1273.51	1535.56
1275.76	1525.11
1278	1535.78
1280.24	1529.11
1282.48	1519.56
1284.72	1496.44
1286.97	1493.56
1289.21	1502.67
1291.44	1504.44
1293.68	1507.33
1295.92	1494.44
1298.16	1490.22
1300.39	1485.33
1302.63	1496.44
1304.86	1505.11
1307.1	1508
1309.33	1519.78
1311.56	1527.78
1313.8	1556
1316.03	1583.11
1318.26	1603.78
1320.49	1632.44
1322.72	1648
1324.95	1663.11
1327.17	1657.11
1329.4	1631.56
1331.63	1610.22
1333.85	1591.11
1336.08	1568.89
1338.3	1543.56
1340.53	1551.78
1342.75	1547.56
1344.97	1533.56
1347.19	1516.44
1349.41	1498.67
1351.63	1508.67
1353.85	1508
1356.07	1504.89
1358.29	1491.11
1360.51	1506.89
1362.72	1494
1364.94	1477.78
1367.16	1504
1369.37	1507.11
1371.58	1502
1373.8	1501.11
1376.01	1501.11
1378.22	1505.11
1380.43	1514.67
1382.64	1515.56
1384.85	1506
1387.06	1505.78
1389.27	1496
1391.48	1497.78
1393.68	1506.89
1395.89	1519.56
1398.1	1500.89
1400.3	1482.89
1402.51	1479.56
1404.71	1493.78
1406.91	1492.22
1409.11	1480.44
1411.32	1465.56
1413.52	1489.33
1415.72	1464.44
1417.92	1472
1420.11	1470
1422.31	1462.22
1424.51	1459.56
1426.71	1476.89
1428.9	1460.22
1431.1	1479.33
1433.29	1464.67
1435.49	1488.22
1437.68	1484.22
1439.87	1475.56
1442.06	1476
1444.25	1476
1446.45	1469.11
1448.64	1507.78
1450.82	1473.78
1453.01	1486.89
1455.2	1477.11
1457.39	1487.56
1459.57	1476.22
1461.76	1465.33
1463.94	1478.44
1466.13	1483.56
1468.31	1488.22
1470.5	1476.67
1472.68	1461.11
1474.86	1482.22
1477.04	1466.67
1479.22	1476.44
1481.4	1473.56
1483.58	1470.22
1485.76	1472.22
1487.94	1466.67
1490.11	1455.78
1492.29	1472.22
1494.46	1478.44
1496.64	1453.11
1498.81	1463.56
1500.99	1446
1503.16	1452.22
1505.33	1454.22
1507.5	1447.78
1509.67	1449.56
1511.84	1458.44
1514.01	1444.67
1516.18	1455.11
1518.35	1461.78
1520.52	1459.78
1522.68	1460.22
1524.85	1462.67
1527.02	1454.89
1529.18	1449.78
1531.35	1440
1533.51	1457.11
1535.67	1449.56
1537.83	1450
1539.99	1472.44
1542.16	1460
1544.31	1461.56
1546.47	1462.89
1548.63	1448.22
1550.79	1463.56
1552.95	1475.11
1555.11	1466.44
1557.26	1462.44
1559.42	1468.67
1561.57	1483.33
1563.73	1449.11
1565.88	1456
1568.03	1475.11
1570.18	1463.11
1572.34	1487.33
1574.49	1472.44
1576.64	1497.33
1578.79	1496
1580.93	1486.89
1583.08	1486.22
1585.23	1490.44
1587.38	1476.44
1589.52	1489.11
1591.67	1490.22
1593.81	1468.67
1595.96	1470.44
1598.1	1461.33
1600.24	1461.33
1602.38	1477.33
1604.53	1471.78
1606.67	1451.56
1608.81	1463.56
1610.95	1467.33
1613.09	1457.11
1615.22	1433.11
1617.36	1430.67
1619.5	1434
1621.63	1435.33
1623.77	1426.44
1625.9	1413.33
1628.04	1396.89
1630.17	1410.44
1632.3	1396.89
1634.44	1395.56
1636.57	1380.22
1638.7	1385.11
1640.83	1382.67
1642.96	1358.22
1645.09	1381.11
1647.22	1367.11
1649.34	1360.22
1651.47	1371.78
1653.6	1353.56
1655.72	1348.22
1657.85	1344.89
1659.97	1345.33
1662.1	1344
1664.22	1349.33
1666.34	1334.44
1668.46	1333.78
1670.58	1349.78
1672.7	1309.11
1674.82	1343.56
1676.94	1326.22
1679.06	1322.67
1681.18	1310.67
1683.3	1328
1685.41	1342.44
1687.53	1326.22
1689.64	1323.33
1691.76	1319.11
1693.87	1329.78
1695.99	1340
1698.1	1333.78
1700.21	1316.44
1702.32	1326
1704.43	1314.44
1706.54	1316.44
1708.65	1327.78
1710.76	1328.67
1712.87	1314.22
1714.98	1311.33
1717.08	1309.11
1719.19	1311.11
1721.29	1305.78
1723.4	1309.56
1725.5	1305.78
1727.61	1304.67
1729.71	1294.67
1731.81	1302
1733.91	1300.22
1736.02	1304.67
1738.12	1303.11
1740.22	1310.44
1742.31	1286.67
1744.41	1281.56
1746.51	1281.78
1748.61	1291.78
1750.7	1267.11
1752.8	1300.22
1754.9	1293.33
1756.99	1264.89
1759.08	1269.78
1761.18	1271.78
1763.27	1278
1765.36	1270
1767.45	1277.33
1769.54	1267.11
1771.63	1258.44
1773.72	1277.33
1775.81	1271.78
1777.9	1276
1779.99	1264
1782.08	1276.44
1784.16	1264
1786.25	1262.22
1788.33	1276.22
1790.42	1266
1792.5	1254.22
1794.58	1256.89
1796.67	1271.56
1798.75	1258.44
1800.83	1267.78
1802.91	1268.22
1804.99	1275.56
1807.07	1272.44
1809.15	1257.78
1811.23	1267.33
1813.3	1264.89
1815.38	1260.44
1817.46	1259.33
1819.53	1266.67
1821.61	1263.78
1823.68	1262.67
1825.75	1256.44
1827.83	1246.89
1829.9	1250.44
1831.97	1243.56
1834.04	1246.89
1836.11	1266
1838.18	1254
1840.25	1251.56
1842.32	1249.33
1844.39	1227.56
1846.46	1246.89
1848.52	1227.56
1850.59	1234.89
1852.65	1236.22
1854.72	1246.67
1856.78	1232.44
1858.85	1238.44
1860.91	1225.78
1862.97	1223.11
1865.03	1221.56
1867.09	1224.67
1869.16	1218.44
1871.22	1226
1873.27	1220.44
1875.33	1209.56
1877.39	1225.33
1879.45	1224.44
1881.51	1214.89
1883.56	1218.67
1885.62	1217.11
1887.67	1229.11
1889.73	1219.33
1891.78	1203.78
1893.83	1221.56
1895.89	1215.33
1897.94	1223.11
1899.99	1207.11
1902.04	1219.11
1904.09	1207.11
1906.14	1224.67
1908.19	1202.22
1910.23	1203.78
1912.28	1204
1914.33	1217.11
1916.37	1211.56
1918.42	1215.56
1920.46	1206.89
1922.51	1216.44
1924.55	1204.67
1926.6	1212
1928.64	1194.67
1930.68	1213.11
1932.72	1209.11
1934.76	1198.44
1936.8	1192.22
1938.84	1201.11
1940.88	1198.22
1942.92	1175.33
1944.96	1197.33
1946.99	1182.22
1949.03	1188
1951.06	1178.44
1953.1	1172.67
1955.13	1170.89
1957.17	1167.56
1959.2	1183.56
1961.23	1177.56
1963.27	1176.22
1965.3	1167.11
1967.33	1153.56
1969.36	1162
1971.39	1161.78
1973.42	1160.22
1975.44	1164.22
1977.47	1149.33
1979.5	1166.89
1981.53	1164.44
1983.55	1173.33
1985.58	1158.89
1987.6	1161.11
1989.63	1164.67
1991.65	1148.22
1993.67	1152.44
1995.69	1153.78
1997.72	1148.67
1999.74	1141.78
2001.76	1167.11
2003.78	1143.33
2005.8	1141.33
2007.82	1139.56
2009.83	1143.33
2011.85	1140.22
2013.87	1142
2015.88	1161.33
2017.9	1165.11
2019.91	1160
2021.93	1161.78
2023.94	1161.33
2025.96	1155.33
2027.97	1150
2029.98	1130.44
2031.99	1166
2034	1141.78
2036.01	1158.89
2038.02	1158.89
2040.03	1151.78
2042.04	1137.56
2044.05	1145.33
2046.05	1160
2048.06	1143.11
2050.07	1140.89
2052.07	1143.33
2054.08	1142.67
2056.08	1149.78
2058.08	1139.56
2060.09	1148.89
2062.09	1128.44
2064.09	1143.78
2066.09	1136.44
2068.09	1134.89
2070.09	1129.33
2072.09	1129.56
2074.09	1132
2076.09	1134.89
2078.09	1126.22
2080.08	1123.11
2082.08	1141.56
2084.08	1122.22
2086.07	1116
2088.07	1111.56
2090.06	1121.78
2092.05	1109.56
2094.05	1141.11
2096.04	1134
2098.03	1129.56
2100.02	1108
2102.01	1131.56
2104	1126.22
2105.99	1110
2107.98	1107.56
2109.97	1128
2111.95	1114.44
2113.94	1110
2115.93	1096.67
2117.91	1109.56
2119.9	1107.56
2121.88	1108.67
2123.87	1107.33
2125.85	1106.44
2127.83	1099.33
2129.81	1105.11
2131.8	1097.33
2133.78	1108.22
2135.76	1094.89
2137.74	1104.22
2139.72	1099.33
2141.69	1112.44
2143.67	1091.56
2145.65	1090.67
2147.63	1083.56
2149.6	1103.33
2151.58	1089.78
2153.55	1102.67
2155.53	1096.22
2157.5	1084
2159.48	1082.89
2161.45	1073.11
2163.42	1078
2165.39	1078.89
2167.36	1084.44
2169.33	1072.67
2171.3	1079.11
2173.27	1062.89
2175.24	1080
2177.21	1073.11
2179.18	1062.89
2181.14	1066.89
2183.11	1064.22
2185.07	1063.11
2187.04	1057.78
2189	1058.89
2190.97	1069.56
2192.93	1058
2194.89	1064.22
2196.86	1064.67
2198.82	1057.56
2200.78	1052.44
2202.74	1035.78
2204.7	1060.44
2206.66	1060.44
2208.62	1054.67
2210.57	1038
2212.53	1057.56
2214.49	1053.56
2216.45	1057.56
2218.4	1058.22
2220.36	1045.78
2222.31	1039.33
2224.27	1043.11
2226.22	1041.33
2228.17	1040
2230.12	1041.11
2232.08	1038.89
2234.03	1035.56
2235.98	1040.89
2237.93	1028.22
2239.88	1051.33
2241.83	1038
2243.78	1032
2245.72	1036.22
2247.67	1044
2249.62	1036
2251.56	1028.67
2253.51	1023.56
2255.45	1026.67
2257.4	1024.22
2259.34	1012
2261.28	1029.11
2263.23	1029.33
2265.17	1032.44
2267.11	1021.78
2269.05	1001.56
2270.99	1027.56
2272.93	1023.56
2274.87	1026.67
2276.81	1007.56
2278.75	1014.89
2280.68	1022.22
2282.62	1012.89
2284.56	1002.67
2286.49	1001.11
2288.43	1000
2290.36	985.778
2292.3	1005.33
2294.23	999.111
2296.16	995.111
2298.09	1010.89
2300.03	989.778
2301.96	984.444
2303.89	985.556
2305.82	996.445
2307.75	985.556
2309.68	979.556
2311.6	1001.56
2313.53	999.778
2315.46	977.111
2317.39	983.111
2319.31	981.556
2321.24	977.111
2323.16	987.778
2325.09	982.667
2327.01	975.778
2328.93	982
2330.86	984.444
2332.78	975.556
2334.7	979.556
2336.62	978.667
2338.54	985.111
2340.46	968
2342.38	968.222
2344.3	965.333
2346.22	961.556
2348.14	966.222
2350.05	988.444
2351.97	956
2353.89	971.111
2355.8	965.556
2357.71	958.444
2359.63	972
2361.54	958.444
2363.46	946.889
2365.37	952.222
2367.28	958.444
2369.19	954.889
2371.1	957.778
2373.01	958.222
2374.92	951.111
2376.83	958
2378.74	943.111
2380.65	939.556
2382.56	939.333
2384.46	954.222
2386.37	945.556
2388.27	951.778
2390.18	940.889
2392.08	944.667
2393.99	932.667
2395.89	942.222
2397.8	951.111
2399.7	926
2401.6	944.444
2403.5	932.889
2405.4	941.333
2407.3	934.222
2409.2	933.333
2411.1	927.333
2413	926.889
2414.9	938.444
2416.8	919.556
2418.69	926.889
2420.59	926.222
2422.48	933.778
2424.38	920.444
2426.28	922.444
2428.17	915.111
2430.06	916.222
2431.96	939.333
2433.85	914.222
2435.74	900.889
2437.63	925.333
2439.52	918.889
2441.41	923.333
2443.3	919.111
2445.19	914.222
2447.08	924.444
