176.817	117.333
179.42	117.333
182.022	114
184.622	118
187.223	100
189.821	109.333
192.419	104.667
195.017	96.6667
197.612	104
200.208	100.667
202.802	97.3333
205.397	101.333
207.99	90
210.581	96
213.173	95.3333
215.762	98
218.352	90.6667
220.94	86.6667
223.528	87.3333
226.114	88
228.701	82.6667
231.285	78.6667
233.87	85.3333
236.452	84.6667
239.034	77.3333
241.616	82
244.196	75.3333
246.777	74.6667
249.355	75.3333
251.933	70
254.511	73.3333
257.086	74.6667
259.663	71.3333
262.237	75.3333
264.81	70.6667
267.383	71.3333
269.955	74.6667
272.525	69.3333
275.097	69.3333
277.665	70
280.234	65.3333
282.802	66
285.368	64.6667
287.934	61.3333
290.499	64.6667
293.064	62
295.627	65.3333
298.189	58.6667
300.75	60
303.312	58
305.871	57.3333
308.43	56
310.988	56.6667
313.545	56
316.101	52
318.658	50.6667
321.212	55.3333
323.766	52.6667
326.319	52
328.871	50
331.422	48
333.972	51.3333
336.522	46
339.072	48.6667
341.619	52.6667
344.166	44
346.712	51.3333
349.258	49.3333
351.802	47.3333
354.346	49.3333
356.888	46.6667
359.43	49.3333
361.971	46
364.511	47.3333
367.051	43.3333
369.589	46
372.127	42.6667
374.664	46
377.2	46.6667
379.735	48
382.27	42
384.802	44.6667
387.334	48
389.866	45.3333
392.397	42.6667
394.927	46.6667
397.457	44
399.985	44.6667
402.513	45.3333
405.038	44.6667
407.565	44
410.09	42.6667
412.614	42
415.138	44
417.66	48.6667
420.181	40
422.702	45.3333
425.222	45.3333
427.742	43.3333
430.259	46.6667
432.777	46.6667
435.294	44.6667
437.81	42.6667
440.324	41.3333
442.838	42
445.352	46
447.863	43.3333
450.375	44.6667
452.887	44.6667
455.395	46.6667
457.905	45.3333
460.414	46
462.92	46.6667
465.427	43.3333
467.932	42.6667
470.438	40.6667
472.942	45.3333
475.445	44.6667
477.948	48.6667
480.448	44.6667
482.95	45.3333
485.449	42.6667
487.949	45.3333
490.446	45.3333
492.944	45.3333
495.44	44.6667
497.937	44.6667
500.431	43.3333
502.926	42.6667
505.418	40.6667
507.912	45.3333
510.403	42.6667
512.894	45.3333
515.384	38
517.874	44
520.361	42.6667
522.848	45.3333
525.336	44
527.821	45.3333
530.306	44.6667
532.791	44.6667
535.274	44.6667
537.756	42
540.238	46
542.719	46.6667
545.199	42.6667
547.679	46
550.157	44
552.634	41.3333
555.112	41.3333
557.588	43.3333
560.063	47.3333
562.537	41.3333
565.011	44.6667
567.484	44.6667
569.955	48.6667
572.426	44
574.896	42.6667
577.367	43.3333
579.835	44
582.303	43.3333
584.77	44.6667
587.236	44.6667
589.701	44
592.165	46.6667
594.629	44.6667
597.093	43.3333
599.555	36
602.016	47.3333
604.477	45.3333
606.936	41.3333
609.395	43.3333
611.853	43.3333
614.311	44.6667
616.767	44
619.223	49.3333
621.678	47.3333
624.132	45.3333
626.585	46.6667
629.037	42
631.489	48
633.94	46
636.39	44.6667
638.839	42
641.288	44.6667
643.736	43.3333
646.183	45.3333
648.627	48.6667
651.073	48
653.517	46
655.961	47.3333
658.404	46
660.846	46.6667
663.288	48.6667
665.727	47.3333
668.167	46
670.606	46.6667
673.044	46.6667
675.482	44.6667
677.917	46.6667
680.353	46
682.788	45.3333
685.222	43.3333
687.655	49.3333
690.087	47.3333
692.519	41.3333
694.951	43.3333
697.38	43.3333
699.809	46.6667
702.238	46.6667
704.665	48.6667
707.092	48
709.519	46
711.943	48.6667
714.368	46
716.791	48
719.214	46
721.637	47.3333
724.058	47.3333
726.479	43.3333
728.898	47.3333
731.317	46.6667
733.734	44.6667
736.152	49.3333
738.568	44
740.985	46.6667
743.399	48.6667
745.814	43.3333
748.227	44.6667
750.64	46
753.051	45.3333
755.463	50
757.872	46.6667
760.283	45.3333
762.691	43.3333
765.098	47.3333
767.506	52
769.912	50.6667
772.318	44
774.722	46.6667
777.126	44.6667
779.53	50
781.932	47.3333
784.333	44.6667
786.735	44.6667
789.135	46.6667
791.533	43.3333
793.933	48.6667
796.33	47.3333
798.727	49.3333
801.123	46.6667
803.519	48.6667
805.913	45.3333
808.307	47.3333
810.699	47.3333
813.093	46
815.484	46.6667
817.874	46
820.264	44
822.653	50
825.041	42.6667
827.43	48
829.817	48.6667
832.203	45.3333
834.588	44.6667
836.972	46.6667
839.356	47.3333
841.738	48
844.12	44.6667
846.502	48.6667
848.882	46
851.262	50.6667
853.641	46.6667
856.02	50.6667
858.397	44.6667
860.774	47.3333
863.15	42.6667
865.525	50
867.9	50
870.273	50.6667
872.646	48.6667
875.019	44
877.39	53.3333
879.761	50.6667
882.131	50.6667
884.5	50.6667
886.869	49.3333
889.236	49.3333
891.602	46.6667
893.968	44
896.334	46.6667
898.698	46
901.062	48.6667
903.426	52.6667
905.787	47.3333
908.148	49.3333
910.509	44.6667
912.87	51.3333
915.228	48
917.587	49.3333
919.945	52.6667
922.302	48.6667
924.657	54.6667
927.013	52.6667
929.368	46
931.721	52
934.074	50
936.427	48.6667
938.778	50.6667
941.129	54
943.479	50.6667
945.828	46.6667
948.177	49.3333
950.524	52.6667
952.871	49.3333
955.218	52
957.563	56.6667
959.908	54.6667
962.252	56.6667
964.595	59.3333
966.937	57.3333
969.28	56
971.62	56
973.961	52.6667
976.3	58
978.639	60
980.976	58.6667
983.314	60.6667
985.65	63.3333
987.987	65.3333
990.321	71.3333
992.655	72
994.989	71.3333
997.321	85.3333
999.653	88
1001.98	96
1004.31	110
1006.65	113.333
1008.97	128.667
1011.3	151.333
1013.63	160.667
1015.96	188.667
1018.28	226
1020.61	262
1022.93	290
1025.26	368
1027.58	421.333
1029.9	476
1032.22	510.667
1034.54	540.667
1036.86	558
1039.18	534
1041.5	496.667
1043.82	439.333
1046.14	341.333
1048.45	280
1050.77	228.667
1053.08	183.333
1055.4	154.667
1057.71	143.333
1060.02	119.333
1062.33	120
1064.64	106.667
1066.96	100
1069.27	96.6667
1071.57	95.3333
1073.88	91.3333
1076.19	88.6667
1078.5	96.6667
1080.8	86.6667
1083.11	91.3333
1085.41	98.6667
1087.72	96.6667
1090.02	93.3333
1092.32	102
1094.62	102
1096.92	102
1099.22	110
1101.52	106
1103.82	109.333
1106.12	110.667
1108.42	113.333
1110.71	120.667
1113.01	117.333
1115.3	112
1117.6	114
1119.89	115.333
1122.18	106.667
1124.48	104
1126.77	93.3333
1129.06	92
1131.35	92.6667
1133.64	84
1135.93	87.3333
1138.21	90.6667
1140.5	81.3333
1142.79	86
1145.07	84.6667
1147.36	78.6667
1149.64	83.3333
1151.92	83.3333
1154.21	85.3333
1156.49	84.6667
1158.77	86.6667
1161.05	88.6667
1163.33	80
1165.61	85.3333
1167.89	78
1170.16	80
1172.44	80
1174.72	72.6667
1176.99	66
1179.27	74.6667
1181.54	69.3333
1183.81	70
1186.09	64
1188.36	66
1190.63	63.3333
1192.9	63.3333
1195.17	67.3333
1197.44	60.6667
1199.71	66
1201.97	59.3333
1204.24	58.6667
1206.5	66
1208.77	62
1211.03	61.3333
1213.3	56.6667
1215.56	58.6667
1217.82	56.6667
1220.09	58
1222.35	58.6667
1224.61	58
1226.87	58.6667
1229.12	58
1231.38	50.6667
1233.64	56.6667
1235.9	62
1238.15	53.3333
1240.41	59.3333
1242.66	60
1244.92	61.3333
1247.17	60
1249.42	58
1251.67	60.6667
1253.92	57.3333
1256.17	59.3333
1258.42	59.3333
1260.67	58
1262.92	56.6667
1265.17	62
1267.42	58.6667
1269.66	60
1271.91	57.3333
1274.15	60.6667
1276.39	62
1278.64	58
1280.88	60
1283.12	61.3333
1285.36	62.6667
1287.6	66
1289.84	59.3333
1292.08	65.3333
1294.32	61.3333
1296.56	58.6667
1298.79	60
1301.03	62.6667
1303.26	60.6667
1305.5	60.6667
1307.73	60.6667
1309.97	60.6667
1312.2	60
1314.43	62.6667
1316.66	62
1318.89	64
1321.12	68
1323.35	65.3333
1325.58	60
1327.81	62
1330.03	70
1332.26	66
1334.49	66
1336.71	75.3333
1338.94	72
1341.16	74.6667
1343.38	66.6667
1345.6	72.6667
1347.83	72
1350.05	72
1352.27	71.3333
1354.49	68
1356.7	75.3333
1358.92	76.6667
1361.14	74.6667
1363.36	82.6667
1365.57	80.6667
1367.79	78
1370	79.3333
1372.21	82
1374.43	81.3333
1376.64	82
1378.85	83.3333
1381.06	85.3333
1383.27	86.6667
1385.48	91.3333
1387.69	88.6667
1389.9	82
1392.11	91.3333
1394.31	86.6667
1396.52	90.6667
1398.73	98
1400.93	102
1403.13	98.6667
1405.34	97.3333
1407.54	99.3333
1409.74	101.333
1411.94	99.3333
1414.14	100.667
1416.34	102
1418.54	106.667
1420.74	104.667
1422.94	112.667
1425.14	111.333
1427.33	122
1429.53	118.667
1431.72	115.333
1433.92	118
1436.11	134.667
1438.3	134.667
1440.5	146.667
1442.69	166.667
1444.88	183.333
1447.07	204.667
1449.26	234
1451.45	248
1453.64	253.333
1455.82	250
1458.01	232.667
1460.2	238
1462.38	228.667
1464.57	239.333
1466.75	228.667
1468.93	232.667
1471.12	228.667
1473.3	226.667
1475.48	223.333
1477.66	206
1479.84	206.667
1482.02	204
1484.2	189.333
1486.38	177.333
1488.55	178
1490.73	172.667
1492.91	160
1495.08	162
1497.26	157.333
1499.43	148
1501.61	144
1503.78	127.333
1505.95	138.667
1508.12	136.667
1510.29	128
1512.46	121.333
1514.63	128.667
1516.8	124
1518.97	120
1521.14	120.667
1523.3	122
1525.47	102
1527.63	113.333
1529.8	114
1531.96	109.333
1534.12	106
1536.29	120
1538.45	102.667
1540.61	109.333
1542.77	106.667
1544.93	101.333
1547.09	102
1549.25	103.333
1551.41	99.3333
1553.56	106
1555.72	102.667
1557.88	101.333
1560.03	99.3333
1562.18	92
1564.34	110
1566.49	98.6667
1568.64	97.3333
1570.8	92
1572.95	94
1575.1	94
1577.25	92
1579.4	98.6667
1581.55	96.6667
1583.69	92.6667
1585.84	90.6667
1587.99	90
1590.13	80.6667
1592.28	83.3333
1594.42	86.6667
1596.57	89.3333
1598.71	84.6667
1600.85	85.3333
1602.99	85.3333
1605.14	80.6667
1607.28	78.6667
1609.42	76.6667
1611.56	75.3333
1613.69	81.3333
1615.83	74.6667
1617.97	75.3333
1620.11	78
1622.24	76.6667
1624.38	72.6667
1626.51	68.6667
1628.65	74
1630.78	78
1632.91	70.6667
1635.04	70.6667
1637.17	71.3333
1639.31	72
1641.44	70.6667
1643.57	73.3333
1645.69	68.6667
1647.82	66
1649.95	70
1652.08	74
1654.2	69.3333
1656.33	68
1658.45	70
1660.58	73.3333
1662.7	71.3333
1664.82	69.3333
1666.94	69.3333
1669.07	66.6667
1671.19	65.3333
1673.31	64
1675.43	70.6667
1677.55	63.3333
1679.66	65.3333
1681.78	72.6667
1683.9	66
1686.01	66.6667
1688.13	70.6667
1690.25	68.6667
1692.36	66.6667
1694.47	66
1696.59	66.6667
1698.7	64
1700.81	62
1702.92	73.3333
1705.03	69.3333
1707.14	65.3333
1709.25	63.3333
1711.36	63.3333
1713.47	62.6667
1715.58	70.6667
1717.68	62.6667
1719.79	67.3333
1721.89	66
1724	66.6667
1726.1	68
1728.21	65.3333
1730.31	67.3333
1732.41	66.6667
1734.51	60.6667
1736.61	68
1738.71	60.6667
1740.81	63.3333
1742.91	66.6667
1745.01	68
1747.11	66
1749.2	64.6667
1751.3	68
1753.4	61.3333
1755.49	61.3333
1757.59	64.6667
1759.68	67.3333
1761.77	60
1763.86	65.3333
1765.96	68
1768.05	66
1770.14	64.6667
1772.23	68.6667
1774.32	62
1776.41	60.6667
1778.49	66.6667
1780.58	65.3333
1782.67	63.3333
1784.76	66
1786.84	58.6667
1788.92	66.6667
1791.01	67.3333
1793.09	64.6667
1795.18	68
1797.26	62.6667
1799.34	67.3333
1801.42	60.6667
1803.5	66
1805.58	66.6667
1807.66	68
1809.74	70.6667
1811.82	64.6667
1813.89	62
1815.97	70.6667
1818.05	63.3333
1820.12	63.3333
1822.2	64
1824.27	64.6667
1826.34	62.6667
1828.42	66
1830.49	63.3333
1832.56	64.6667
1834.63	65.3333
1836.7	72.6667
1838.77	67.3333
1840.84	65.3333
1842.91	68.6667
1844.98	66
1847.04	63.3333
1849.11	65.3333
1851.18	65.3333
1853.24	64.6667
1855.31	62
1857.37	70
1859.43	61.3333
1861.5	70
1863.56	64.6667
1865.62	68
1867.68	68.6667
1869.74	63.3333
1871.8	62.6667
1873.86	72.6667
1875.92	67.3333
1877.98	65.3333
1880.03	65.3333
1882.09	62
1884.15	66
1886.2	60
1888.26	59.3333
1890.31	70.6667
1892.36	71.3333
1894.42	68.6667
1896.47	64
1898.52	68
1900.57	72.6667
1902.62	62
1904.67	60.6667
1906.72	65.3333
1908.77	68.6667
1910.82	66.6667
1912.86	66.6667
1914.91	67.3333
1916.96	69.3333
1919	67.3333
1921.04	67.3333
1923.09	62.6667
1925.13	68
1927.18	69.3333
1929.22	68
1931.26	68.6667
1933.3	67.3333
1935.34	69.3333
1937.38	70.6667
1939.42	68
1941.46	68.6667
1943.5	69.3333
1945.53	62.6667
1947.57	62.6667
1949.61	70
1951.64	68.6667
1953.68	72.6667
1955.71	68
1957.75	69.3333
1959.78	68.6667
1961.81	68
1963.84	68.6667
1965.87	65.3333
1967.9	74
1969.93	69.3333
1971.96	65.3333
1973.99	68.6667
1976.02	69.3333
1978.05	64
1980.07	68
1982.1	66
1984.13	72
1986.15	71.3333
1988.18	69.3333
1990.2	66.6667
1992.22	70.6667
1994.25	73.3333
1996.27	66.6667
1998.29	67.3333
2000.31	66.6667
2002.33	72
2004.35	71.3333
2006.37	63.3333
2008.39	73.3333
2010.41	70
2012.42	74.6667
2014.44	68.6667
2016.46	68.6667
2018.47	70.6667
2020.49	72
2022.5	76
2024.51	74
2026.53	74.6667
2028.54	78.6667
2030.55	74.6667
2032.56	71.3333
2034.57	76
2036.58	71.3333
2038.59	74.6667
2040.6	72
2042.61	71.3333
2044.62	66
2046.62	75.3333
2048.63	72.6667
2050.64	66.6667
2052.64	74.6667
2054.65	72.6667
2056.65	67.3333
2058.65	71.3333
2060.66	74.6667
2062.66	75.3333
2064.66	70.6667
2066.66	72.6667
2068.66	70.6667
2070.66	63.3333
2072.66	76
2074.66	69.3333
2076.66	72.6667
2078.65	66.6667
2080.65	75.3333
2082.65	71.3333
2084.64	73.3333
2086.64	70.6667
2088.63	78
2090.63	72.6667
2092.62	70
2094.61	72
2096.6	76.6667
2098.59	73.3333
2100.59	74
2102.58	72
2104.56	74.6667
2106.55	63.3333
2108.54	80.6667
2110.53	67.3333
2112.52	68.6667
2114.5	66.6667
2116.49	68
2118.48	70.6667
2120.46	72
2122.44	72
2124.43	79.3333
2126.41	72
2128.39	80.6667
2130.38	73.3333
2132.36	70
2134.34	77.3333
2136.32	78.6667
2138.3	68
2140.28	74.6667
2142.26	76.6667
2144.23	70.6667
2146.21	70.6667
2148.19	76.6667
2150.16	72.6667
2152.14	72
2154.11	74
2156.09	78
2158.06	72
2160.04	74
2162.01	70.6667
2163.98	80
2165.95	74.6667
2167.92	75.3333
2169.89	74.6667
2171.86	74.6667
2173.83	75.3333
2175.8	78
2177.77	75.3333
2179.73	73.3333
2181.7	71.3333
2183.67	74.6667
2185.63	70
2187.6	80.6667
2189.56	77.3333
2191.53	76.6667
2193.49	74.6667
2195.45	75.3333
2197.41	71.3333
2199.37	81.3333
2201.34	78.6667
2203.29	78
2205.26	74.6667
2207.21	76.6667
2209.17	78.6667
2211.13	79.3333
2213.09	78.6667
2215.05	85.3333
2217	76
2218.96	77.3333
2220.91	74.6667
2222.87	74
2224.82	74
2226.77	75.3333
2228.73	73.3333
2230.68	78.6667
2232.63	74
2234.58	81.3333
2236.53	79.3333
2238.48	79.3333
2240.43	68.6667
2242.38	71.3333
2244.33	73.3333
2246.27	79.3333
2248.22	76.6667
2250.17	72
2252.11	72
2254.06	74.6667
2256	72.6667
2257.95	79.3333
2259.89	79.3333
2261.84	78.6667
2263.78	79.3333
2265.72	81.3333
2267.66	82.6667
2269.6	77.3333
2271.54	76
2273.48	74.6667
2275.42	75.3333
2277.36	73.3333
2279.3	82
2281.23	78
2283.17	73.3333
2285.11	77.3333
2287.04	78
2288.98	70.6667
2290.91	77.3333
2292.84	78
2294.78	78
2296.71	76
2298.64	84
2300.57	84
2302.51	74.6667
2304.44	81.3333
2306.37	80
2308.29	82.6667
2310.22	79.3333
2312.15	76.6667
2314.08	82.6667
2316.01	73.3333
2317.93	80
2319.86	75.3333
2321.78	80
2323.71	86
2325.63	76
2327.56	79.3333
2329.48	82
2331.4	78.6667
2333.32	72.6667
2335.25	82
2337.17	80.6667
2339.09	70
2341.01	77.3333
2342.92	76
2344.84	84
2346.76	75.3333
2348.68	78
2350.6	78.6667
2352.51	78
2354.43	76.6667
2356.34	80.6667
2358.26	75.3333
2360.17	80
2362.09	71.3333
2364	80.6667
2365.91	76.6667
2367.82	80
2369.73	82
2371.64	81.3333
2373.55	83.3333
2375.46	83.3333
2377.37	81.3333
2379.28	80
2381.19	80
2383.1	75.3333
2385	80.6667
2386.91	78.6667
2388.82	78.6667
2390.72	76
2392.62	81.3333
2394.53	78.6667
2396.43	80
2398.33	75.3333
2400.24	80.6667
2402.14	80.6667
2404.04	78.6667
2405.94	78
2407.84	74.6667
2409.74	78.6667
2411.64	80.6667
2413.54	80
2415.44	80
2417.33	80.6667
2419.23	78.6667
2421.13	79.3333
2423.02	82
2424.92	80
2426.81	76
2428.71	80
2430.6	78.6667
2432.49	78.6667
2434.38	86
2436.28	86.6667
2438.17	82
2440.06	80
2441.95	82
2443.84	79.3333
2445.73	82
