188.706	362.667
191.305	339.111
193.902	339.556
196.499	316.667
199.096	308.444
201.69	297.333
204.284	284.444
206.877	282.667
209.47	271.111
212.062	268.889
214.652	267.333
217.242	267.111
219.83	256.667
222.419	255.556
225.005	262
227.592	262
230.177	264.444
232.762	269.111
235.345	265.333
237.928	285.556
240.509	277.778
243.09	282.889
245.671	306.222
248.249	304.889
250.829	315.556
253.405	320
255.983	307.556
258.558	305.111
261.132	296.889
263.707	285.333
266.28	272
268.852	271.556
271.424	259.556
273.994	262.444
276.564	260.222
279.133	250
281.701	246.222
284.268	238.444
286.835	223.556
289.4	214.889
291.964	202.222
294.527	196.444
297.091	186
299.653	177.778
302.214	178.444
304.774	165.778
307.334	167.111
309.892	168
312.45	169.556
315.006	165.556
317.562	165.556
320.118	173.333
322.672	170.222
325.225	161.111
327.778	168.667
330.329	171.333
332.88	178
335.43	164.222
337.978	173.111
340.528	173.111
343.075	180
345.622	184.444
348.167	186.667
350.712	195.111
353.256	205.111
355.799	204.444
358.341	201.778
360.883	195.778
363.423	194.889
365.963	183.556
368.502	180.667
371.04	174.222
373.577	165.778
376.114	170
378.649	167.111
381.184	171.778
383.718	171.778
386.251	166.889
388.783	159.556
391.314	154.444
393.844	156.222
396.373	155.778
398.902	158.444
401.43	164
403.957	174.444
406.484	193.333
409.009	213.778
411.534	202.222
414.057	180.667
416.58	169.556
419.102	158.889
421.624	156.444
424.144	159.778
426.663	157.111
429.181	154.667
431.7	152.222
434.217	152.222
436.732	163.556
439.248	161.778
441.763	165.333
444.277	163.778
446.788	162
449.301	169.778
451.812	169.556
454.322	162.444
456.831	162.444
459.341	153.556
461.847	154.667
464.355	151.778
466.861	149.556
469.366	151.111
471.871	150.889
474.374	144
476.877	144.667
479.378	143.333
481.88	140.222
484.381	140.667
486.879	144.667
489.379	143.333
491.876	145.333
494.373	144.222
496.869	145.333
499.365	145.778
501.858	146.889
504.353	154.222
506.845	158.222
509.338	158.667
511.828	165.333
514.319	156.444
516.808	156.667
519.296	151.333
521.785	148.667
524.272	163.111
526.759	150.222
529.244	151.333
531.728	156
534.212	147.333
536.695	149.556
539.178	148.444
541.659	149.778
544.139	143.778
546.619	143.333
549.098	143.333
551.575	144.444
554.052	140.444
556.529	142.444
559.005	138.667
561.479	139.111
563.953	136.889
566.427	136.889
568.899	143.111
571.37	140.889
573.84	140.222
576.311	138.667
578.78	146.667
581.248	145.111
583.715	143.333
586.181	146.667
588.647	151.333
591.113	156.889
593.577	156.889
596.04	164.889
598.503	173.778
600.964	200.889
603.425	236.222
605.885	259.333
608.344	255.556
610.803	244
613.26	251.111
615.718	247.778
618.174	226.889
620.63	199.778
623.084	199.556
625.538	193.111
627.99	192.444
630.443	192.222
632.894	199.556
635.344	216
637.792	228
640.241	243.111
642.689	274.444
645.137	328.889
647.583	409.111
650.029	539.778
652.474	737.111
654.918	854
657.361	756.222
659.804	609.111
662.246	460.889
664.685	364.444
667.125	296
669.565	251.556
672.003	221.333
674.441	210.444
676.877	194
679.313	187.333
681.749	188.444
684.183	178.889
686.617	181.111
689.049	184.889
691.481	196
693.913	197.333
696.342	204.222
698.772	223.333
701.201	235.556
703.63	256
706.056	260.667
708.483	274.667
710.909	268.444
713.333	268
715.758	250.889
718.18	253.333
720.603	246
723.025	258.222
725.445	264.222
727.866	270.444
730.284	274.222
732.703	284
735.122	282.889
737.538	285.333
739.955	290.222
742.369	282.667
744.784	277.778
747.197	276.889
749.611	282
752.023	271.111
754.435	264
756.845	244.222
759.255	247.111
761.664	229.556
764.071	221.111
766.48	210.889
768.886	216.667
771.292	205.111
773.697	206.889
776.102	203.111
778.505	200.444
780.907	198.667
783.31	200.667
785.711	201.111
788.111	201.556
790.511	202
792.91	203.111
795.308	192.667
797.706	194.889
800.102	188.889
802.497	190.889
804.892	196.222
807.287	193.556
809.68	197.556
812.072	195.556
814.464	199.111
816.855	194
819.246	187.778
821.635	189.333
824.024	194.444
826.412	186.222
828.799	198
831.186	194
833.572	207.778
835.956	207.333
838.34	214.667
840.723	218.222
843.106	222
845.487	230.667
847.868	232.222
850.248	237.111
852.628	237.778
855.006	242.889
857.384	237.111
859.761	233.778
862.138	229.556
864.513	232.444
866.888	231.556
869.262	238.222
871.636	244.222
874.008	252.889
876.38	257.556
878.751	264
881.121	260.444
883.491	270
885.86	262.222
888.228	244.444
890.595	235.556
892.962	224.667
895.327	213.778
897.691	209.556
900.055	212.667
902.419	209.111
904.782	211.556
907.144	209.556
909.505	205.333
911.864	207.778
914.224	203.111
916.583	204.667
918.941	213.333
921.298	216.889
923.654	218
926.01	208.444
928.366	208.222
930.719	202.222
933.073	206.889
935.426	204
937.777	198.444
940.129	210.889
942.479	211.333
944.828	212.889
947.178	204.444
949.526	205.556
951.873	197.556
954.22	206.889
956.565	201.778
958.911	201.778
961.254	202.889
963.598	211.778
965.942	211.111
968.283	216.667
970.625	215.111
972.965	235.111
975.305	250.444
977.644	294.667
979.983	382.222
982.32	418.667
984.657	434
986.993	582.667
989.327	1447.78
991.663	3293.78
993.996	3447.56
996.33	2716.67
998.662	2714
1000.99	2549.78
1003.32	1747.56
1005.65	963.333
1007.98	558.667
1010.31	407.778
1012.64	360.667
1014.97	348.444
1017.29	360.667
1019.62	368.222
1021.94	396
1024.27	444.222
1026.59	598.222
1028.91	1350
1031.24	3188.67
1033.56	3772.67
1035.88	2409.78
1038.2	1080.44
1040.51	517.111
1042.83	355.111
1045.15	307.556
1047.47	290.667
1049.78	286
1052.1	289.333
1054.41	303.556
1056.73	324
1059.04	326.444
1061.35	327.333
1063.66	333.556
1065.97	350.667
1068.28	385.111
1070.59	412.889
1072.9	382.444
1075.21	370.444
1077.52	344.667
1079.82	344
1082.13	336.222
1084.43	326.222
1086.74	324.222
1089.04	310.444
1091.34	295.333
1093.65	287.111
1095.95	272.444
1098.25	264.222
1100.55	248.222
1102.85	256
1105.14	247.778
1107.44	231.778
1109.74	232.667
1112.03	223.111
1114.33	215.333
1116.62	209.556
1118.92	208.889
1121.21	208.444
1123.5	204.444
1125.79	200.889
1128.09	192.889
1130.38	201.333
1132.67	204
1134.95	208.889
1137.24	210.444
1139.53	221.333
1141.82	226.889
1144.1	243.333
1146.39	280.444
1148.67	299.111
1150.95	295.333
1153.24	274.444
1155.52	241.333
1157.8	222.889
1160.08	209.556
1162.36	206.889
1164.64	205.111
1166.92	198
1169.2	203.556
1171.47	196.444
1173.75	201.556
1176.03	199.333
1178.3	189.778
1180.58	200.222
1182.85	199.333
1185.12	197.556
1187.39	199.111
1189.66	202.889
1191.94	202.889
1194.21	208.222
1196.48	212
1198.74	212.889
1201.01	228.889
1203.28	239.778
1205.54	245.778
1207.81	274.222
1210.07	303.556
1212.34	375.778
1214.6	501.778
1216.86	627.111
1219.13	616.889
1221.39	542
1223.65	446.444
1225.91	395.778
1228.17	368
1230.43	358.667
1232.68	332.889
1234.94	306.889
1237.2	278.444
1239.45	247.333
1241.71	245.556
1243.96	238.444
1246.22	242.889
1248.47	230.667
1250.72	226.667
1252.97	216
1255.22	216.444
1257.47	206.222
1259.72	211.778
1261.97	203.111
1264.22	214.222
1266.46	217.778
1268.71	222.667
1270.95	241.333
1273.2	246
1275.44	248.889
1277.69	241.111
1279.93	255.111
1282.17	254.889
1284.41	260.889
1286.65	267.778
1288.89	265.556
1291.13	274.222
1293.37	299.778
1295.61	305.556
1297.85	327.111
1300.08	332.444
1302.32	356
1304.55	359.556
1306.79	351.778
1309.02	325.111
1311.26	305.556
1313.49	281.556
1315.72	269.778
1317.95	258
1320.18	248.667
1322.41	244.444
1324.64	231.778
1326.86	217.111
1329.09	215.111
1331.32	208.222
1333.55	210.222
1335.77	201.556
1337.99	201.111
1340.22	202.667
1342.44	205.333
1344.66	205.333
1346.89	202.667
1349.11	202.444
1351.33	198.444
1353.55	205.556
1355.77	210.889
1357.98	204.444
1360.2	202.444
1362.42	196.222
1364.63	206.444
1366.85	201.778
1369.06	201.111
1371.28	203.556
1373.49	204.444
1375.7	208.222
1377.92	202.444
1380.13	193.778
1382.34	191.333
1384.55	192.667
1386.76	186.222
1388.97	188.889
1391.17	185.333
1393.38	195.111
1395.59	193.778
1397.79	189.111
1400	194.222
1402.2	194.667
1404.41	193.111
1406.61	200.889
1408.81	200.667
1411.01	211.556
1413.21	212.222
1415.41	226.667
1417.61	236.222
1419.81	242.667
1422.01	247.333
1424.21	278
1426.4	299.556
1428.6	337.111
1430.8	387.556
1432.99	418.444
1435.18	457.556
1437.38	472
1439.57	473.333
1441.76	460.889
1443.95	438.222
1446.14	408.222
1448.33	387.556
1450.52	358
1452.71	336
1454.9	324.444
1457.09	306.222
1459.27	302
1461.46	286.222
1463.64	281.778
1465.83	275.778
1468.01	276.667
1470.2	283.556
1472.38	270.889
1474.56	269.778
1476.74	278.889
1478.92	285.111
1481.1	295.556
1483.28	322
1485.46	319.333
1487.64	270.889
1489.81	242
1491.99	226
1494.16	214.444
1496.34	211.778
1498.51	202.222
1500.69	201.556
1502.86	196.444
1505.03	187.111
1507.21	192.667
1509.38	194.222
1511.55	190.667
1513.72	194.222
1515.89	191.333
1518.05	185.556
1520.22	187.333
1522.39	180.444
1524.55	190.889
1526.72	188.889
1528.88	195.333
1531.05	189.111
1533.21	182
1535.37	190
1537.54	192.444
1539.7	192
1541.86	199.333
1544.02	197.556
1546.18	204
1548.34	200.222
1550.5	203.556
1552.65	215.556
1554.81	210.667
1556.97	210.667
1559.12	215.556
1561.28	231.556
1563.43	245.333
1565.58	257.333
1567.74	286.444
1569.89	349.333
1572.04	420
1574.19	517.111
1576.34	538.222
1578.49	463.333
1580.64	447.333
1582.79	462.889
1584.94	442.444
1587.08	416.889
1589.23	444.889
1591.37	445.111
1593.52	410.444
1595.66	354.222
1597.81	333.111
1599.95	320.889
1602.09	293.111
1604.23	271.333
1606.37	250.222
1608.51	244.222
1610.65	241.333
1612.79	237.556
1614.93	228.889
1617.07	228.222
1619.21	216.667
1621.34	208.889
1623.48	205.333
1625.61	200.444
1627.75	204.667
1629.88	187.778
1632.01	194.222
1634.15	196.444
1636.28	193.333
1638.41	193.333
1640.54	191.111
1642.67	194.444
1644.8	193.556
1646.93	186.222
1649.05	183.778
1651.18	187.111
1653.31	188
1655.43	184.889
1657.56	184.667
1659.68	184
1661.81	183.556
1663.93	182
1666.05	183.778
1668.17	181.111
1670.3	185.778
1672.42	183.333
1674.54	188.667
1676.66	182.667
1678.77	181.556
1680.89	182.444
1683.01	183.778
1685.13	183.556
1687.24	182.889
1689.36	181.556
1691.47	184.444
1693.59	183.556
1695.7	176
1697.81	181.333
1699.92	180.222
1702.04	184.444
1704.15	183.111
1706.26	176
1708.37	179.556
1710.47	186.667
1712.58	178.444
1714.69	178.444
1716.8	181.111
1718.9	178.667
1721.01	188.222
1723.11	185.556
1725.22	177.778
1727.32	186.222
1729.42	176
1731.53	183.778
1733.63	176.444
1735.73	175.111
1737.83	182.889
1739.93	180.667
1742.03	181.111
1744.13	184.667
1746.23	182
1748.32	178.444
1750.42	178.222
1752.52	176.222
1754.61	179.556
1756.71	180.444
1758.8	182.889
1760.89	182.889
1762.99	184.667
1765.08	182.889
1767.17	182.222
1769.26	177.778
1771.35	180.667
1773.44	181.556
1775.53	183.111
1777.62	181.778
1779.71	176.667
1781.79	181.778
1783.88	182.222
1785.96	186.889
1788.05	181.556
1790.13	181.333
1792.22	185.778
1794.3	186.889
1796.38	181.111
1798.47	182.667
1800.55	179.333
1802.63	184.667
1804.71	190.444
1806.79	184
1808.87	182.889
1810.95	186.444
1813.02	183.778
1815.1	179.778
1817.18	183.556
1819.25	185.778
1821.33	183.778
1823.4	180
1825.47	178.444
1827.55	186
1829.62	190
1831.69	181.333
1833.76	186.444
1835.83	185.333
1837.9	184.667
1839.97	177.333
1842.04	175.333
1844.11	182.667
1846.18	188.444
1848.24	179.778
1850.31	184.667
1852.38	177.111
1854.44	178.667
1856.51	182.889
1858.57	180
1860.63	185.111
1862.69	178.667
1864.76	189.333
1866.82	184.444
1868.88	187.333
1870.94	190
1873	182.444
1875.06	189.333
1877.11	184.889
1879.17	186.222
1881.23	187.111
1883.28	183.778
1885.34	184.444
1887.4	191.333
1889.45	182.222
1891.5	185.333
1893.56	183.111
1895.61	187.111
1897.66	188.222
1899.71	184.444
1901.76	186
1903.81	186.667
1905.86	186.889
1907.91	185.111
1909.96	191.333
1912.01	191.778
1914.05	191.556
1916.1	190
1918.15	182.667
1920.19	184
1922.23	192
1924.28	189.111
1926.32	194.667
1928.36	182.889
1930.41	185.556
1932.45	186
1934.49	181.556
1936.53	189.333
1938.57	186.889
1940.61	189.778
1942.64	196.667
1944.68	193.333
1946.72	193.111
1948.76	190.444
1950.79	190.222
1952.83	185.778
1954.86	189.333
1956.89	189.556
1958.93	189.556
1960.96	190
1962.99	186.444
1965.03	193.111
1967.06	191.111
1969.09	187.111
1971.12	184.444
1973.14	193.333
1975.17	191.111
1977.2	190.667
1979.23	190
1981.25	186.667
1983.28	182.444
1985.31	191.556
1987.33	183.556
1989.36	189.556
1991.38	190
1993.4	184.222
1995.42	189.778
1997.45	185.556
1999.47	194.667
2001.49	184.444
2003.51	188.444
2005.53	191.111
2007.55	188.889
2009.56	183.556
2011.58	187.111
2013.6	187.111
2015.61	192.444
2017.63	189.778
2019.65	191.333
2021.66	191.111
2023.67	190.444
2025.69	192
2027.7	193.778
2029.71	196.222
2031.72	186.444
2033.73	191.111
2035.74	192.222
2037.75	186.667
2039.76	193.333
2041.77	187.778
2043.78	192.667
2045.79	192.222
2047.79	193.111
2049.8	192.222
2051.8	192.444
2053.81	190.667
2055.81	190
2057.82	194.889
2059.82	192.667
2061.82	191.111
2063.82	189.111
2065.83	192
2067.83	188.222
2069.83	197.333
2071.83	192.222
2073.82	190.222
2075.82	192.667
2077.82	188.444
2079.82	191.778
2081.81	198.889
2083.81	183.111
2085.8	194.667
2087.8	187.556
2089.79	192.444
2091.79	187.333
2093.78	190.444
2095.77	196.889
2097.76	191.778
2099.76	192.889
2101.75	192.889
2103.74	190
2105.72	194
2107.71	190.222
2109.7	186.444
2111.69	191.333
2113.68	196.444
2115.66	194.667
2117.65	195.556
2119.63	193.111
2121.62	194.444
2123.6	192
2125.59	187.556
2127.57	189.333
2129.55	193.778
2131.53	193.778
2133.51	191.778
2135.49	189.111
2137.47	193.333
2139.45	197.333
2141.43	192.667
2143.41	194
2145.39	195.778
2147.36	192.222
2149.34	190
2151.32	189.556
2153.29	198.889
2155.27	192
2157.24	195.556
2159.21	197.556
2161.19	193.556
2163.16	190.444
2165.13	195.111
2167.1	198.889
2169.07	190
2171.04	192
2173.01	192.444
2174.98	195.333
2176.95	199.333
2178.92	193.111
2180.88	196.667
2182.85	192.667
2184.81	193.556
2186.78	202.667
2188.74	197.778
2190.71	196
2192.67	195.333
2194.63	197.556
2196.6	197.778
2198.56	199.333
2200.52	196.444
2202.48	198
2204.44	198.444
2206.4	203.333
2208.36	198.667
2210.32	199.111
2212.28	196.222
2214.23	195.111
2216.19	200.667
2218.14	194.444
2220.1	192.889
2222.05	202.889
2224.01	198.889
2225.96	198.444
2227.91	196.667
2229.87	202
2231.82	182.889
2233.77	193.333
2235.72	200.222
2237.67	193.556
2239.62	194.889
2241.57	197.778
2243.52	192
2245.47	197.111
2247.41	199.333
2249.36	194.444
2251.31	196.444
2253.25	193.778
2255.2	195.111
2257.14	196.667
2259.09	192.444
2261.03	201.111
2262.97	197.333
2264.91	201.778
2266.85	197.333
2268.8	197.111
2270.74	197.111
2272.68	189.778
2274.61	195.778
2276.55	196.222
2278.49	197.333
2280.43	199.778
2282.37	192.667
2284.3	202.444
2286.24	202.222
2288.17	196
2290.11	198.667
2292.04	199.111
2293.98	203.111
2295.91	206.222
2297.84	202
2299.77	201.556
2301.7	198
2303.64	196.222
2305.56	196.444
2307.49	199.333
2309.42	200
2311.35	193.556
2313.28	198.222
2315.21	193.111
2317.13	205.333
2319.06	198.889
2320.99	197.556
2322.91	195.778
2324.84	198.222
2326.76	198.444
2328.68	201.556
2330.6	194.222
2332.53	193.111
2334.45	194
2336.37	194.444
2338.29	190.222
2340.21	202.889
2342.13	196.667
2344.05	199.778
2345.97	194.222
2347.89	198.444
2349.8	198
2351.72	205.111
2353.63	190.889
2355.55	198.667
2357.47	198.222
2359.38	202.889
2361.29	203.556
2363.21	205.111
2365.12	210.889
2367.03	197.556
2368.94	207.111
2370.85	212.667
2372.76	214
2374.67	212.222
2376.58	216.444
2378.49	219.556
2380.4	214.667
2382.31	208.889
2384.21	209.556
2386.12	209.556
2388.03	207.778
2389.93	204.444
2391.84	206.889
2393.74	200.667
2395.64	194.444
2397.55	201.333
2399.45	202.222
2401.35	200.222
2403.25	205.111
2405.15	205.778
2407.05	201.333
2408.95	212.667
2410.85	198.889
2412.75	206.889
2414.65	202.667
2416.55	200
2418.45	208
2420.34	206.667
2422.24	210.444
2424.13	213.333
2426.03	213.556
2427.92	212.667
2429.82	212.667
2431.71	211.556
2433.6	215.778
2435.49	216.222
2437.39	219.333
2439.28	213.333
2441.17	218
2443.06	223.556
2444.95	227.556
2446.83	226.222
2448.72	234.222
2450.61	238.444
2452.5	250.444
2454.39	247.556
