188.706	201.778
191.305	212.444
193.902	211.333
196.499	212
199.096	218.444
201.69	228.444
204.284	226
206.877	234.222
209.47	236.444
212.062	240.667
214.652	236
217.242	240.667
219.83	247.556
222.419	251.333
225.005	258
227.592	249.333
230.177	248
232.762	244.667
235.345	247.333
237.928	231.556
240.509	231.111
243.09	222.222
245.671	221.778
248.249	211.778
250.829	202
253.405	203.778
255.983	190.444
258.558	186
261.132	180.667
263.707	174.222
266.28	167.778
268.852	168
271.424	169.778
273.994	159.111
276.564	160.222
279.133	159.333
281.701	160.222
284.268	155.556
286.835	150.667
289.4	144
291.964	150
294.527	148
297.091	143.333
299.653	142.667
302.214	144.222
304.774	138.222
307.334	141.556
309.892	134.889
312.45	133.556
315.006	132.889
317.562	133.556
320.118	128.889
322.672	127.333
325.225	128.222
327.778	131.333
330.329	132.667
332.88	137.111
335.43	138
337.978	134.667
340.528	142.222
343.075	137.333
345.622	135.778
348.167	146.667
350.712	146.222
353.256	149.111
355.799	148.222
358.341	140
360.883	138
363.423	143.111
365.963	135.333
368.502	133.778
371.04	127.111
373.577	132
376.114	128.889
378.649	126.889
381.184	126.444
383.718	124.889
386.251	132.444
388.783	126.889
391.314	125.778
393.844	130
396.373	134.889
398.902	131.111
401.43	133.333
403.957	137.778
406.484	134.667
409.009	132.889
411.534	127.111
414.057	124.889
416.58	121.333
419.102	124.889
421.624	125.556
424.144	122.667
426.663	118.444
429.181	117.333
431.7	121.111
434.217	118.222
436.732	124.444
439.248	119.111
441.763	122.444
444.277	118.444
446.788	123.556
449.301	117.333
451.812	123.333
454.322	120.667
456.831	118.222
459.341	120.444
461.847	119.556
464.355	118.667
466.861	115.111
469.366	117.556
471.871	121.556
474.374	121.333
476.877	118
479.378	121.556
481.88	116.889
484.381	120.444
486.879	121.556
489.379	118
491.876	118.667
494.373	117.111
496.869	113.333
499.365	113.111
501.858	117.556
504.353	115.778
506.845	115.111
509.338	113.778
511.828	114.889
514.319	105.333
516.808	112.889
519.296	111.333
521.785	112.444
524.272	115.556
526.759	114.444
529.244	107.333
531.728	110.889
534.212	109.778
536.695	116.222
539.178	111.333
541.659	111.111
544.139	108.444
546.619	107.556
549.098	112
551.575	109.778
554.052	107.111
556.529	105.778
559.005	102.444
561.479	106.222
563.953	101.556
566.427	104.889
568.899	105.111
571.37	107.333
573.84	104
576.311	100
578.78	97.5556
581.248	106
583.715	101.778
586.181	102
588.647	104.222
591.113	102.889
593.577	102.889
596.04	100.667
598.503	106.444
600.964	105.333
603.425	107.333
605.885	108
608.344	105.778
610.803	105.111
613.26	105.111
615.718	107.111
618.174	104
620.63	110.222
623.084	113.333
625.538	113.333
627.99	114.444
630.443	116.444
632.894	118
635.344	126.889
637.792	131.556
640.241	138
642.689	150.889
645.137	169.556
647.583	198.444
650.029	231.556
652.474	275.333
654.918	317.556
657.361	340
659.804	326.222
662.246	271.778
664.685	214.667
667.125	179.556
669.565	159.556
672.003	141.556
674.441	136.889
676.877	130
679.313	123.778
681.749	126
684.183	122.444
686.617	126.889
689.049	130.222
691.481	131.556
693.913	139.778
696.342	150.444
698.772	150.444
701.201	160.889
703.63	180.889
706.056	182.667
708.483	190.444
710.909	189.778
713.333	183.556
715.758	185.556
718.18	176.889
720.603	188.444
723.025	188.667
725.445	199.778
727.866	212.889
730.284	209.333
732.703	212.222
735.122	216.444
737.538	210
739.955	217.556
742.369	219.333
744.784	213.556
747.197	211.333
749.611	207.556
752.023	202.222
754.435	188.889
756.845	190.444
759.255	181.556
761.664	180
764.071	177.333
766.48	176.444
768.886	174.889
771.292	175.333
773.697	172
776.102	164.889
778.505	167.778
780.907	163.333
783.31	161.111
785.711	163.333
788.111	163.111
790.511	159.778
792.91	160.222
795.308	161.556
797.706	160.667
800.102	160.222
802.497	158.889
804.892	154.444
807.287	156.667
809.68	157.111
812.072	160.889
814.464	157.333
816.855	166
819.246	175.333
821.635	174.222
824.024	178.222
826.412	188.444
828.799	187.333
831.186	181.111
833.572	193.111
835.956	190.444
838.34	192.889
840.723	195.333
843.106	196.222
845.487	202.667
847.868	214.889
850.248	216
852.628	206.889
855.006	211.111
857.384	205.111
859.761	213.111
862.138	215.111
864.513	219.778
866.888	215.556
869.262	217.111
871.636	226.667
874.008	218.222
876.38	218.222
878.751	215.778
881.121	203.778
883.491	208
885.86	210.667
888.228	218.222
890.595	223.111
892.962	225.111
895.327	228
897.691	208.667
900.055	208.667
902.419	200.667
904.782	196.444
907.144	193.111
909.505	186.667
911.864	188.889
914.224	181.778
916.583	185.111
918.941	183.556
921.298	181.111
923.654	178.222
926.01	182.444
928.366	175.111
930.719	176
933.073	174.889
935.426	170.222
937.777	174
940.129	167.556
942.479	168.667
944.828	165.778
947.178	160.667
949.526	164
951.873	160.222
954.22	170.444
956.565	162.667
958.911	164.222
961.254	166.444
963.598	166.889
965.942	171.111
968.283	159.556
970.625	164.444
972.965	162.222
975.305	164.667
977.644	158.889
979.983	162.889
982.32	163.778
984.657	163.778
986.993	167.111
989.327	164.667
991.663	172.667
993.996	177.333
996.33	174.667
998.662	173.556
1000.99	185.111
1003.32	182.222
1005.65	180.667
1007.98	188.222
1010.31	190.667
1012.64	191.556
1014.97	194.889
1017.29	200
1019.62	198.667
1021.94	214.889
1024.27	208.667
1026.59	219.333
1028.91	220.889
1031.24	228.889
1033.56	221.778
1035.88	227.556
1038.2	230.222
1040.51	239.778
1042.83	236.667
1045.15	237.111
1047.47	239.778
1049.78	238.889
1052.1	234.667
1054.41	241.111
1056.73	248.667
1059.04	257.778
1061.35	273.778
1063.66	279.556
1065.97	301.556
1068.28	296
1070.59	282.444
1072.9	286.889
1075.21	300.889
1077.52	313.111
1079.82	312.444
1082.13	314.667
1084.43	307.778
1086.74	299.111
1089.04	290
1091.34	264.667
1093.65	245.556
1095.95	234
1098.25	215.111
1100.55	202.667
1102.85	202.667
1105.14	192.889
1107.44	196.222
1109.74	196
1112.03	203.111
1114.33	205.333
1116.62	212.889
1118.92	225.778
1121.21	236.889
1123.5	241.778
1125.79	246.444
1128.09	234.444
1130.38	215.333
1132.67	199.778
1134.95	186
1137.24	182
1139.53	174.444
1141.82	176.667
1144.1	177.556
1146.39	188
1148.67	185.556
1150.95	195.556
1153.24	194.889
1155.52	192.222
1157.8	197.556
1160.08	193.556
1162.36	197.556
1164.64	193.333
1166.92	197.333
1169.2	198
1171.47	193.111
1173.75	192
1176.03	186.667
1178.3	186.222
1180.58	184.444
1182.85	186.222
1185.12	188.222
1187.39	186.444
1189.66	181.778
1191.94	183.333
1194.21	180.889
1196.48	176
1198.74	185.556
1201.01	179.111
1203.28	182.222
1205.54	186.667
1207.81	180.444
1210.07	184.667
1212.34	188.667
1214.6	187.333
1216.86	190
1219.13	184
1221.39	189.556
1223.65	188.667
1225.91	186
1228.17	182.889
1230.43	189.333
1232.68	190.667
1234.94	188.444
1237.2	191.556
1239.45	199.556
1241.71	200.222
1243.96	191.778
1246.22	193.556
1248.47	201.333
1250.72	196.222
1252.97	197.778
1255.22	199.778
1257.47	200.667
1259.72	203.778
1261.97	214.222
1264.22	212.667
1266.46	215.111
1268.71	218.444
1270.95	222.667
1273.2	227.556
1275.44	221.778
1277.69	230.222
1279.93	234.222
1282.17	246.667
1284.41	258.444
1286.65	257.333
1288.89	267.778
1291.13	286
1293.37	316.667
1295.61	343.556
1297.85	385.333
1300.08	422.222
1302.32	439.333
1304.55	435.333
1306.79	413.111
1309.02	392.444
1311.26	366.222
1313.49	346.444
1315.72	316
1317.95	296
1320.18	283.111
1322.41	269.111
1324.64	248
1326.86	243.333
1329.09	231.778
1331.32	227.556
1333.55	211.111
1335.77	216.667
1337.99	209.111
1340.22	215.778
1342.44	219.556
1344.66	212
1346.89	213.778
1349.11	212.889
1351.33	206.222
1353.55	205.333
1355.77	203.556
1357.98	206.889
1360.2	208.667
1362.42	204.444
1364.63	214.222
1366.85	220.222
1369.06	223.556
1371.28	214.222
1373.49	215.778
1375.7	206
1377.92	206
1380.13	206.667
1382.34	199.778
1384.55	196.222
1386.76	197.556
1388.97	201.111
1391.17	192.667
1393.38	192.889
1395.59	196.222
1397.79	193.778
1400	202.444
1402.2	201.333
1404.41	205.111
1406.61	205.111
1408.81	206.667
1411.01	214.222
1413.21	222
1415.41	222.889
1417.61	230.222
1419.81	240.667
1422.01	254.889
1424.21	280.667
1426.4	315.778
1428.6	357.111
1430.8	418.667
1432.99	486.667
1435.18	539.333
1437.38	593.778
1439.57	610.667
1441.76	618
1443.95	581.333
1446.14	550.222
1448.33	537.556
1450.52	518.444
1452.71	496.444
1454.9	492.889
1457.09	481.556
1459.27	472.222
1461.46	440.222
1463.64	404.667
1465.83	387.111
1468.01	357.556
1470.2	331.556
1472.38	309.556
1474.56	289.111
1476.74	270
1478.92	262.444
1481.1	255.333
1483.28	248
1485.46	239.778
1487.64	234.222
1489.81	225.333
1491.99	225.556
1494.16	224.667
1496.34	214.667
1498.51	218.667
1500.69	212.444
1502.86	212.667
1505.03	215.111
1507.21	205.556
1509.38	206.667
1511.55	212.222
1513.72	204.667
1515.89	208.444
1518.05	209.111
1520.22	203.556
1522.39	210.889
1524.55	205.778
1526.72	200
1528.88	202.444
1531.05	205.111
1533.21	202.222
1535.37	202
1537.54	205.778
1539.7	200.667
1541.86	204.889
1544.02	200.667
1546.18	200.222
1548.34	195.556
1550.5	196.667
1552.65	196.889
1554.81	195.111
1556.97	193.556
1559.12	196.889
1561.28	198.444
1563.43	198
1565.58	200.222
1567.74	200.444
1569.89	202.444
1572.04	195.778
1574.19	199.333
1576.34	196
1578.49	196.444
1580.64	194.222
1582.79	199.333
1584.94	199.333
1587.08	195.556
1589.23	202.222
1591.37	201.778
1593.52	201.333
1595.66	200.889
1597.81	208
1599.95	193.111
1602.09	199.111
1604.23	201.111
1606.37	194.222
1608.51	196.222
1610.65	197.111
1612.79	198.889
1614.93	199.111
1617.07	197.556
1619.21	201.778
1621.34	198.889
1623.48	201.778
1625.61	204.444
1627.75	200.222
1629.88	195.111
1632.01	195.333
1634.15	198.889
1636.28	199.333
1638.41	204
1640.54	200.222
1642.67	192.222
1644.8	196.222
1646.93	195.333
1649.05	201.333
1651.18	200.444
1653.31	196.667
1655.43	198
1657.56	199.778
1659.68	193.556
1661.81	199.111
1663.93	204
1666.05	198.444
1668.17	205.556
1670.3	205.111
1672.42	201.778
1674.54	205.111
1676.66	205.333
1678.77	205.111
1680.89	197.778
1683.01	204.444
1685.13	207.333
1687.24	205.556
1689.36	210
1691.47	206.667
1693.59	202.889
1695.7	211.778
1697.81	208.667
1699.92	203.333
1702.04	204.444
1704.15	202.222
1706.26	207.778
1708.37	208
1710.47	204.667
1712.58	209.333
1714.69	207.111
1716.8	204.444
1718.9	208
1721.01	202.444
1723.11	209.333
1725.22	211.778
1727.32	200.222
1729.42	202.667
1731.53	216.667
1733.63	203.556
1735.73	204.222
1737.83	209.111
1739.93	208.222
1742.03	204.667
1744.13	211.556
1746.23	208.444
1748.32	207.333
1750.42	209.111
1752.52	206.667
1754.61	207.111
1756.71	207.778
1758.8	211.778
1760.89	208.889
1762.99	210.444
1765.08	204
1767.17	205.556
1769.26	212
1771.35	206.222
1773.44	215.333
1775.53	212.222
1777.62	208
1779.71	214
1781.79	216.222
1783.88	213.111
1785.96	204.444
1788.05	210.222
1790.13	212.444
1792.22	205.778
1794.3	214.444
1796.38	207.556
1798.47	219.111
1800.55	214.667
1802.63	212
1804.71	216.889
1806.79	216.222
1808.87	212
1810.95	215.556
1813.02	210.444
1815.1	215.556
1817.18	218
1819.25	218.889
1821.33	217.333
1823.4	220.889
1825.47	216
1827.55	218.889
1829.62	213.111
1831.69	212.889
1833.76	223.111
1835.83	219.556
1837.9	217.556
1839.97	216.444
1842.04	215.778
1844.11	216
1846.18	217.778
1848.24	217.778
1850.31	218.222
1852.38	221.333
1854.44	222
1856.51	217.778
1858.57	220.222
1860.63	212
1862.69	216.222
1864.76	217.778
1866.82	217.556
1868.88	213.333
1870.94	219.556
1873	225.778
1875.06	226.667
1877.11	222.667
1879.17	217.556
1881.23	216.222
1883.28	214.667
1885.34	218
1887.4	219.111
1889.45	229.556
1891.5	224
1893.56	217.556
1895.61	216.667
1897.66	223.111
1899.71	224.667
1901.76	224
1903.81	228
1905.86	226
1907.91	219.333
1909.96	226.444
1912.01	229.556
1914.05	229.111
1916.1	225.556
1918.15	221.111
1920.19	224.889
1922.23	227.111
1924.28	229.111
1926.32	226.667
1928.36	227.333
1930.41	226
1932.45	223.556
1934.49	225.778
1936.53	230.667
1938.57	227.778
1940.61	228.222
1942.64	229.778
1944.68	220.889
1946.72	223.333
1948.76	225.333
1950.79	218.667
1952.83	224.667
1954.86	222.444
1956.89	232.667
1958.93	223.333
1960.96	223.556
1962.99	236.667
1965.03	225.778
1967.06	219.778
1969.09	219.111
1971.12	231.778
1973.14	225.333
1975.17	226.222
1977.2	233.778
1979.23	223.333
1981.25	228.222
1983.28	228.667
1985.31	224.889
1987.33	225.556
1989.36	234.667
1991.38	233.333
1993.4	226.222
1995.42	228.667
1997.45	229.556
1999.47	228
2001.49	236.222
2003.51	229.333
2005.53	234
2007.55	222.667
2009.56	235.333
2011.58	237.111
2013.6	240
2015.61	236.889
2017.63	236.444
2019.65	227.778
2021.66	237.111
2023.67	237.778
2025.69	239.556
2027.7	234.667
2029.71	239.111
2031.72	236.444
2033.73	241.111
2035.74	231.111
2037.75	243.556
2039.76	234.222
2041.77	237.556
2043.78	238
2045.79	235.556
2047.79	240.667
2049.8	242.889
2051.8	239.556
2053.81	240.667
2055.81	232.889
2057.82	238
2059.82	232.444
2061.82	244.667
2063.82	243.111
2065.83	243.556
2067.83	241.111
2069.83	236.222
2071.83	239.556
2073.82	234.222
2075.82	246
2077.82	236.444
2079.82	244.444
2081.81	243.778
2083.81	244
2085.8	239.333
2087.8	241.556
2089.79	236
2091.79	240.444
2093.78	237.778
2095.77	244
2097.76	242.667
2099.76	246.222
2101.75	239.333
2103.74	241.556
2105.72	235.778
2107.71	246.222
2109.7	238.889
2111.69	238.222
2113.68	244.889
2115.66	249.333
2117.65	243.778
2119.63	245.778
2121.62	241.111
2123.6	240.222
2125.59	249.111
2127.57	243.778
2129.55	247.111
2131.53	248.667
2133.51	244.889
2135.49	245.333
2137.47	248.667
2139.45	240
2141.43	247.556
2143.41	251.111
2145.39	247.333
2147.36	245.778
2149.34	251.778
2151.32	253.778
2153.29	255.333
2155.27	243.778
2157.24	248.444
2159.21	250.222
2161.19	251.778
2163.16	250
2165.13	257.111
2167.1	248.889
2169.07	254.889
2171.04	252.889
2173.01	247.556
2174.98	248.222
2176.95	252.444
2178.92	254.889
2180.88	250.889
2182.85	257.333
2184.81	248
2186.78	248.444
2188.74	256.889
2190.71	259.333
2192.67	254.222
2194.63	254.889
2196.6	249.778
2198.56	262.667
2200.52	258.222
2202.48	252.889
2204.44	253.111
2206.4	250.889
2208.36	250.444
2210.32	254.667
2212.28	247.111
2214.23	256
2216.19	262
2218.14	254.889
2220.1	254.444
2222.05	252.889
2224.01	255.333
2225.96	259.333
2227.91	254.667
2229.87	260.444
2231.82	252.667
2233.77	254.889
2235.72	254.444
2237.67	252.222
2239.62	254
2241.57	247.778
2243.52	255.556
2245.47	257.333
2247.41	260.667
2249.36	260
2251.31	260
2253.25	262.222
2255.2	255.111
2257.14	254.222
2259.09	254.889
2261.03	253.333
2262.97	256
2264.91	253.333
2266.85	260.444
2268.8	253.333
2270.74	249.333
2272.68	251.333
2274.61	254.889
2276.55	259.333
2278.49	254.667
2280.43	252.667
2282.37	261.333
2284.3	259.778
2286.24	261.556
2288.17	260
2290.11	262
2292.04	258.667
2293.98	249.778
2295.91	253.333
2297.84	262.222
2299.77	257.556
2301.7	256.222
2303.64	257.778
2305.56	259.778
2307.49	250.222
2309.42	264.444
2311.35	260
2313.28	260.222
2315.21	263.333
2317.13	261.778
2319.06	266
2320.99	261.333
2322.91	258
2324.84	265.556
2326.76	258
2328.68	262
2330.6	258.667
2332.53	259.556
2334.45	257.556
2336.37	260.667
2338.29	255.111
2340.21	259.778
2342.13	254.889
2344.05	263.111
2345.97	262.667
2347.89	266.667
2349.8	263.778
2351.72	259.778
2353.63	267.778
2355.55	256.444
2357.47	265.778
2359.38	259.333
2361.29	259.778
2363.21	259.778
2365.12	263.111
2367.03	260.889
2368.94	261.556
2370.85	263.778
2372.76	258.667
2374.67	261.778
2376.58	264.222
2378.49	266.444
2380.4	262
2382.31	260.444
2384.21	260.222
2386.12	268
2388.03	264.889
2389.93	264.889
2391.84	263.778
2393.74	258.444
2395.64	256.889
2397.55	269.556
2399.45	262.222
2401.35	266.667
2403.25	262
2405.15	262.222
2407.05	270
2408.95	263.333
2410.85	271.111
2412.75	259.778
2414.65	258.222
2416.55	262.222
2418.45	265.778
2420.34	268
2422.24	266.444
2424.13	267.333
2426.03	267.111
2427.92	270.889
2429.82	265.556
2431.71	275.778
2433.6	272.667
2435.49	270.444
2437.39	270.889
2439.28	269.778
2441.17	266
2443.06	271.778
2444.95	269.333
2446.83	268
2448.72	270.667
2450.61	272.889
2452.5	274.889
2454.39	274.667
