188.706	236.444
191.305	242.444
193.902	240.222
196.499	240.667
199.096	243.111
201.69	251.111
204.284	258
206.877	258.444
209.47	271.111
212.062	272.444
214.652	265.778
217.242	276.444
219.83	276.222
222.419	278.222
225.005	276
227.592	281.778
230.177	276
232.762	282.222
235.345	268.222
237.928	273.333
240.509	262
243.09	251.556
245.671	252.222
248.249	237.333
250.829	237.333
253.405	228
255.983	220.444
258.558	215.111
261.132	203.556
263.707	203.778
266.28	202.889
268.852	191.333
271.424	192.444
273.994	192.222
276.564	186.667
279.133	183.556
281.701	191.778
284.268	182
286.835	183.556
289.4	180.444
291.964	181.556
294.527	178.444
297.091	170.444
299.653	171.556
302.214	170
304.774	170.222
307.334	165.111
309.892	168
312.45	166.889
315.006	165.111
317.562	159.778
320.118	156.667
322.672	160.667
325.225	163.778
327.778	164.222
330.329	161.778
332.88	165.556
335.43	158
337.978	170
340.528	175.333
343.075	168.889
345.622	177.333
348.167	174.222
350.712	176
353.256	179.556
355.799	173.556
358.341	175.333
360.883	170.222
363.423	172.222
365.963	164.222
368.502	159.778
371.04	167.111
373.577	164
376.114	163.556
378.649	161.778
381.184	161.778
383.718	160.667
386.251	156.889
388.783	157.556
391.314	154.444
393.844	161.556
396.373	164.667
398.902	165.111
401.43	167.556
403.957	166.222
406.484	173.333
409.009	168.889
411.534	162.444
414.057	163.778
416.58	161.333
419.102	156.222
421.624	152.667
424.144	153.778
426.663	152
429.181	151.778
431.7	155.111
434.217	156
436.732	154.889
439.248	154.889
441.763	157.333
444.277	164
446.788	157.556
449.301	161.111
451.812	156.667
454.322	158.667
456.831	156
459.341	156
461.847	157.556
464.355	157.778
466.861	155.556
469.366	150.444
471.871	150
474.374	154.889
476.877	150.222
479.378	151.333
481.88	160.222
484.381	152.222
486.879	158.667
489.379	159.111
491.876	156.444
494.373	160
496.869	158
499.365	156.444
501.858	151.333
504.353	155.111
506.845	148.222
509.338	151.111
511.828	151.111
514.319	146.667
516.808	151.778
519.296	147.778
521.785	150.889
524.272	149.556
526.759	149.556
529.244	149.333
531.728	154
534.212	145.333
536.695	154.667
539.178	146.667
541.659	145.778
544.139	147.556
546.619	151.333
549.098	148.889
551.575	146.444
554.052	146.889
556.529	146
559.005	141.111
561.479	139.333
563.953	143.556
566.427	146.889
568.899	140.444
571.37	146
573.84	145.556
576.311	143.778
578.78	142.667
581.248	143.333
583.715	146
586.181	142.444
588.647	139.111
591.113	140.444
593.577	141.111
596.04	141.333
598.503	138.667
600.964	145.556
603.425	138.667
605.885	145.556
608.344	146.222
610.803	149.111
613.26	146
615.718	145.333
618.174	150.889
620.63	151.778
623.084	149.778
625.538	149.111
627.99	154.444
630.443	155.333
632.894	165.778
635.344	166.222
637.792	169.333
640.241	183.333
642.689	195.333
645.137	215.111
647.583	242.222
650.029	272.222
652.474	311.333
654.918	365.111
657.361	387.333
659.804	374.444
662.246	322.444
664.685	264.889
667.125	224.889
669.565	199.333
672.003	186.444
674.441	175.111
676.877	168.889
679.313	170
681.749	167.778
684.183	170.444
686.617	172.889
689.049	170
691.481	176.444
693.913	185.778
696.342	192.889
698.772	196.222
701.201	208.444
703.63	223.333
706.056	224
708.483	238.667
710.909	231.111
713.333	234.667
715.758	226.222
718.18	235.778
720.603	226.444
723.025	239.556
725.445	243.778
727.866	252
730.284	253.778
732.703	262.889
735.122	268.889
737.538	264.889
739.955	270.222
742.369	262.222
744.784	256.667
747.197	252.222
749.611	251.778
752.023	240.889
754.435	239.111
756.845	231.778
759.255	228.444
761.664	225.778
764.071	237.111
766.48	228.444
768.886	231.556
771.292	220.667
773.697	217.778
776.102	220.667
778.505	212.889
780.907	213.778
783.31	208.222
785.711	210.667
788.111	210.444
790.511	212.667
792.91	210.667
795.308	209.333
797.706	205.556
800.102	213.111
802.497	213.778
804.892	216.889
807.287	209.778
809.68	213.778
812.072	212.222
814.464	216.222
816.855	220.222
819.246	219.333
821.635	225.333
824.024	232.444
826.412	239.778
828.799	234.889
831.186	250
833.572	234.667
835.956	238.222
838.34	246.444
840.723	244.444
843.106	248.889
845.487	261.556
847.868	266.889
850.248	260.667
852.628	257.556
855.006	265.778
857.384	255.556
859.761	261.333
862.138	273.556
864.513	260.444
866.888	268.667
869.262	274.222
871.636	275.556
874.008	277.111
876.38	278.889
878.751	273.778
881.121	266.222
883.491	260.667
885.86	272.222
888.228	274
890.595	287.333
892.962	290.667
895.327	286.889
897.691	276.667
900.055	260.667
902.419	259.333
904.782	250
907.144	248.444
909.505	238.667
911.864	245.111
914.224	241.111
916.583	239.778
918.941	234.889
921.298	237.556
923.654	233.333
926.01	233.778
928.366	236
930.719	234.889
933.073	230.889
935.426	236
937.777	228.889
940.129	227.556
942.479	225.111
944.828	219.333
947.178	222.222
949.526	221.333
951.873	218
954.22	224.667
956.565	226.889
958.911	224.444
961.254	226.444
963.598	219.111
965.942	220.444
968.283	225.556
970.625	224.444
972.965	224.222
975.305	223.556
977.644	226
979.983	219.333
982.32	218
984.657	227.778
986.993	220.444
989.327	227.556
991.663	231.333
993.996	236.222
996.33	240.667
998.662	236.889
1000.99	240.667
1003.32	243.556
1005.65	251.333
1007.98	244.444
1010.31	246.889
1012.64	249.111
1014.97	264.444
1017.29	266.667
1019.62	266.222
1021.94	276.444
1024.27	276
1026.59	284.889
1028.91	282.444
1031.24	291.778
1033.56	284.667
1035.88	289.556
1038.2	293.556
1040.51	293.333
1042.83	308
1045.15	304.222
1047.47	312.444
1049.78	305.333
1052.1	307.111
1054.41	301.333
1056.73	318
1059.04	327.556
1061.35	346.444
1063.66	369.556
1065.97	370.889
1068.28	362
1070.59	366.667
1072.9	368.222
1075.21	377.778
1077.52	395.333
1079.82	391.778
1082.13	392.667
1084.43	382.444
1086.74	366.889
1089.04	354.222
1091.34	341.778
1093.65	332.444
1095.95	305.333
1098.25	287.556
1100.55	292.222
1102.85	281.333
1105.14	275.556
1107.44	275.778
1109.74	267.778
1112.03	283.111
1114.33	288.889
1116.62	297.333
1118.92	306
1121.21	312.444
1123.5	330.222
1125.79	326.667
1128.09	313.111
1130.38	301.556
1132.67	275.778
1134.95	273.778
1137.24	256.889
1139.53	260.222
1141.82	260.222
1144.1	262.444
1146.39	271.778
1148.67	274.889
1150.95	274.444
1153.24	278
1155.52	272.667
1157.8	277.778
1160.08	284.889
1162.36	282.667
1164.64	280
1166.92	281.778
1169.2	282
1171.47	275.778
1173.75	272.444
1176.03	283.778
1178.3	272.889
1180.58	273.333
1182.85	274.222
1185.12	273.333
1187.39	266
1189.66	274
1191.94	266.222
1194.21	278.222
1196.48	275.778
1198.74	281.333
1201.01	278.889
1203.28	283.556
1205.54	276.889
1207.81	274.444
1210.07	281.778
1212.34	282.667
1214.6	274
1216.86	281.111
1219.13	282.222
1221.39	279.778
1223.65	280
1225.91	278.222
1228.17	278.444
1230.43	276.889
1232.68	282.222
1234.94	284.222
1237.2	285.111
1239.45	291.556
1241.71	297.556
1243.96	295.556
1246.22	295.333
1248.47	302.444
1250.72	303.333
1252.97	295.556
1255.22	296.222
1257.47	289.778
1259.72	308.667
1261.97	310.222
1264.22	318.444
1266.46	312.444
1268.71	307.333
1270.95	316
1273.2	326.667
1275.44	326.889
1277.69	337.111
1279.93	337.111
1282.17	342.889
1284.41	352.667
1286.65	362.667
1288.89	377.778
1291.13	389.333
1293.37	407.778
1295.61	450.889
1297.85	482.222
1300.08	531.333
1302.32	537.333
1304.55	545.778
1306.79	530.444
1309.02	496.444
1311.26	472.444
1313.49	452
1315.72	412.222
1317.95	400.667
1320.18	382.889
1322.41	378
1324.64	357.333
1326.86	341.111
1329.09	334.444
1331.32	326.444
1333.55	315.333
1335.77	317.778
1337.99	304.222
1340.22	318.889
1342.44	315.778
1344.66	322
1346.89	316
1349.11	319.333
1351.33	310.889
1353.55	300.222
1355.77	312.444
1357.98	306.667
1360.2	312.667
1362.42	311.556
1364.63	316.667
1366.85	316.667
1369.06	319.556
1371.28	319.111
1373.49	314.444
1375.7	313.556
1377.92	306.222
1380.13	305.333
1382.34	304.667
1384.55	307.778
1386.76	301.333
1388.97	300.667
1391.17	302.667
1393.38	307.333
1395.59	301.556
1397.79	302.667
1400	309.111
1402.2	309.111
1404.41	304.889
1406.61	312.667
1408.81	314.222
1411.01	316.667
1413.21	314
1415.41	321.111
1417.61	334.667
1419.81	355.556
1422.01	366.444
1424.21	386.667
1426.4	429.778
1428.6	464.222
1430.8	523.556
1432.99	599.556
1435.18	662.667
1437.38	724.222
1439.57	729.111
1441.76	720.222
1443.95	712.444
1446.14	671.333
1448.33	654.667
1450.52	652.889
1452.71	623.778
1454.9	616.222
1457.09	606
1459.27	597.111
1461.46	555.778
1463.64	539.778
1465.83	489.333
1468.01	469.556
1470.2	448.667
1472.38	420.222
1474.56	406
1476.74	382.889
1478.92	375.333
1481.1	374
1483.28	362.222
1485.46	355.556
1487.64	344.444
1489.81	354.667
1491.99	346
1494.16	339.778
1496.34	336.667
1498.51	334.444
1500.69	330.222
1502.86	328.889
1505.03	326
1507.21	317.778
1509.38	329.111
1511.55	316.222
1513.72	328.889
1515.89	317.333
1518.05	322.667
1520.22	320.889
1522.39	313.333
1524.55	324
1526.72	315.333
1528.88	314.222
1531.05	320
1533.21	329.333
1535.37	311.778
1537.54	310.889
1539.7	322.667
1541.86	310.222
1544.02	315.556
1546.18	322.222
1548.34	319.111
1550.5	316.444
1552.65	325.111
1554.81	320
1556.97	320.889
1559.12	320.222
1561.28	320.222
1563.43	321.778
1565.58	322.667
1567.74	310.889
1569.89	317.111
1572.04	322.444
1574.19	321.778
1576.34	323.111
1578.49	318.889
1580.64	326.889
1582.79	334.222
1584.94	323.778
1587.08	312.667
1589.23	324.667
1591.37	316.444
1593.52	323.556
1595.66	326.222
1597.81	324.667
1599.95	320
1602.09	325.778
1604.23	320.222
1606.37	325.333
1608.51	326.444
1610.65	325.556
1612.79	320.222
1614.93	322.667
1617.07	324.444
1619.21	319.111
1621.34	327.556
1623.48	318
1625.61	325.556
1627.75	328
1629.88	320.889
1632.01	316.444
1634.15	316.667
1636.28	324.444
1638.41	327.556
1640.54	322.667
1642.67	317.556
1644.8	324.667
1646.93	326
1649.05	328.222
1651.18	324.444
1653.31	325.333
1655.43	332.889
1657.56	328.444
1659.68	325.556
1661.81	328.222
1663.93	325.556
1666.05	328.889
1668.17	335.111
1670.3	338
1672.42	333.111
1674.54	329.111
1676.66	337.556
1678.77	334.667
1680.89	329.778
1683.01	334.444
1685.13	339.333
1687.24	335.778
1689.36	337.778
1691.47	332.889
1693.59	333.778
1695.7	330.222
1697.81	335.556
1699.92	338.222
1702.04	338
1704.15	338.444
1706.26	335.333
1708.37	342.667
1710.47	347.778
1712.58	337.778
1714.69	340.889
1716.8	338.444
1718.9	346
1721.01	338.444
1723.11	344.222
1725.22	341.556
1727.32	336.889
1729.42	340.222
1731.53	346
1733.63	347.778
1735.73	345.333
1737.83	344.889
1739.93	344.222
1742.03	333.556
1744.13	348.222
1746.23	340
1748.32	339.778
1750.42	338.667
1752.52	346.667
1754.61	340.444
1756.71	342.889
1758.8	347.111
1760.89	350
1762.99	341.333
1765.08	352.444
1767.17	339.556
1769.26	354.667
1771.35	354
1773.44	350
1775.53	350.444
1777.62	342.222
1779.71	347.556
1781.79	355.333
1783.88	355.778
1785.96	351.333
1788.05	349.778
1790.13	351.333
1792.22	353.333
1794.3	351.556
1796.38	356.444
1798.47	345.556
1800.55	355.556
1802.63	359.556
1804.71	350.889
1806.79	353.111
1808.87	358.889
1810.95	362.667
1813.02	358.889
1815.1	352
1817.18	358.444
1819.25	353.556
1821.33	360.222
1823.4	357.333
1825.47	363.556
1827.55	354.667
1829.62	357.333
1831.69	359.556
1833.76	366.444
1835.83	362
1837.9	361.333
1839.97	361.556
1842.04	363.111
1844.11	361.778
1846.18	364
1848.24	362.889
1850.31	363.556
1852.38	354.444
1854.44	367.333
1856.51	366
1858.57	364
1860.63	354.889
1862.69	363.556
1864.76	365.333
1866.82	361.333
1868.88	371.333
1870.94	361.111
1873	364
1875.06	362.889
1877.11	364.667
1879.17	370
1881.23	364.667
1883.28	371.333
1885.34	368.222
1887.4	358.667
1889.45	367.778
1891.5	369.556
1893.56	370
1895.61	373.556
1897.66	370.667
1899.71	375.778
1901.76	374.667
1903.81	379.556
1905.86	382
1907.91	372.444
1909.96	376
1912.01	373.556
1914.05	371.778
1916.1	382.444
1918.15	373.111
1920.19	373.778
1922.23	379.778
1924.28	382.222
1926.32	382
1928.36	377.333
1930.41	369.556
1932.45	377.778
1934.49	376.889
1936.53	364.222
1938.57	378.667
1940.61	381.333
1942.64	377.778
1944.68	369.333
1946.72	379.778
1948.76	380.222
1950.79	383.778
1952.83	385.556
1954.86	384.222
1956.89	380.889
1958.93	382.222
1960.96	376.444
1962.99	390
1965.03	375.778
1967.06	388
1969.09	371.333
1971.12	381.111
1973.14	383.111
1975.17	382.222
1977.2	381.556
1979.23	386.444
1981.25	380.444
1983.28	367.556
1985.31	384.667
1987.33	386.667
1989.36	375.556
1991.38	395.556
1993.4	384.667
1995.42	391.556
1997.45	388.667
1999.47	390.667
2001.49	395.778
2003.51	392.222
2005.53	380.889
2007.55	395.111
2009.56	400.444
2011.58	398.667
2013.6	392.889
2015.61	394.444
2017.63	394.889
2019.65	390.667
2021.66	398.222
2023.67	395.333
2025.69	404.222
2027.7	390
2029.71	400.667
2031.72	397.111
2033.73	398.222
2035.74	389.778
2037.75	397.778
2039.76	391.778
2041.77	398
2043.78	397.111
2045.79	391.333
2047.79	392.667
2049.8	408.667
2051.8	397.778
2053.81	399.556
2055.81	403.333
2057.82	406.444
2059.82	400.889
2061.82	406.222
2063.82	404.667
2065.83	408.667
2067.83	402.222
2069.83	402.444
2071.83	413.333
2073.82	406.889
2075.82	412
2077.82	395.111
2079.82	413.333
2081.81	411.778
2083.81	400.444
2085.8	412.667
2087.8	413.111
2089.79	405.556
2091.79	400.444
2093.78	405.556
2095.77	406
2097.76	411.111
2099.76	411.111
2101.75	415.111
2103.74	406.444
2105.72	408.222
2107.71	415.333
2109.7	417.111
2111.69	410.667
2113.68	411.556
2115.66	410.667
2117.65	418.667
2119.63	410.889
2121.62	414.667
2123.6	418.667
2125.59	404
2127.57	411.333
2129.55	418.222
2131.53	419.556
2133.51	418
2135.49	413.556
2137.47	416.444
2139.45	422.889
2141.43	414.667
2143.41	418.222
2145.39	420
2147.36	416.222
2149.34	409.778
2151.32	428
2153.29	430.444
2155.27	421.333
2157.24	416.667
2159.21	420.889
2161.19	419.778
2163.16	414.889
2165.13	418
2167.1	419.556
2169.07	428.889
2171.04	432.222
2173.01	418.667
2174.98	425.333
2176.95	423.333
2178.92	420.667
2180.88	424.667
2182.85	423.778
2184.81	426.222
2186.78	420.667
2188.74	424.667
2190.71	417.778
2192.67	427.778
2194.63	422.667
2196.6	425.333
2198.56	424.667
2200.52	426
2202.48	414.444
2204.44	431.111
2206.4	422.667
2208.36	420.222
2210.32	422.667
2212.28	430.889
2214.23	420.444
2216.19	426.222
2218.14	428.222
2220.1	423.333
2222.05	428.667
2224.01	426.222
2225.96	425.333
2227.91	423.778
2229.87	423.333
2231.82	424
2233.77	436
2235.72	421.111
2237.67	436.889
2239.62	428.667
2241.57	431.111
2243.52	431.556
2245.47	433.333
2247.41	421.778
2249.36	423.333
2251.31	433.556
2253.25	430.889
2255.2	424.889
2257.14	426.444
2259.09	435.778
2261.03	421.333
2262.97	427.778
2264.91	431.333
2266.85	426.444
2268.8	423.556
2270.74	431.111
2272.68	436.667
2274.61	434.222
2276.55	432
2278.49	434
2280.43	429.333
2282.37	446
2284.3	441.778
2286.24	425.556
2288.17	427.556
2290.11	434
2292.04	428
2293.98	440.444
2295.91	431.556
2297.84	441.111
2299.77	435.778
2301.7	448.667
2303.64	440
2305.56	440
2307.49	445.556
2309.42	439.111
2311.35	427.556
2313.28	424.667
2315.21	437.778
2317.13	437.111
2319.06	439.333
2320.99	431.556
2322.91	441.111
2324.84	434
2326.76	433.556
2328.68	442.444
2330.6	438
2332.53	438.889
2334.45	436.889
2336.37	438.444
2338.29	442
2340.21	439.556
2342.13	438
2344.05	436.667
2345.97	443.111
2347.89	435.111
2349.8	439.333
2351.72	441.111
2353.63	441.333
2355.55	438
2357.47	443.111
2359.38	436.889
2361.29	449.556
2363.21	444.222
2365.12	442.222
2367.03	452.222
2368.94	449.556
2370.85	444.889
2372.76	447.333
2374.67	438.667
2376.58	433.333
2378.49	446.444
2380.4	447.556
2382.31	438.444
2384.21	445.333
2386.12	446.222
2388.03	438.444
2389.93	439.111
2391.84	438.889
2393.74	450.889
2395.64	442.889
2397.55	446
2399.45	446.889
2401.35	446.889
2403.25	447.333
2405.15	448.444
2407.05	439.778
2408.95	446.444
2410.85	442.667
2412.75	452.222
2414.65	443.111
2416.55	441.778
2418.45	454.889
2420.34	449.111
2422.24	445.556
2424.13	444.222
2426.03	445.333
2427.92	453.333
2429.82	447.333
2431.71	451.333
2433.6	450.222
2435.49	456.667
2437.39	451.111
2439.28	453.778
2441.17	441.778
2443.06	459.111
2444.95	452.889
2446.83	453.111
2448.72	453.556
2450.61	465.778
2452.5	460.222
2454.39	454.667
