182.393	848
184.993	856
187.593	826
190.193	804
192.79	852
195.387	824
197.983	796
200.578	812
203.174	794
205.766	846
208.36	842
210.951	878
213.542	902
216.131	882
218.721	916
221.309	888
223.897	916
226.483	938
229.069	880
231.654	830
234.238	784
236.821	738
239.404	670
241.984	604
244.566	560
247.145	478
249.723	428
252.302	416
254.878	382
257.455	362
260.03	338
262.604	326
265.178	330
267.75	336
270.322	330
272.893	316
275.463	322
278.032	290
280.601	294
283.168	298
285.734	266
288.301	298
290.866	276
293.429	274
295.992	288
298.556	274
301.117	276
303.677	268
306.236	262
308.795	246
311.354	256
313.911	268
316.467	264
319.022	276
321.577	264
324.13	272
326.684	256
329.236	240
331.787	248
334.337	242
336.887	260
339.435	282
341.983	250
344.529	254
347.075	244
349.621	242
352.165	234
354.708	234
357.251	242
359.793	228
362.334	252
364.874	244
367.413	232
369.951	240
372.489	228
375.026	236
377.562	246
380.097	258
382.631	238
385.164	272
387.697	252
390.229	276
392.76	266
395.29	274
397.819	266
400.346	292
402.873	292
405.4	324
407.926	320
410.451	330
412.976	296
415.499	302
418.02	284
420.542	276
423.063	258
425.583	254
428.101	256
430.619	242
433.137	236
435.654	228
438.169	242
440.684	234
443.198	230
445.712	224
448.223	230
450.735	220
453.246	202
455.755	204
458.264	194
460.771	188
463.279	192
465.786	192
468.291	208
470.796	198
473.301	220
475.803	216
478.306	230
480.807	210
483.308	228
485.807	210
488.307	210
490.804	200
493.302	214
495.798	194
498.294	200
500.788	200
503.283	192
505.775	214
508.269	206
510.759	198
513.251	222
515.74	230
518.23	228
520.718	222
523.204	214
525.692	198
528.177	226
530.663	238
533.147	244
535.629	272
538.113	270
540.594	314
543.074	308
545.555	300
548.034	326
550.512	296
552.989	270
555.467	264
557.942	262
560.417	258
562.892	296
565.365	338
567.838	444
570.309	500
572.78	534
575.251	484
577.72	406
580.189	322
582.656	282
585.123	254
587.589	254
590.055	250
592.52	244
594.983	242
597.446	250
599.908	244
602.369	246
604.829	234
607.289	250
609.747	266
612.205	280
614.663	288
617.119	394
619.574	598
622.029	934
624.483	806
626.936	442
629.389	306
631.84	270
634.291	260
636.741	242
639.19	242
641.639	194
644.086	218
646.533	216
648.979	178
651.424	184
653.869	190
656.313	188
658.754	180
661.196	184
663.638	182
666.078	186
668.518	182
670.957	182
673.394	180
675.831	176
678.268	174
680.703	174
683.137	178
685.571	164
688.005	178
690.437	174
692.868	174
695.299	178
697.729	194
700.159	202
702.586	222
705.014	198
707.441	210
709.866	216
712.292	218
714.716	222
717.14	218
719.563	230
721.984	248
724.406	272
726.825	296
729.246	290
731.665	276
734.082	256
736.5	290
738.916	304
741.332	344
743.746	354
746.161	354
748.574	372
750.987	352
753.398	406
755.81	406
758.219	420
760.629	444
763.037	444
765.445	408
767.852	420
770.258	386
772.664	374
775.068	400
777.472	376
779.876	404
782.278	390
784.679	454
787.08	474
789.48	512
791.879	554
794.278	560
796.675	612
799.072	594
801.467	548
803.864	444
806.258	430
808.651	382
811.044	354
813.437	348
815.828	324
818.218	290
820.608	288
822.997	270
825.385	278
827.773	262
830.16	288
832.546	328
834.931	390
837.315	368
839.699	356
842.081	346
844.463	346
846.844	334
849.226	328
851.606	288
853.985	284
856.363	296
858.741	302
861.117	286
863.493	282
865.868	300
868.243	276
870.616	278
872.989	306
875.36	272
877.731	276
880.102	276
882.472	288
884.841	254
887.209	286
889.577	284
891.944	268
894.31	268
896.674	280
899.039	298
901.403	296
903.766	298
906.128	328
908.49	324
910.849	316
913.209	300
915.569	294
917.927	266
920.284	254
922.641	256
924.997	256
927.353	270
929.707	254
932.061	240
934.414	262
936.765	270
939.117	250
941.469	266
943.818	272
946.167	264
948.515	262
950.863	254
953.211	280
955.556	302
957.902	322
960.246	362
962.59	340
964.933	368
967.276	366
969.617	364
971.958	330
974.298	350
976.638	334
978.976	368
981.314	426
983.651	460
985.988	536
988.323	662
990.659	988
992.992	1296
995.325	1450
997.658	1890
999.99	3432
1002.32	5398
1004.65	4872
1006.98	2608
1009.31	1190
1011.64	706
1013.97	496
1016.29	434
1018.62	436
1020.94	446
1023.27	534
1025.59	732
1027.91	1036
1030.24	1418
1032.56	1626
1034.88	1540
1037.2	1150
1039.52	820
1041.84	582
1044.15	510
1046.47	434
1048.79	394
1051.1	378
1053.42	368
1055.73	376
1058.04	364
1060.36	376
1062.67	346
1064.98	388
1067.29	374
1069.6	418
1071.91	412
1074.22	398
1076.52	404
1078.83	384
1081.14	410
1083.44	404
1085.75	376
1088.05	410
1090.35	404
1092.65	404
1094.95	400
1097.26	404
1099.56	402
1101.86	412
1104.15	360
1106.45	368
1108.75	376
1111.05	372
1113.34	392
1115.64	386
1117.93	356
1120.22	306
1122.52	284
1124.81	294
1127.1	244
1129.39	276
1131.68	288
1133.97	270
1136.26	284
1138.54	302
1140.83	312
1143.12	330
1145.4	336
1147.69	394
1149.97	456
1152.25	546
1154.54	770
1156.82	802
1159.1	766
1161.38	610
1163.66	496
1165.94	460
1168.22	420
1170.49	436
1172.77	502
1175.05	546
1177.32	656
1179.6	852
1181.87	980
1184.14	1022
1186.42	954
1188.69	936
1190.96	922
1193.23	976
1195.5	1040
1197.77	1022
1200.03	1034
1202.3	1006
1204.57	918
1206.83	838
1209.1	748
1211.36	630
1213.63	568
1215.89	484
1218.15	450
1220.41	438
1222.67	420
1224.93	426
1227.19	416
1229.45	408
1231.71	402
1233.97	394
1236.22	356
1238.48	364
1240.73	342
1242.99	344
1245.24	342
1247.5	344
1249.75	348
1252	338
1254.25	348
1256.5	336
1258.75	310
1261	338
1263.25	336
1265.49	322
1267.74	358
1269.99	364
1272.23	348
1274.48	350
1276.72	324
1278.96	354
1281.21	354
1283.45	348
1285.69	348
1287.93	358
1290.17	352
1292.41	386
1294.64	402
1296.88	400
1299.12	428
1301.36	478
1303.59	538
1305.82	576
1308.06	554
1310.29	516
1312.52	484
1314.76	460
1316.99	484
1319.22	472
1321.45	494
1323.68	498
1325.9	492
1328.13	532
1330.36	498
1332.58	488
1334.81	488
1337.04	462
1339.26	410
1341.48	418
1343.71	394
1345.93	410
1348.15	358
1350.37	370
1352.59	358
1354.81	364
1357.03	374
1359.24	352
1361.46	362
1363.68	350
1365.89	360
1368.11	380
1370.32	382
1372.54	362
1374.75	398
1376.96	396
1379.17	418
1381.38	428
1383.59	416
1385.8	362
1388.01	318
1390.22	292
1392.43	294
1394.63	292
1396.84	266
1399.05	292
1401.25	278
1403.45	288
1405.66	290
1407.86	282
1410.06	276
1412.26	276
1414.46	282
1416.66	292
1418.86	264
1421.06	294
1423.26	290
1425.46	274
1427.65	318
1429.85	318
1432.04	320
1434.24	360
1436.43	372
1438.62	396
1440.82	438
1443.01	470
1445.2	516
1447.39	534
1449.58	570
1451.77	588
1453.95	550
1456.14	506
1458.33	414
1460.52	386
1462.7	354
1464.89	326
1467.07	306
1469.25	296
1471.44	300
1473.62	288
1475.8	274
1477.98	300
1480.16	318
1482.34	286
1484.52	272
1486.7	290
1488.87	292
1491.05	316
1493.23	296
1495.4	306
1497.58	294
1499.75	268
1501.92	272
1504.1	294
1506.27	278
1508.44	268
1510.61	270
1512.78	256
1514.95	274
1517.12	284
1519.28	294
1521.45	276
1523.62	282
1525.78	258
1527.95	280
1530.11	278
1532.28	292
1534.44	306
1536.6	296
1538.76	268
1540.93	280
1543.09	292
1545.25	290
1547.41	304
1549.56	290
1551.72	294
1553.88	286
1556.03	286
1558.19	298
1560.35	296
1562.5	302
1564.65	312
1566.81	346
1568.96	328
1571.11	362
1573.26	358
1575.41	414
1577.56	460
1579.71	548
1581.86	718
1584.01	886
1586.15	824
1588.3	690
1590.45	558
1592.59	622
1594.74	700
1596.88	880
1599.02	1184
1601.17	1498
1603.31	1698
1605.45	1550
1607.59	1194
1609.73	886
1611.87	666
1614.01	546
1616.14	502
1618.28	442
1620.42	392
1622.55	404
1624.69	366
1626.82	358
1628.96	330
1631.09	322
1633.22	330
1635.36	348
1637.49	330
1639.62	314
1641.75	338
1643.88	344
1646	336
1648.13	312
1650.26	324
1652.39	336
1654.51	318
1656.64	298
1658.76	280
1660.89	324
1663.01	312
1665.13	300
1667.26	284
1669.38	294
1671.5	284
1673.62	282
1675.74	282
1677.86	288
1679.97	282
1682.09	286
1684.21	298
1686.33	316
1688.44	306
1690.56	316
1692.67	294
1694.78	286
1696.9	286
1699.01	278
1701.12	262
1703.23	284
1705.34	304
1707.45	304
1709.56	290
1711.67	290
1713.78	314
1715.88	304
1717.99	282
1720.1	288
1722.2	294
1724.31	288
1726.41	316
1728.51	296
1730.62	290
1732.72	298
1734.82	284
1736.92	272
1739.02	304
1741.12	290
1743.22	274
1745.32	274
1747.42	300
1749.51	306
1751.61	302
1753.7	304
1755.8	304
1757.89	286
1759.99	284
1762.08	280
1764.17	288
1766.26	298
1768.36	292
1770.45	278
1772.54	274
1774.62	290
1776.71	274
1778.8	286
1780.89	274
1782.98	292
1785.06	306
1787.15	306
1789.23	286
1791.32	280
1793.4	300
1795.48	294
1797.56	292
1799.65	316
1801.73	304
1803.81	288
1805.89	290
1807.97	304
1810.04	304
1812.12	282
1814.2	296
1816.28	304
1818.35	292
1820.43	304
1822.5	296
1824.58	298
1826.65	302
1828.72	276
1830.79	300
1832.86	310
1834.94	290
1837.01	302
1839.08	306
1841.15	298
1843.21	308
1845.28	290
1847.35	324
1849.41	306
1851.48	294
1853.55	314
1855.61	304
1857.67	308
1859.74	284
1861.8	288
1863.86	308
1865.92	298
1867.98	288
1870.05	294
1872.1	294
1874.16	306
1876.22	314
1878.28	300
1880.34	322
1882.39	304
1884.45	294
1886.5	294
1888.56	316
1890.61	322
1892.67	300
1894.72	296
1896.77	306
1898.82	296
1900.87	320
1902.92	296
1904.97	310
1907.02	314
1909.07	326
1911.12	302
1913.17	310
1915.21	300
1917.26	318
1919.3	308
1921.35	306
1923.39	312
1925.43	308
1927.48	312
1929.52	320
1931.56	308
1933.6	324
1935.64	334
1937.68	298
1939.72	292
1941.76	322
1943.8	298
1945.83	334
1947.87	316
1949.91	306
1951.94	318
1953.98	300
1956.01	312
1958.05	308
1960.08	302
1962.11	304
1964.14	320
1966.17	302
1968.2	310
1970.23	316
1972.26	318
1974.29	316
1976.32	336
1978.35	294
1980.37	302
1982.4	330
1984.43	324
1986.45	310
1988.48	310
1990.5	304
1992.52	316
1994.55	312
1996.57	308
1998.59	308
2000.61	312
2002.63	306
2004.65	318
2006.67	316
2008.69	318
2010.7	324
2012.72	310
2014.74	316
2016.75	306
2018.77	304
2020.78	314
2022.8	324
2024.81	330
2026.83	314
2028.84	316
2030.85	320
2032.86	328
2034.87	326
2036.88	324
2038.89	314
2040.9	324
2042.91	308
2044.91	344
2046.92	320
2048.93	324
2050.93	324
2052.94	316
2054.94	332
2056.95	330
2058.95	312
2060.95	310
2062.95	342
2064.96	318
2066.96	326
2068.96	336
2070.96	318
2072.96	314
2074.95	336
2076.95	318
2078.95	340
2080.95	330
2082.94	346
2084.94	318
2086.93	332
2088.93	326
2090.92	316
2092.91	332
2094.91	322
2096.9	328
2098.89	338
2100.88	310
2102.87	342
2104.86	308
2106.85	332
2108.84	318
2110.83	330
2112.81	322
2114.8	332
2116.78	314
2118.77	328
2120.75	334
2122.74	336
2124.72	316
2126.71	312
2128.69	336
2130.67	348
2132.65	340
2134.63	332
2136.61	326
2138.59	350
2140.57	344
2142.55	336
2144.53	346
2146.5	332
2148.48	328
2150.46	328
2152.43	318
2154.41	336
2156.38	324
2158.35	350
2160.33	324
2162.3	332
2164.27	332
2166.24	324
2168.21	340
2170.18	336
2172.15	330
2174.12	322
2176.09	342
2178.06	320
2180.03	338
2181.99	356
2183.96	350
2185.92	338
2187.89	328
2189.85	346
2191.82	326
2193.78	334
2195.74	332
2197.7	340
2199.67	330
2201.63	344
2203.59	326
2205.55	336
2207.51	330
2209.46	330
2211.42	348
2213.38	344
2215.34	334
2217.29	350
2219.25	342
2221.2	328
2223.16	336
2225.11	338
2227.06	326
2229.02	342
2230.97	346
2232.92	334
2234.87	350
2236.82	328
2238.77	350
2240.72	348
2242.67	332
2244.62	352
2246.57	358
2248.51	332
2250.46	336
2252.4	340
2254.35	354
2256.29	334
2258.24	342
2260.18	368
2262.13	324
2264.07	334
2266.01	348
2267.95	334
2269.89	344
2271.83	342
2273.77	336
2275.71	354
2277.65	346
2279.58	336
2281.52	340
2283.46	352
2285.4	312
2287.33	330
2289.27	354
2291.2	346
2293.13	338
2295.07	360
2297	354
2298.93	350
2300.86	338
2302.79	360
2304.72	340
2306.65	356
2308.58	360
2310.51	342
2312.44	342
2314.37	358
2316.29	346
2318.22	360
2320.15	356
2322.07	350
2324	336
2325.92	340
2327.84	354
2329.77	360
2331.69	358
2333.61	356
2335.53	368
2337.45	360
2339.37	358
2341.29	350
2343.21	342
2345.13	324
2347.05	352
2348.97	350
2350.88	352
2352.8	332
2354.71	356
2356.63	366
2358.54	346
2360.46	358
2362.37	342
2364.28	358
2366.2	356
2368.11	354
2370.02	352
2371.93	358
2373.84	366
2375.75	364
2377.66	348
2379.57	344
2381.47	360
2383.38	344
2385.29	364
2387.2	346
2389.1	352
2391.01	350
2392.91	350
2394.81	354
2396.72	352
2398.62	328
2400.52	364
2402.42	354
2404.33	360
2406.23	376
2408.13	362
2410.03	364
2411.92	346
2413.82	338
2415.72	368
2417.62	346
2419.51	364
2421.41	356
2423.31	356
2425.2	360
2427.1	332
2428.99	352
2430.88	340
2432.78	372
2434.67	380
2436.56	356
2438.45	382
2440.34	348
2442.23	352
2444.12	364
2446.01	368
2447.9	366
2449.79	360
