186.85	633.333
189.449	652.889
192.047	632.444
194.645	641.333
197.241	639.556
199.837	637.778
202.431	647.556
205.025	652.667
207.619	652
210.21	647.778
212.802	648.222
215.392	649.556
217.982	650
220.57	644.222
223.158	652
225.744	659.111
228.331	655.333
230.915	671.333
233.5	668
236.083	666.889
238.666	657.111
241.247	662.222
243.827	671.556
246.408	676.667
248.986	673.333
251.565	677.556
254.142	668.444
256.719	688.222
259.294	664.889
261.868	672.444
264.443	670.889
267.015	681.556
269.587	670.889
272.159	658.222
274.729	669.111
277.298	663.111
279.867	671.111
282.435	668.667
285.001	664.889
287.568	669.111
290.133	666
292.697	658.222
295.26	673.111
297.824	659.333
300.385	672
302.945	663.778
305.505	672.444
308.064	661.556
310.623	680.222
313.18	671.111
315.737	664.889
318.292	674
320.847	695.333
323.402	688.222
325.955	690
328.507	708.444
331.058	704.889
333.609	686.222
336.158	680.889
338.707	702.444
341.255	700
343.802	694.667
346.349	707.778
348.895	714.667
351.439	704.444
353.983	704.889
356.526	698.667
359.068	720.889
361.609	711.111
364.149	712.444
366.689	709.556
369.227	705.778
371.765	714.667
374.302	718.889
376.838	716.889
379.374	736
381.908	729.333
384.442	730.889
386.973	700.444
389.505	681.778
392.036	672.667
394.567	678.667
397.096	680
399.625	684.444
402.153	686.444
404.68	696.889
407.206	684.667
409.73	696.889
412.254	692
414.778	702.222
417.301	698.444
419.823	710.222
422.343	706.889
424.863	706.667
427.383	708.667
429.901	700.889
432.418	712.667
434.935	718
437.451	724.889
439.966	719.333
442.48	714.444
444.993	710.889
447.506	708.444
450.019	705.778
452.528	703.111
455.039	720.667
457.549	726
460.056	730.667
462.564	717.778
465.07	711.333
467.576	694.889
470.082	709.111
472.585	703.111
475.089	719.556
477.591	714.889
480.093	701.111
482.595	706.222
485.094	716.667
487.594	710.889
490.091	717.556
492.59	713.111
495.086	723.333
497.582	714.667
500.076	715.111
502.571	724.667
505.064	727.778
507.558	731.778
510.049	732.889
512.54	742
515.03	740.222
517.518	752
520.008	770
522.495	762.667
524.983	766.444
527.468	759.333
529.954	758.222
532.438	740.667
534.921	746
537.404	744
539.886	742.667
542.366	732
544.848	732.889
547.327	722.667
549.805	726.889
552.284	719.333
554.76	720
557.236	714
559.711	719.111
562.186	717.556
564.66	719.111
567.132	723.556
569.604	703.556
572.076	717.333
574.547	720.667
577.016	708.222
579.484	705.333
581.952	705.111
584.419	700.444
586.887	696
589.352	708.222
591.816	715.333
594.28	704.222
596.743	705.778
599.205	700.444
601.667	718.889
604.127	704.222
606.588	702.222
609.047	721.778
611.505	712.667
613.963	720.667
616.419	715.333
618.875	707.333
621.33	720
623.784	712.222
626.238	717.556
628.69	710.444
631.142	716.889
633.593	724.444
636.043	720
638.493	718.889
640.941	703.333
643.389	714
645.835	710.889
648.281	711.778
650.727	709.778
653.171	711.778
655.615	724.889
658.058	706
660.501	714
662.942	721.333
665.382	711.778
667.822	702.222
670.261	699.778
672.699	718.444
675.137	712.667
677.574	726.667
680.008	727.333
682.443	732
684.878	727.556
687.312	737.556
689.743	736.889
692.175	750.667
694.607	759.556
697.037	758.667
699.466	747.556
701.895	735.111
704.323	722.889
706.749	722.222
709.175	725.556
711.601	717.556
714.025	723.778
716.449	711.333
718.871	723.333
721.294	729.111
723.716	712.667
726.136	709.778
728.556	706.444
730.975	707.556
733.394	713.111
735.812	705.111
738.228	713.111
740.644	702.667
743.058	703.778
745.473	707.111
747.886	712.667
750.3	710.222
752.711	701.111
755.123	706
757.533	715.111
759.942	704.889
762.351	706.889
764.759	719.111
767.167	704.667
769.573	712
771.979	715.556
774.383	707.556
776.787	696
779.191	716
781.593	698.444
783.994	715.778
786.396	700
788.796	725.333
791.195	713.556
793.595	741.333
795.992	754.889
798.389	751.778
800.786	766
803.181	770.444
805.576	776.889
807.969	754
810.363	736.222
812.755	740.667
815.147	723.111
817.537	721.111
819.927	707.778
822.318	732
824.706	708.444
827.093	702.889
829.48	697.556
831.866	706
834.251	706.444
836.636	706.667
839.021	704.444
841.404	714.889
843.786	699.111
846.167	718.222
848.548	692.444
850.928	705.111
853.307	699.556
855.685	695.778
858.063	694.444
860.44	705.111
862.816	702
865.192	695.556
867.566	706
869.94	697.778
872.313	703.556
874.685	697.556
877.057	695.778
879.428	692.222
881.798	703.778
884.167	698.667
886.536	696
888.902	698.444
891.269	712
893.636	697.111
896.001	702
898.366	707.111
900.73	697.333
903.094	712.222
905.455	709.556
907.817	704.222
910.178	695.778
912.538	696.445
914.898	678.667
917.255	695.778
919.613	711.333
921.971	694.444
924.327	693.778
926.682	687.778
929.037	682.444
931.391	687.333
933.744	696.444
936.096	676.667
938.449	692.667
940.799	693.111
943.149	696.889
945.499	696.667
947.847	691.111
950.195	709.556
952.542	696.222
954.889	699.111
957.235	696.889
959.579	693.556
961.924	699.111
964.266	703.111
966.609	704.444
968.951	694.222
971.292	706.667
973.632	703.556
975.972	699.333
978.31	698.222
980.649	691.333
982.986	695.333
985.323	704
987.659	698.667
989.994	689.778
992.328	707.111
994.662	703.556
996.995	705.333
999.326	710
1001.66	706.889
1003.99	712.889
1006.32	698.889
1008.65	696.667
1010.98	698
1013.3	706.222
1015.63	705.556
1017.96	703.333
1020.28	708.889
1022.61	711.778
1024.93	698.222
1027.25	696.222
1029.58	706.667
1031.9	703.333
1034.22	725.556
1036.54	716
1038.86	718.222
1041.18	710.667
1043.49	716
1045.81	710.667
1048.13	734.667
1050.44	722
1052.76	728.889
1055.07	734.667
1057.39	740.667
1059.7	738.889
1062.01	767.111
1064.32	788
1066.63	802.222
1068.94	836
1071.25	903.778
1073.56	979.333
1075.87	1034.67
1078.17	1134
1080.48	1180.67
1082.79	1217.78
1085.09	1201.33
1087.39	1130.89
1089.7	1037.78
1092	952.222
1094.3	908
1096.6	869.778
1098.9	842.444
1101.2	810.667
1103.5	778.667
1105.8	770.889
1108.1	769.556
1110.39	748.889
1112.69	757.111
1114.98	759.556
1117.28	757.556
1119.57	767.778
1121.86	758.444
1124.16	763.111
1126.45	761.778
1128.74	763.333
1131.03	739.778
1133.32	737.333
1135.61	732.667
1137.89	730.222
1140.18	728
1142.47	722.444
1144.75	723.778
1147.04	718.889
1149.32	712.444
1151.61	718
1153.89	726
1156.17	724.889
1158.45	723.333
1160.73	716
1163.01	718.444
1165.29	708.444
1167.57	713.111
1169.85	701.333
1172.12	707.333
1174.4	729.333
1176.68	736.889
1178.95	745.111
1181.22	749.778
1183.5	766.444
1185.77	769.778
1188.04	771.556
1190.31	753.778
1192.58	710
1194.85	703.111
1197.12	684.889
1199.39	704
1201.66	682
1203.92	686
1206.19	688
1208.45	690.222
1210.72	688
1212.98	685.556
1215.25	686.222
1217.51	701.556
1219.77	687.556
1222.03	695.333
1224.29	685.111
1226.55	696.667
1228.81	697.556
1231.07	695.556
1233.33	678.444
1235.58	683.778
1237.84	686.222
1240.09	696.667
1242.35	700.444
1244.6	696.444
1246.86	684
1249.11	687.555
1251.36	682.444
1253.61	689.333
1255.86	680.445
1258.11	697.556
1260.36	684.889
1262.61	700
1264.86	697.778
1267.1	703.556
1269.35	700.667
1271.6	708.222
1273.84	718
1276.08	705.778
1278.33	711.111
1280.57	703.111
1282.81	718.889
1285.05	716.445
1287.29	724.889
1289.53	715.333
1291.77	730.444
1294.01	723.333
1296.25	715.111
1298.48	724
1300.72	734.889
1302.96	713.333
1305.19	714.222
1307.42	714.667
1309.66	724.667
1311.89	716
1314.12	717.778
1316.35	722
1318.58	728.889
1320.81	725.556
1323.04	726.667
1325.27	717.333
1327.5	714.444
1329.73	723.555
1331.95	721.111
1334.18	726.444
1336.4	722.667
1338.63	718.889
1340.85	724.444
1343.08	706.889
1345.3	708
1347.52	708.222
1349.74	699.333
1351.96	687.333
1354.18	692
1356.4	691.333
1358.61	705.556
1360.83	696.444
1363.05	706.667
1365.27	698.667
1367.48	695.556
1369.69	706.222
1371.91	712
1374.12	706.222
1376.33	726.889
1378.55	710.667
1380.76	713.778
1382.97	716.667
1385.18	708.889
1387.39	702.222
1389.59	702.222
1391.8	690
1394.01	699.111
1396.21	683.111
1398.42	694
1400.63	695.111
1402.83	692.889
1405.03	678.222
1407.24	682.889
1409.44	672.889
1411.64	676.889
1413.84	678.667
1416.04	663.111
1418.24	672.444
1420.44	675.111
1422.64	681.333
1424.83	676.889
1427.03	677.333
1429.23	659.556
1431.42	678.444
1433.62	669.778
1435.81	663.556
1438	668.667
1440.19	678.889
1442.39	685.778
1444.58	695.778
1446.77	677.333
1448.96	670.444
1451.15	681.556
1453.34	669.556
1455.52	679.111
1457.71	655.778
1459.9	655.111
1462.08	655.556
1464.27	654.222
1466.45	666.667
1468.64	654.444
1470.82	669.111
1473	662.222
1475.18	681.778
1477.36	675.555
1479.54	681.556
1481.72	685.333
1483.9	690
1486.08	685.111
1488.26	674
1490.43	660
1492.61	646.889
1494.78	645.778
1496.96	646.444
1499.13	642.889
1501.31	640.667
1503.48	644.667
1505.65	653.556
1507.82	636.444
1509.99	654.222
1512.16	646.222
1514.33	632.889
1516.5	640.889
1518.67	632
1520.84	652
1523	641.111
1525.17	650.444
1527.34	653.778
1529.5	652.889
1531.66	655.111
1533.83	662.222
1535.99	682.222
1538.15	677.111
1540.31	674.889
1542.47	677.556
1544.63	678.222
1546.79	664.222
1548.95	653.556
1551.11	666
1553.27	660.444
1555.42	661.778
1557.58	662.667
1559.73	674.667
1561.89	656
1564.04	664
1566.2	679.556
1568.35	672.667
1570.5	701.111
1572.65	718
1574.8	732.444
1576.95	777.556
1579.1	838
1581.25	892
1583.4	966.222
1585.55	1081.33
1587.69	1214
1589.84	1353.33
1591.99	1469.11
1594.13	1458
1596.27	1324.22
1598.42	1143.11
1600.56	968.222
1602.7	884.889
1604.84	841.778
1606.98	795.333
1609.12	784.444
1611.26	771.111
1613.4	760.667
1615.54	760
1617.68	746
1619.81	740.222
1621.95	725.333
1624.08	725.778
1626.22	734
1628.35	720.444
1630.49	717.778
1632.62	710.444
1634.75	727.333
1636.88	714.444
1639.01	724.889
1641.14	716
1643.27	710.667
1645.4	698.444
1647.53	723.778
1649.66	717.778
1651.79	712.222
1653.91	721.778
1656.04	725.111
1658.16	712.222
1660.29	703.778
1662.41	704
1664.53	701.556
1666.66	696
1668.78	681.333
1670.9	680.445
1673.02	688.222
1675.14	672.889
1677.26	663.111
1679.38	667.333
1681.49	662.889
1683.61	667.778
1685.73	661.778
1687.84	659.111
1689.96	661.333
1692.07	659.333
1694.19	653.333
1696.3	663.111
1698.41	664.667
1700.52	649.333
1702.64	665.778
1704.75	654.667
1706.86	658.445
1708.97	657.778
1711.07	638.667
1713.18	646.667
1715.29	641.778
1717.4	644.222
1719.5	633.556
1721.61	640.445
1723.71	631.333
1725.82	618.667
1727.92	625.556
1730.02	615.111
1732.12	604.444
1734.23	594.444
1736.33	606.444
1738.43	597.778
1740.53	596.222
1742.63	591.778
1744.72	598
1746.82	583.333
1748.92	584
1751.02	574
1753.11	581.778
1755.21	571.333
1757.3	578.889
1759.4	577.556
1761.49	588.889
1763.58	572
1765.67	593.333
1767.76	574
1769.86	567.333
1771.95	580.667
1774.03	586.667
1776.12	569.111
1778.21	564.222
1780.3	568
1782.39	575.111
1784.47	574
1786.56	571.778
1788.64	568.444
1790.73	570
1792.81	568
1794.89	570.889
1796.98	565.556
1799.06	569.556
1801.14	567.556
1803.22	554.222
1805.3	561.333
1807.38	568.667
1809.46	559.111
1811.54	567.333
1813.61	568.667
1815.69	562.667
1817.77	562
1819.84	562
1821.92	553.778
1823.99	573.111
1826.06	559.333
1828.14	563.556
1830.21	564.667
1832.28	556.667
1834.35	552.667
1836.42	565.111
1838.49	547.778
1840.56	550.889
1842.63	556.444
1844.7	552
1846.77	547.556
1848.83	552.444
1850.9	549.778
1852.96	544
1855.03	541.111
1857.09	558.889
1859.15	539.778
1861.22	550.222
1863.28	546
1865.34	539.556
1867.4	545.111
1869.46	543.333
1871.52	543.333
1873.58	548.667
1875.64	542.667
1877.7	544.444
1879.76	530.222
1881.81	532
1883.87	532.222
1885.92	539.556
1887.98	539.111
1890.03	544.444
1892.09	535.778
1894.14	536.667
1896.19	541.556
1898.24	536.667
1900.29	537.333
1902.34	530.444
1904.4	524.667
1906.44	530.444
1908.49	543.111
1910.54	542.222
1912.59	534.444
1914.63	537.556
1916.68	536.667
1918.73	542.889
1920.77	530
1922.81	536.222
1924.86	530
1926.9	527.333
1928.94	538
1930.99	534.444
1933.03	527.111
1935.07	536.444
1937.11	527.556
1939.15	529.333
1941.19	527.333
1943.22	525.333
1945.26	518.222
1947.3	528.667
1949.33	515.111
1951.37	519.111
1953.4	519.333
1955.44	515.333
1957.47	511.333
1959.51	530.889
1961.54	517.778
1963.57	515.556
1965.6	514.222
1967.63	504.889
1969.66	508.222
1971.69	508
1973.72	499.556
1975.75	509.333
1977.78	515.778
1979.8	503.111
1981.83	500.889
1983.86	506.889
1985.88	509.778
1987.91	511.778
1989.93	515.778
1991.95	503.333
1993.98	499.778
1996	500.444
1998.02	508.222
2000.04	496.444
2002.06	504.889
2004.08	510.667
2006.1	508
2008.12	507.778
2010.14	501.333
2012.15	506.222
2014.17	498.889
2016.19	499.333
2018.2	495.778
2020.22	497.111
2022.23	503.333
2024.25	494.889
2026.26	496.889
2028.27	499.556
2030.28	507.778
2032.29	504.889
2034.3	496.222
2036.32	500.667
2038.32	494.444
2040.33	501.778
2042.34	502.222
2044.35	488
2046.36	486
2048.36	507.556
2050.37	506.667
2052.37	495.333
2054.38	496.222
2056.38	494.222
2058.39	483.111
2060.39	488.667
2062.39	487.111
2064.39	487.778
2066.39	478.222
2068.39	485.111
2070.39	488.667
2072.39	479.778
2074.39	482.222
2076.39	483.778
2078.39	482.222
2080.39	492.222
2082.38	483.333
2084.38	479.778
2086.37	482
2088.37	474.222
2090.36	472.222
2092.35	475.778
2094.35	473.778
2096.34	479.778
2098.33	481.778
2100.32	461.333
2102.31	471.333
2104.3	475.556
2106.29	469.778
2108.28	482.889
2110.27	470.444
2112.25	475.556
2114.24	464.222
2116.23	475.556
2118.21	465.111
2120.2	474.444
2122.18	472.444
2124.17	469.556
2126.15	466.222
2128.13	472.667
2130.11	465.111
2132.09	479.111
2134.08	465.556
2136.06	463.333
2138.04	466
2140.02	467.778
2141.99	467.111
2143.97	461.111
2145.95	452.889
2147.93	469.333
2149.9	457.778
2151.88	457.556
2153.85	460.889
2155.83	451.778
2157.8	456
2159.77	451.556
2161.75	452.222
2163.72	452
2165.69	451.556
2167.66	460.222
2169.63	452.222
2171.6	439.333
2173.57	446
2175.54	448.222
2177.51	445.333
2179.47	442.444
2181.44	448.222
2183.41	449.111
2185.37	443.333
2187.34	442.222
2189.3	451.111
2191.27	431.333
2193.23	443.333
2195.19	441.556
2197.15	436.667
2199.11	436.222
2201.08	429.556
2203.04	440.889
2205	434.667
2206.96	430.444
2208.91	436.222
2210.87	444.889
2212.83	429.778
2214.79	432.444
2216.74	438.444
2218.7	435.778
2220.65	428.889
2222.61	431.556
2224.56	424.444
2226.52	438.444
2228.47	433.778
2230.42	421.556
2232.37	424
2234.32	436.667
2236.27	430.667
2238.22	422.444
2240.17	426.889
2242.12	424.667
2244.07	436.222
2246.02	425.111
2247.97	414.222
2249.91	425.778
2251.86	418.889
2253.8	422.889
2255.75	423.778
2257.69	420.889
2259.64	420.667
2261.58	424
2263.52	415.556
2265.46	418.889
2267.4	407.111
2269.35	421.556
2271.29	414.889
2273.23	416.222
2275.16	408.444
2277.1	416
2279.04	411.556
2280.98	409.111
2282.92	411.778
2284.85	409.778
2286.79	404
2288.72	405.778
2290.66	411.333
2292.59	408.889
2294.52	402.667
2296.46	402.889
2298.39	404.667
2300.32	411.556
2302.25	401.111
2304.18	403.333
2306.11	401.556
2308.04	405.111
2309.97	402.222
2311.9	396.889
2313.83	399.556
2315.75	395.778
2317.68	397.333
2319.61	394.889
2321.53	394.667
2323.46	395.111
2325.38	398.222
2327.3	390.444
2329.23	401.556
2331.15	391.778
2333.07	397.333
2334.99	398.444
2336.91	395.111
2338.83	393.556
2340.75	390
2342.67	387.111
2344.59	388.222
2346.51	382.889
2348.43	389.111
2350.35	395.333
2352.26	381.778
2354.18	382.667
2356.09	384.889
2358.01	387.111
2359.92	381.111
2361.83	384.222
2363.75	369.111
2365.66	387.333
2367.57	378.444
2369.48	382.889
2371.39	384.667
2373.31	379.556
2375.21	384.222
2377.12	369.111
2379.03	372.444
2380.94	382.889
2382.85	380
2384.76	383.556
2386.66	362.222
2388.57	374.444
2390.47	382.889
2392.38	374.889
2394.28	372.667
2396.18	365.778
2398.09	376.444
2399.99	372
2401.89	376
2403.79	371.111
2405.69	369.556
2407.59	368.889
2409.49	358
2411.39	364.444
2413.29	358.222
2415.19	363.333
2417.09	372.444
2418.98	365.333
2420.88	359.556
2422.78	362.222
2424.67	371.333
2426.57	359.556
2428.46	362.444
2430.35	361.556
2432.25	359.778
2434.14	358.667
2436.03	365.333
2437.92	366.222
2439.81	358.667
2441.7	363.556
2443.59	362.444
2445.48	358.444
2447.37	360.667
2449.26	364.667
2451.15	361.778
2453.03	362.444
