186.85	614
189.449	622
192.047	615.556
194.645	622.444
197.241	610.889
199.837	615.556
202.431	618.222
205.025	613.111
207.619	626.222
210.21	624.444
212.802	621.778
215.392	610
217.982	613.333
220.57	613.111
223.158	615.111
225.744	619.778
228.331	624.444
230.915	618.222
233.5	631.556
236.083	624.889
238.666	620.667
241.247	628
243.827	633.111
246.408	646.667
248.986	634.222
251.565	634
254.142	641.556
256.719	648.222
259.294	643.556
261.868	646.667
264.443	640.667
267.015	651.778
269.587	643.333
272.159	649.111
274.729	644.444
277.298	655.556
279.867	633.333
282.435	653.333
285.001	666.445
287.568	658.445
290.133	647.556
292.697	656.889
295.26	662
297.824	671.111
300.385	679.556
302.945	673.778
305.505	672.667
308.064	684.444
310.623	674.889
313.18	686
315.737	678.222
318.292	673.556
320.847	675.778
323.402	696.667
325.955	684.667
328.507	693.556
331.058	704
333.609	712.667
336.158	693.778
338.707	692.222
341.255	712.889
343.802	708.889
346.349	710.444
348.895	710
351.439	716.889
353.983	716.444
356.526	714.222
359.068	726.667
361.609	732.667
364.149	730
366.689	729.556
369.227	726.667
371.765	733.111
374.302	727.111
376.838	759.556
379.374	758.444
381.908	764.222
384.442	744.222
386.973	730.444
389.505	712.889
392.036	699.556
394.567	706
397.096	699.333
399.625	710.667
402.153	710.889
404.68	706.889
407.206	699.778
409.73	704.667
412.254	708.667
414.778	694
417.301	712
419.823	706.667
422.343	710.445
424.863	715.333
427.383	729.778
429.901	722
432.418	724.222
434.935	735.111
437.451	744.667
439.966	751.111
442.48	729.111
444.993	733.556
447.506	732.222
450.019	730
452.528	723.778
455.039	735.778
457.549	748.889
460.056	738
462.564	756.889
465.07	727.111
467.576	725.778
470.082	711.333
472.585	724.889
475.089	722.444
477.591	719.333
480.093	734
482.595	732.222
485.094	730.444
487.594	735.556
490.091	740
492.59	746.667
495.086	750.222
497.582	734
500.076	739.333
502.571	732.889
505.064	730.889
507.558	728.222
510.049	735.111
512.54	731.333
515.03	733.111
517.518	724.889
520.008	738.444
522.495	741.556
524.983	734.222
527.468	719.778
529.954	723.333
532.438	729.333
534.921	717.778
537.404	722.667
539.886	731.333
542.366	731.333
544.848	730.222
547.327	736.444
549.805	739.333
552.284	743.111
554.76	741.556
557.236	746.444
559.711	746
562.186	740.667
564.66	733.778
567.132	730.667
569.604	747.556
572.076	748.222
574.547	764.889
577.016	759.778
579.484	779.333
581.952	805.111
584.419	800.222
586.887	784.222
589.352	763.778
591.816	761.555
594.28	737.556
596.743	750.222
599.205	738.444
601.667	732.889
604.127	726.889
606.588	737.778
609.047	742.222
611.505	732.889
613.963	734.889
616.419	737.333
618.875	725.778
621.33	727.778
623.784	738.444
626.238	747.333
628.69	740.222
631.142	734.667
633.593	750.444
636.043	734
638.493	745.333
640.941	732.889
643.389	748.222
645.835	743.778
648.281	744.222
650.727	733.778
653.171	739.778
655.615	734.222
658.058	742.889
660.501	732.667
662.942	740
665.382	724
667.822	730
670.261	737.333
672.699	741.556
675.137	722.667
677.574	736.667
680.008	726.667
682.443	747.555
684.878	725.778
687.312	738.889
689.743	734.444
692.175	737.555
694.607	734.222
697.037	728.444
699.466	740
701.895	738
704.323	744
706.749	743.556
709.175	742.444
711.601	734.667
714.025	747.333
716.449	729.778
718.871	744
721.294	752
723.716	745.333
726.136	734.222
728.556	737.111
730.975	743.333
733.394	739.111
735.812	736.667
738.228	727.333
740.644	750.667
743.058	730.444
745.473	729.556
747.886	730.889
750.3	722.889
752.711	728.445
755.123	735.111
757.533	733.556
759.942	727.333
762.351	729.333
764.759	733.778
767.167	724.667
769.573	737.556
771.979	734
774.383	740.667
776.787	734.222
779.191	733.111
781.593	744.889
783.994	732.889
786.396	738.222
788.796	740.444
791.195	732.444
793.595	735.778
795.992	733.556
798.389	757.111
800.786	733.778
803.181	729.778
805.576	744.889
807.969	730.444
810.363	734.222
812.755	735.111
815.147	744
817.537	734.222
819.927	726.667
822.318	734.444
824.706	728.222
827.093	740.222
829.48	724
831.866	730.889
834.251	743.333
836.636	724.667
839.021	738.444
841.404	716.667
843.786	727.111
846.167	729.778
848.548	726.444
850.928	739.111
853.307	730.889
855.685	723.778
858.063	728.667
860.44	730.222
862.816	734.222
865.192	728.889
867.566	730.222
869.94	722.222
872.313	723.556
874.685	729.778
877.057	723.111
879.428	734.667
881.798	734.222
884.167	726
886.536	741.111
888.902	736.222
891.269	732.667
893.636	742
896.001	742.222
898.366	742.889
900.73	739.333
903.094	738.444
905.455	720.444
907.817	729.111
910.178	734.889
912.538	739.333
914.898	729.333
917.255	731.778
919.613	717.778
921.971	717.556
924.327	724.222
926.682	726.889
929.037	721.778
931.391	718.444
933.744	711.778
936.096	706
938.449	725.778
940.799	726
943.149	728.222
945.499	715.111
947.847	718.444
950.195	726.444
952.542	730.667
954.889	717.555
957.235	722.667
959.579	728.667
961.924	723.333
964.266	722.667
966.609	739.111
968.951	731.111
971.292	738.445
973.632	727.556
975.972	728.222
978.31	733.111
980.649	733.333
982.986	738
985.323	713.111
987.659	726.667
989.994	729.333
992.328	730
994.662	736.444
996.995	731.778
999.326	731.778
1001.66	736.444
1003.99	729.778
1006.32	720
1008.65	726.889
1010.98	730.222
1013.3	716
1015.63	724
1017.96	726.667
1020.28	738
1022.61	728.444
1024.93	731.556
1027.25	727.111
1029.58	740
1031.9	747.556
1034.22	723.555
1036.54	752.222
1038.86	740.444
1041.18	737.111
1043.49	745.778
1045.81	738.889
1048.13	755.555
1050.44	754.444
1052.76	748.222
1055.07	775.111
1057.39	773.333
1059.7	779.556
1062.01	801.778
1064.32	826
1066.63	869.111
1068.94	918.222
1071.25	996.667
1073.56	1051.11
1075.87	1056.22
1078.17	1019.11
1080.48	953.556
1082.79	890.667
1085.09	853.556
1087.39	838
1089.7	831.111
1092	849.111
1094.3	890.222
1096.6	885.111
1098.9	875.556
1101.2	831.778
1103.5	827.556
1105.8	807.111
1108.1	804.444
1110.39	799.333
1112.69	798.889
1114.98	804.667
1117.28	806.222
1119.57	820.889
1121.86	809.556
1124.16	807.778
1126.45	812.444
1128.74	788.889
1131.03	785.556
1133.32	754.889
1135.61	749.778
1137.89	752
1140.18	755.111
1142.47	746.222
1144.75	758.444
1147.04	749.333
1149.32	756.444
1151.61	754.222
1153.89	766.444
1156.17	754.222
1158.45	755.333
1160.73	751.556
1163.01	743.556
1165.29	743.556
1167.57	755.333
1169.85	764.889
1172.12	777.111
1174.4	804.222
1176.68	826.444
1178.95	830.444
1181.22	802.889
1183.5	776.889
1185.77	769.556
1188.04	747.778
1190.31	736
1192.58	733.333
1194.85	740.667
1197.12	749.333
1199.39	748.444
1201.66	750.889
1203.92	744.889
1206.19	723.556
1208.45	734.889
1210.72	734.444
1212.98	725.111
1215.25	727.778
1217.51	720.444
1219.77	718.667
1222.03	724.889
1224.29	733.111
1226.55	732
1228.81	724.667
1231.07	718.222
1233.33	740.444
1235.58	740
1237.84	732.667
1240.09	726.667
1242.35	740.222
1244.6	730.667
1246.86	724.889
1249.11	722
1251.36	734.222
1253.61	741.778
1255.86	723.556
1258.11	732.889
1260.36	723.333
1262.61	734.222
1264.86	730.444
1267.1	741.778
1269.35	727.556
1271.6	748.444
1273.84	728.444
1276.08	733.556
1278.33	738.889
1280.57	722.889
1282.81	733.333
1285.05	725.556
1287.29	726.667
1289.53	740.444
1291.77	739.111
1294.01	744
1296.25	746.444
1298.48	735.111
1300.72	726.444
1302.96	742.222
1305.19	732.889
1307.42	733.333
1309.66	739.111
1311.89	729.778
1314.12	730.667
1316.35	733.556
1318.58	731.778
1320.81	736.889
1323.04	740
1325.27	742.889
1327.5	729.333
1329.73	739.111
1331.95	750
1334.18	750.222
1336.4	759.778
1338.63	750.667
1340.85	744.222
1343.08	742.445
1345.3	742.444
1347.52	736
1349.74	749.333
1351.96	741.333
1354.18	722.889
1356.4	728.444
1358.61	724.222
1360.83	746.222
1363.05	732.444
1365.27	740.222
1367.48	742.889
1369.69	743.778
1371.91	748.889
1374.12	753.333
1376.33	756.667
1378.55	756.667
1380.76	751.556
1382.97	768.222
1385.18	752.222
1387.39	758.222
1389.59	738.222
1391.8	740.444
1394.01	724
1396.21	735.778
1398.42	733.778
1400.63	728.889
1402.83	725.111
1405.03	720.667
1407.24	719.111
1409.44	716
1411.64	719.333
1413.84	724.222
1416.04	724.222
1418.24	708.222
1420.44	707.111
1422.64	714
1424.83	708.222
1427.03	713.778
1429.23	715.555
1431.42	713.111
1433.62	714.222
1435.81	725.333
1438	722
1440.19	713.111
1442.39	705.778
1444.58	720.222
1446.77	709.778
1448.96	714
1451.15	719.333
1453.34	719.333
1455.52	722.889
1457.71	720.444
1459.9	725.778
1462.08	731.778
1464.27	721.111
1466.45	732
1468.64	730
1470.82	730.667
1473	731.333
1475.18	732.444
1477.36	746
1479.54	738.889
1481.72	728.444
1483.9	731.556
1486.08	707.778
1488.26	707.333
1490.43	700.444
1492.61	703.778
1494.78	700.889
1496.96	703.778
1499.13	696.889
1501.31	700
1503.48	701.333
1505.65	695.778
1507.82	683.111
1509.99	697.333
1512.16	691.778
1514.33	703.111
1516.5	690.667
1518.67	697.111
1520.84	702
1523	702.222
1525.17	699.333
1527.34	701.111
1529.5	712.222
1531.66	698.667
1533.83	705.778
1535.99	705.556
1538.15	700.222
1540.31	696.889
1542.47	712
1544.63	696.444
1546.79	720.889
1548.95	695.556
1551.11	722
1553.27	715.333
1555.42	712
1557.58	712.222
1559.73	713.111
1561.89	727.111
1564.04	729.333
1566.2	733.556
1568.35	744.667
1570.5	741.556
1572.65	775.778
1574.8	802
1576.95	836.889
1579.1	908.444
1581.25	966.222
1583.4	1029.33
1585.55	1051.78
1587.69	1001.56
1589.84	916.222
1591.99	864.222
1594.13	817.556
1596.27	792.444
1598.42	767.778
1600.56	740.222
1602.7	741.778
1604.84	730.667
1606.98	706
1609.12	716.889
1611.26	711.333
1613.4	690
1615.54	690.444
1617.68	684
1619.81	678.667
1621.95	685.778
1624.08	677.556
1626.22	677.333
1628.35	682
1630.49	671.111
1632.62	663.556
1634.75	669.111
1636.88	670
1639.01	663.778
1641.14	651.111
1643.27	658.889
1645.4	652.889
1647.53	657.333
1649.66	669.556
1651.79	655.778
1653.91	652.667
1656.04	651.333
1658.16	659.778
1660.29	640.889
1662.41	645.333
1664.53	645.111
1666.66	643.556
1668.78	639.778
1670.9	625.111
1673.02	630.222
1675.14	639.111
1677.26	632
1679.38	620.667
1681.49	634.667
1683.61	627.778
1685.73	625.333
1687.84	636.667
1689.96	634.889
1692.07	627.778
1694.19	624.667
1696.3	625.111
1698.41	626.667
1700.52	621.778
1702.64	632.889
1704.75	628.889
1706.86	625.778
1708.97	626.889
1711.07	633.111
1713.18	610.667
1715.29	628.222
1717.4	622.889
1719.5	612.667
1721.61	627.556
1723.71	613.111
1725.82	620.444
1727.92	612.889
1730.02	621.333
1732.12	613.778
1734.23	623.556
1736.33	610.889
1738.43	615.333
1740.53	614
1742.63	612
1744.72	620.444
1746.82	608.222
1748.92	606
1751.02	611.556
1753.11	594.667
1755.21	594.667
1757.3	606.222
1759.4	602
1761.49	608.889
1763.58	598.444
1765.67	601.111
1767.76	594
1769.86	599.333
1771.95	584.444
1774.03	601.778
1776.12	601.111
1778.21	593.778
1780.3	592.667
1782.39	597.556
1784.47	597.778
1786.56	596.889
1788.64	598.222
1790.73	592
1792.81	594.667
1794.89	603.555
1796.98	594.222
1799.06	591.556
1801.14	590.222
1803.22	585.556
1805.3	596.889
1807.38	590
1809.46	597.778
1811.54	588.667
1813.61	598
1815.69	588.667
1817.77	584.222
1819.84	592
1821.92	585.111
1823.99	587.111
1826.06	584
1828.14	578.444
1830.21	590.444
1832.28	583.333
1834.35	576.667
1836.42	577.333
1838.49	577.556
1840.56	583.778
1842.63	558.889
1844.7	575.333
1846.77	586.222
1848.83	575.111
1850.9	572.222
1852.96	574.222
1855.03	584
1857.09	562.444
1859.15	568.222
1861.22	566.889
1863.28	561.778
1865.34	565.111
1867.4	565.556
1869.46	572.222
1871.52	558.667
1873.58	554.444
1875.64	558.889
1877.7	565.111
1879.76	563.111
1881.81	560.222
1883.87	555.556
1885.92	562.222
1887.98	557.778
1890.03	554.667
1892.09	560
1894.14	563.778
1896.19	550
1898.24	556.889
1900.29	559.333
1902.34	556
1904.4	561.556
1906.44	562
1908.49	556.222
1910.54	552.222
1912.59	560.222
1914.63	549.778
1916.68	550
1918.73	553.778
1920.77	550.222
1922.81	563.111
1924.86	550
1926.9	550.444
1928.94	550.667
1930.99	548.222
1933.03	553.556
1935.07	540
1937.11	537.556
1939.15	544.889
1941.19	553.111
1943.22	538
1945.26	531.111
1947.3	539.333
1949.33	544
1951.37	531.111
1953.4	545.333
1955.44	534.222
1957.47	532.444
1959.51	534.222
1961.54	537.333
1963.57	530
1965.6	536.667
1967.63	528.667
1969.66	526
1971.69	527.555
1973.72	528.667
1975.75	538.222
1977.78	532.222
1979.8	521.556
1981.83	527.111
1983.86	525.556
1985.88	532.889
1987.91	524.445
1989.93	529.556
1991.95	514.222
1993.98	529.333
1996	519.111
1998.02	520.667
2000.04	527.333
2002.06	515.556
2004.08	518.667
2006.1	521.333
2008.12	515.333
2010.14	519.778
2012.15	523.111
2014.17	512.444
2016.19	524.444
2018.2	524.667
2020.22	509.333
2022.23	522.222
2024.25	518.444
2026.26	515.556
2028.27	520.222
2030.28	511.556
2032.29	521.556
2034.3	506.667
2036.32	518.444
2038.32	519.555
2040.33	501.333
2042.34	514
2044.35	512.667
2046.36	512.667
2048.36	522.667
2050.37	518.222
2052.37	514.444
2054.38	510.444
2056.38	509.333
2058.39	500.444
2060.39	504.667
2062.39	507.778
2064.39	508.889
2066.39	496.444
2068.39	507.778
2070.39	498
2072.39	500.667
2074.39	506.667
2076.39	507.111
2078.39	500.889
2080.39	502
2082.38	491.333
2084.38	491.333
2086.37	506
2088.37	494
2090.36	486
2092.35	486.444
2094.35	489.333
2096.34	494.444
2098.33	491.333
2100.32	486.667
2102.31	479.111
2104.3	492.667
2106.29	492.222
2108.28	488.667
2110.27	489.556
2112.25	490.667
2114.24	476.444
2116.23	489.556
2118.21	497.556
2120.2	490
2122.18	498.222
2124.17	501.778
2126.15	499.778
2128.13	500.667
2130.11	485.556
2132.09	496.444
2134.08	500.889
2136.06	493.556
2138.04	487.556
2140.02	490.222
2141.99	491.778
2143.97	486
2145.95	487.556
2147.93	478.222
2149.9	484.444
2151.88	482.889
2153.85	479.333
2155.83	465.111
2157.8	473.556
2159.77	475.333
2161.75	462.444
2163.72	477.111
2165.69	465.111
2167.66	470.667
2169.63	470.667
2171.6	472
2173.57	465.778
2175.54	471.333
2177.51	474
2179.47	462
2181.44	470.667
2183.41	462
2185.37	461.778
2187.34	463.778
2189.3	460.667
2191.27	461.778
2193.23	456.889
2195.19	454.889
2197.15	462.667
2199.11	451.556
2201.08	449.778
2203.04	458
2205	461.333
2206.96	461.333
2208.91	471.111
2210.87	468.889
2212.83	477.556
2214.79	483.333
2216.74	484.444
2218.7	517.111
2220.65	531.111
2222.61	570
2224.56	574
2226.52	594
2228.47	587.333
2230.42	578
2232.37	555.556
2234.32	526.667
2236.27	519.111
2238.22	497.556
2240.17	486.444
2242.12	472.667
2244.07	477.111
2246.02	469.556
2247.97	457.778
2249.91	444.222
2251.86	442.667
2253.8	442
2255.75	433.333
2257.69	431.778
2259.64	440.889
2261.58	429.778
2263.52	428
2265.46	441.556
2267.4	432
2269.35	425.778
2271.29	427.556
2273.23	425.111
2275.16	432.444
2277.1	416.667
2279.04	419.778
2280.98	424.222
2282.92	432
2284.85	426
2286.79	424.889
2288.72	412.444
2290.66	420.889
2292.59	423.111
2294.52	412.667
2296.46	409.556
2298.39	413.111
2300.32	416.667
2302.25	412.444
2304.18	404.222
2306.11	414.222
2308.04	415.556
2309.97	415.778
2311.9	406.444
2313.83	412.222
2315.75	408.444
2317.68	417.333
2319.61	409.778
2321.53	409.556
2323.46	398.667
2325.38	411.556
2327.3	409.111
2329.23	404.889
2331.15	402
2333.07	408.889
2334.99	407.556
2336.91	397.556
2338.83	396
2340.75	406.222
2342.67	399.778
2344.59	412.444
2346.51	411.778
2348.43	399.111
2350.35	400.222
2352.26	395.333
2354.18	393.333
2356.09	402.444
2358.01	403.778
2359.92	396.667
2361.83	399.111
2363.75	391.556
2365.66	398
2367.57	394.222
2369.48	389.778
2371.39	400.444
2373.31	392.889
2375.21	396.667
2377.12	385.778
2379.03	384
2380.94	387.556
2382.85	389.333
2384.76	382.667
2386.66	381.778
2388.57	384.889
2390.47	392.222
2392.38	376.889
2394.28	386.222
2396.18	371.778
2398.09	380.222
2399.99	383.333
2401.89	376.667
2403.79	378.667
2405.69	376.889
2407.59	386.222
2409.49	374
2411.39	378.889
2413.29	386.889
2415.19	364
2417.09	387.333
2418.98	376.222
2420.88	374.444
2422.78	378.444
2424.67	366.667
2426.57	373.556
2428.46	363.556
2430.35	374.667
2432.25	372.444
2434.14	371.111
2436.03	378
2437.92	368
2439.81	374.667
2441.7	373.333
2443.59	363.111
2445.48	365.778
2447.37	363.778
2449.26	368.444
2451.15	366.889
2453.03	374.889
