176.817	95
179.42	90.75
182.022	85.9167
184.622	84.0833
187.223	79.5
189.821	80.8333
192.419	77.4167
195.017	76.5833
197.612	74.4167
200.208	73.9167
202.802	71.3333
205.397	69.5833
207.99	67.1667
210.581	64.8333
213.173	63.9167
215.762	62.3333
218.352	62.75
220.94	59
223.528	58.5833
226.114	60.0833
228.701	58
231.285	56
233.87	54.5833
236.452	55.5833
239.034	54.4167
241.616	53
244.196	52.6667
246.777	51.3333
249.355	51.0833
251.933	49.75
254.511	48.5833
257.086	48.0833
259.663	46.4167
262.237	43.8333
264.81	45
267.383	43.5833
269.955	43.1667
272.525	43.1667
275.097	41.5
277.665	40.4167
280.234	40.4167
282.802	38.5833
285.368	38.3333
287.934	37.5833
290.499	35.9167
293.064	35
295.627	35.75
298.189	34.4167
300.75	32.5
303.312	33
305.871	31.5833
308.43	31.4167
310.988	29.6667
313.545	29.6667
316.101	27.25
318.658	27.9167
321.212	26.6667
323.766	26.9167
326.319	25.1667
328.871	26.3333
331.422	25.5
333.972	24.9167
336.522	23.9167
339.072	23.25
341.619	23.5
344.166	23.3333
346.712	22.9167
349.258	21.0833
351.802	21.3333
354.346	21.6667
356.888	21.9167
359.43	21.25
361.971	22.3333
364.511	20.5
367.051	19.5
369.589	20.75
372.127	20.6667
374.664	19.8333
377.2	21.0833
379.735	20.6667
382.27	19.1667
384.802	19.75
387.334	20.6667
389.866	20.0833
392.397	19.25
394.927	18.5
397.457	18.75
399.985	18.25
402.513	19.75
405.038	19.75
407.565	18.4167
410.09	18.75
412.614	19.5
415.138	19
417.66	19.6667
420.181	18.75
422.702	19.5
425.222	18.3333
427.742	19.5
430.259	19.25
432.777	19.1667
435.294	17.9167
437.81	19.3333
440.324	18.0833
442.838	18.4167
445.352	17.75
447.863	18.1667
450.375	18.3333
452.887	17.5
455.395	18.4167
457.905	17.8333
460.414	17.8333
462.92	17.1667
465.427	18
467.932	19.0833
470.438	18.9167
472.942	17.8333
475.445	17.5
477.948	18.6667
480.448	19.1667
482.95	18.4167
485.449	18.8333
487.949	18
490.446	18.25
492.944	18.3333
495.44	18.4167
497.937	18
500.431	18.4167
502.926	18.8333
505.418	17.75
507.912	18.4167
510.403	16.75
512.894	19.8333
515.384	16.0833
517.874	17.9167
520.361	17.5833
522.848	18.1667
525.336	17.8333
527.821	18
530.306	18.8333
532.791	19.0833
535.274	17.75
537.756	18.75
540.238	18.5833
542.719	19.25
545.199	18.8333
547.679	17.8333
550.157	19.25
552.634	19
555.112	18.1667
557.588	18.5833
560.063	17.8333
562.537	19.0833
565.011	19.75
567.484	18.5833
569.955	19
572.426	18.75
574.896	19.25
577.367	18.9167
579.835	18.5
582.303	19.8333
584.77	19.3333
587.236	19.4167
589.701	19.5
592.165	18.8333
594.629	19.6667
597.093	19.3333
599.555	19.6667
602.016	19.75
604.477	19.0833
606.936	20.3333
609.395	19.3333
611.853	19.6667
614.311	20
616.767	19
619.223	18.8333
621.678	20.0833
624.132	20.5833
626.585	19.9167
629.037	19.6667
631.489	20.1667
633.94	20.5
636.39	20.3333
638.839	20.0833
641.288	19.3333
643.736	19.75
646.183	20.6667
648.627	19.75
651.073	20.1667
653.517	19.1667
655.961	20
658.404	19.9167
660.846	20.5
663.288	19.75
665.727	19.8333
668.167	19.9167
670.606	21.5
673.044	20.5
675.482	21.5833
677.917	20.5833
680.353	20.5
682.788	19.4167
685.222	20.1667
687.655	20.8333
690.087	21
692.519	21.3333
694.951	20.4167
697.38	20.6667
699.809	20.5
702.238	20.6667
704.665	20.8333
707.092	20.75
709.519	20.75
711.943	20.25
714.368	20.5833
716.791	21.4167
719.214	21
721.637	20.8333
724.058	20.25
726.479	20.3333
728.898	20.8333
731.317	21.0833
733.734	21.1667
736.152	21.0833
738.568	20.5833
740.985	20.8333
743.399	20.75
745.814	20.5833
748.227	20.5833
750.64	20.6667
753.051	21.0833
755.463	21.1667
757.872	22.25
760.283	21.1667
762.691	19.8333
765.098	19.0833
767.506	21.3333
769.912	19.1667
772.318	20.5833
774.722	20.3333
777.126	21.0833
779.53	20.8333
781.932	22
784.333	20.5
786.735	21.9167
789.135	21.9167
791.533	22.0833
793.933	19.3333
796.33	21.8333
798.727	22.3333
801.123	22.5
803.519	20.5
805.913	21.5833
808.307	20.5
810.699	21.9167
813.093	20.8333
815.484	20.5
817.874	21.5833
820.264	21.4167
822.653	21.0833
825.041	21.3333
827.43	20.75
829.817	20.9167
832.203	20.75
834.588	21.3333
836.972	22.0833
839.356	20.5833
841.738	21.5
844.12	21.5833
846.502	21.25
848.882	22.3333
851.262	20.9167
853.641	20.0833
856.02	22.0833
858.397	20.1667
860.774	22.25
863.15	22.4167
865.525	22.0833
867.9	21.1667
870.273	21.5833
872.646	21.4167
875.019	21.9167
877.39	22.0833
879.761	21.1667
882.131	21.4167
884.5	22.0833
886.869	22.4167
889.236	22.1667
891.602	22.9167
893.968	21.9167
896.334	22.3333
898.698	21.75
901.062	22.9167
903.426	22.6667
905.787	23
908.148	22.5
910.509	23
912.87	22.5833
915.228	22.1667
917.587	22.9167
919.945	23.6667
922.302	24.6667
924.657	22.6667
927.013	24.4167
929.368	22.5
931.721	24.5833
934.074	24.9167
936.427	25.0833
938.778	25.3333
941.129	23.5
943.479	24.75
945.828	26.5833
948.177	28
950.524	24.6667
952.871	28.0833
955.218	28.5
957.563	27
959.908	28.0833
962.252	30.1667
964.595	29.1667
966.937	31.8333
969.28	29.6667
971.62	32.9167
973.961	33.25
976.3	34.6667
978.639	32.8333
980.976	34.75
983.314	37.1667
985.65	37.5
987.987	41.1667
990.321	44
992.655	46.5833
994.989	49.9167
997.321	53.25
999.653	58.6667
1001.98	66.5
1004.31	75.1667
1006.65	86.5833
1008.97	97.75
1011.3	118.917
1013.63	134.25
1015.96	158.083
1018.28	183
1020.61	217.5
1022.93	266.167
1025.26	323.917
1027.58	375.667
1029.9	426.833
1032.22	467.667
1034.54	494.333
1036.86	507.5
1039.18	504
1041.5	463.667
1043.82	398.917
1046.14	329.5
1048.45	259.75
1050.77	200.417
1053.08	158.833
1055.4	131.25
1057.71	109.333
1060.02	98.8333
1062.33	87.8333
1064.64	81.1667
1066.96	73.75
1069.27	72
1071.57	69.6667
1073.88	66.0833
1076.19	65.1667
1078.5	65.3333
1080.8	64.75
1083.11	65.75
1085.41	64.6667
1087.72	66.0833
1090.02	66.4167
1092.32	67.3333
1094.62	72.4167
1096.92	73.25
1099.22	74.4167
1101.52	75.6667
1103.82	79.6667
1106.12	82.5
1108.42	83.8333
1110.71	86
1113.01	82.6667
1115.3	83.9167
1117.6	83.1667
1119.89	80.3333
1122.18	77.75
1124.48	74.25
1126.77	72.0833
1129.06	70.5
1131.35	66
1133.64	62.9167
1135.93	62.9167
1138.21	63.1667
1140.5	60.5833
1142.79	56.3333
1145.07	57.25
1147.36	60
1149.64	57.9167
1151.92	58.75
1154.21	60.25
1156.49	61.1667
1158.77	60.3333
1161.05	60.1667
1163.33	58.1667
1165.61	58.5
1167.89	54.75
1170.16	50.8333
1172.44	50.75
1174.72	47.3333
1176.99	46.1667
1179.27	43.5
1181.54	42.75
1183.81	42.6667
1186.09	42.0833
1188.36	40.3333
1190.63	39.1667
1192.9	37.5833
1195.17	39.5833
1197.44	37.6667
1199.71	38.3333
1201.97	37.6667
1204.24	38
1206.5	36.25
1208.77	35.5
1211.03	36.25
1213.3	35.5
1215.56	33.4167
1217.82	35.25
1220.09	35.25
1222.35	34.6667
1224.61	33.5
1226.87	33.5
1229.12	33.9167
1231.38	31.4167
1233.64	32.0833
1235.9	32.5
1238.15	33.5
1240.41	31.4167
1242.66	32.8333
1244.92	32.6667
1247.17	33.6667
1249.42	32.5
1251.67	34
1253.92	33.1667
1256.17	33.9167
1258.42	33.9167
1260.67	32.3333
1262.92	32.5833
1265.17	33.6667
1267.42	34.0833
1269.66	32.3333
1271.91	32.5833
1274.15	31.5
1276.39	33.4167
1278.64	34.5833
1280.88	32.1667
1283.12	34.25
1285.36	34.4167
1287.6	34.9167
1289.84	33.6667
1292.08	35.8333
1294.32	34.8333
1296.56	34.0833
1298.79	35.5
1301.03	35.5833
1303.26	35.75
1305.5	37
1307.73	38.0833
1309.97	37.0833
1312.2	35.4167
1314.43	38.5
1316.66	38.3333
1318.89	38.0833
1321.12	38.4167
1323.35	38.5
1325.58	41
1327.81	40.25
1330.03	39.5833
1332.26	41.4167
1334.49	40.25
1336.71	43.4167
1338.94	42.25
1341.16	42.75
1343.38	43.6667
1345.6	43.75
1347.83	46
1350.05	45.8333
1352.27	46.6667
1354.49	47.5
1356.7	47.8333
1358.92	47.5833
1361.14	47.8333
1363.36	49.9167
1365.57	52.3333
1367.79	53.1667
1370	53.4167
1372.21	54.1667
1374.43	56.5
1376.64	55.5
1378.85	58.4167
1381.06	60.5
1383.27	59.8333
1385.48	59.5
1387.69	62.6667
1389.9	64.5
1392.11	65.1667
1394.31	65.1667
1396.52	68.75
1398.73	69.5833
1400.93	68.6667
1403.13	72.5833
1405.34	71.4167
1407.54	72.75
1409.74	74.25
1411.94	74.4167
1414.14	77.4167
1416.34	75.4167
1418.54	79.6667
1420.74	79
1422.94	82
1425.14	81.5
1427.33	85.3333
1429.53	90.9167
1431.72	93.3333
1433.92	95
1436.11	100.583
1438.3	110.667
1440.5	119.25
1442.69	133.667
1444.88	150.167
1447.07	169.833
1449.26	195.083
1451.45	213.417
1453.64	221.917
1455.82	219.583
1458.01	210.833
1460.2	207.5
1462.38	205.667
1464.57	203.333
1466.75	202.25
1468.93	200.583
1471.12	193.833
1473.3	190.667
1475.48	187.833
1477.66	180.667
1479.84	175.333
1482.02	168.583
1484.2	164.417
1486.38	159.417
1488.55	150.083
1490.73	142
1492.91	132.167
1495.08	124.25
1497.26	121.333
1499.43	115.917
1501.61	111.917
1503.78	110.833
1505.95	107.583
1508.12	103.5
1510.29	98.9167
1512.46	96.4167
1514.63	95.5
1516.8	91.8333
1518.97	90.3333
1521.14	88.1667
1523.3	85.1667
1525.47	88.4167
1527.63	84.5833
1529.8	85.1667
1531.96	81.4167
1534.12	83.25
1536.29	81.25
1538.45	81.5833
1540.61	80.6667
1542.77	78.1667
1544.93	79.3333
1547.09	74.9167
1549.25	76.8333
1551.41	78.8333
1553.56	77.4167
1555.72	75.1667
1557.88	75.1667
1560.03	74.6667
1562.18	71.1667
1564.34	70.75
1566.49	70.3333
1568.64	69.75
1570.8	68.5
1572.95	68.25
1575.1	63.5833
1577.25	64.5
1579.4	66.1667
1581.55	64.8333
1583.69	64.5833
1585.84	61.8333
1587.99	61.3333
1590.13	61
1592.28	59.75
1594.42	58.3333
1596.57	60.6667
1598.71	57.5
1600.85	56.25
1602.99	55.9167
1605.14	55.8333
1607.28	52.3333
1609.42	52.4167
1611.56	51.3333
1613.69	52.0833
1615.83	51.5833
1617.97	49.6667
1620.11	50.4167
1622.24	50
1624.38	47.25
1626.51	47.9167
1628.65	47.3333
1630.78	48
1632.91	46.5
1635.04	49
1637.17	46.5
1639.31	45.25
1641.44	46
1643.57	42.6667
1645.69	44.5833
1647.82	43.4167
1649.95	43.1667
1652.08	41.6667
1654.2	43.6667
1656.33	43.3333
1658.45	42.0833
1660.58	42.9167
1662.7	42.6667
1664.82	43
1666.94	41.1667
1669.07	40.3333
1671.19	41.5
1673.31	40.9167
1675.43	40.3333
1677.55	42
1679.66	42
1681.78	39.75
1683.9	40.8333
1686.01	39.9167
1688.13	40.5
1690.25	40.3333
1692.36	40.5833
1694.47	41.3333
1696.59	40.6667
1698.7	40.3333
1700.81	37.9167
1702.92	40.6667
1705.03	38.3333
1707.14	39.5
1709.25	40
1711.36	39.0833
1713.47	39.8333
1715.58	40.5
1717.68	39.9167
1719.79	39.6667
1721.89	39.4167
1724	38.75
1726.1	40.4167
1728.21	39.5833
1730.31	39.4167
1732.41	38.6667
1734.51	39.75
1736.61	36.8333
1738.71	40
1740.81	38.0833
1742.91	38.0833
1745.01	38.4167
1747.11	39.5
1749.2	38.5833
1751.3	38.4167
1753.4	39.0833
1755.49	39.3333
1757.59	37.5833
1759.68	39.6667
1761.77	40.0833
1763.86	39.1667
1765.96	39.0833
1768.05	39.1667
1770.14	40.3333
1772.23	38.0833
1774.32	40.3333
1776.41	40
1778.49	37.6667
1780.58	38.5
1782.67	38.25
1784.76	39.25
1786.84	39.75
1788.92	40.3333
1791.01	40
1793.09	39.9167
1795.18	38.9167
1797.26	40.25
1799.34	39.9167
1801.42	39.5833
1803.5	40
1805.58	40.25
1807.66	39.8333
1809.74	39.8333
1811.82	41
1813.89	40.75
1815.97	40.0833
1818.05	41
1820.12	39.5833
1822.2	39.75
1824.27	39
1826.34	41.25
1828.42	39.5833
1830.49	40.3333
1832.56	40.8333
1834.63	39.0833
1836.7	39.1667
1838.77	40.5
1840.84	41.8333
1842.91	40.8333
1844.98	41.4167
1847.04	41.0833
1849.11	39.75
1851.18	40.5833
1853.24	41
1855.31	40.6667
1857.37	40.6667
1859.43	41.1667
1861.5	41.25
1863.56	41.0833
1865.62	41.0833
1867.68	41.3333
1869.74	41.0833
1871.8	40.4167
1873.86	41.3333
1875.92	39.8333
1877.98	42
1880.03	40.6667
1882.09	38.5833
1884.15	41.3333
1886.2	39.5
1888.26	41.75
1890.31	41
1892.36	39.8333
1894.42	42.3333
1896.47	42.5833
1898.52	42.9167
1900.57	42.25
1902.62	41.1667
1904.67	42.3333
1906.72	42.6667
1908.77	43.3333
1910.82	43
1912.86	41.8333
1914.91	42.6667
1916.96	43.5833
1919	42.75
1921.04	44
1923.09	44.0833
1925.13	43.6667
1927.18	42.9167
1929.22	44.25
1931.26	43.75
1933.3	42.4167
1935.34	43.75
1937.38	44.0833
1939.42	43.5
1941.46	44.25
1943.5	43.5
1945.53	43
1947.57	44.25
1949.61	43.1667
1951.64	45.1667
1953.68	42.6667
1955.71	43.5
1957.75	44.0833
1959.78	43.5833
1961.81	43.25
1963.84	42.6667
1965.87	43.6667
1967.9	44.5
1969.93	42.9167
1971.96	43.4167
1973.99	44.6667
1976.02	44.5
1978.05	42
1980.07	43.3333
1982.1	44.25
1984.13	44.5
1986.15	41.8333
1988.18	44.6667
1990.2	46.5833
1992.22	44
1994.25	43.6667
1996.27	44.0833
1998.29	45.5
2000.31	42.9167
2002.33	45.75
2004.35	44.0833
2006.37	45.4167
2008.39	45.9167
2010.41	45
2012.42	44.75
2014.44	47
2016.46	44.75
2018.47	47.25
2020.49	45.5833
2022.5	45.75
2024.51	47.5
2026.53	45.6667
2028.54	46.75
2030.55	46.8333
2032.56	46.5
2034.57	47.6667
2036.58	47.5
2038.59	47.5833
2040.6	46.3333
2042.61	48.1667
2044.62	47.1667
2046.62	47.9167
2048.63	47.6667
2050.64	48.8333
2052.64	46.75
2054.65	47.0833
2056.65	47.75
2058.65	46.8333
2060.66	47.25
2062.66	49.3333
2064.66	46.3333
2066.66	46.5833
2068.66	47.75
2070.66	47
2072.66	45.75
2074.66	48.0833
2076.66	48.1667
2078.65	48.9167
2080.65	47.8333
2082.65	47.4167
2084.64	46.0833
2086.64	45.75
2088.63	48.5833
2090.63	48.1667
2092.62	47.3333
2094.61	48
2096.6	47.8333
2098.59	47.9167
2100.59	49.5
2102.58	49
2104.56	47.1667
2106.55	48
2108.54	47.0833
2110.53	49.3333
2112.52	48.9167
2114.5	48
2116.49	47.4167
2118.48	47.75
2120.46	47.9167
2122.44	49.6667
2124.43	48.25
2126.41	48.6667
2128.39	48.25
2130.38	50.5833
2132.36	49.8333
2134.34	48.3333
2136.32	48.0833
2138.3	50.25
2140.28	49
2142.26	50
2144.23	48.4167
2146.21	49.25
2148.19	49.6667
2150.16	49.3333
2152.14	47.5
2154.11	48.9167
2156.09	49.6667
2158.06	47.5833
2160.04	48.1667
2162.01	49.0833
2163.98	51.6667
2165.95	50.75
2167.92	50.1667
2169.89	50.1667
2171.86	49.1667
2173.83	50.8333
2175.8	51.3333
2177.77	50.25
2179.73	50.6667
2181.7	51.1667
2183.67	50.6667
2185.63	51.1667
2187.6	51.9167
2189.56	49.4167
2191.53	49.75
2193.49	49.3333
2195.45	51.1667
2197.41	51.25
2199.37	52.0833
2201.34	52.1667
2203.29	53.5
2205.26	51.1667
2207.21	49.5
2209.17	51.25
2211.13	51.0833
2213.09	49.75
2215.05	51.1667
2217	52.0833
2218.96	53.0833
2220.91	53.0833
2222.87	51.3333
2224.82	50.75
2226.77	52.25
2228.73	51.4167
2230.68	55.8333
2232.63	53
2234.58	54.1667
2236.53	54
2238.48	52.5
2240.43	54.25
2242.38	52.8333
2244.33	53.5
2246.27	52.75
2248.22	52.75
2250.17	52.25
2252.11	54.0833
2254.06	53.4167
2256	53.5833
2257.95	53.6667
2259.89	55
2261.84	53.6667
2263.78	54.6667
2265.72	55.9167
2267.66	53.5
2269.6	50.8333
2271.54	52.5
2273.48	53.0833
2275.42	53.6667
2277.36	54.4167
2279.3	53.4167
2281.23	53.4167
2283.17	55.25
2285.11	56.0833
2287.04	54.1667
2288.98	54.25
2290.91	54.6667
2292.84	52.1667
2294.78	52.5833
2296.71	54.8333
2298.64	52.75
2300.57	53.5833
2302.51	53.1667
2304.44	53.9167
2306.37	53.9167
2308.29	55
2310.22	55.6667
2312.15	55.3333
2314.08	52.9167
2316.01	55.5833
2317.93	55.1667
2319.86	54.1667
2321.78	52.5
2323.71	55.5
2325.63	54.3333
2327.56	55.0833
2329.48	54.5833
2331.4	53.75
2333.32	54.8333
2335.25	54.25
2337.17	55.75
2339.09	53.8333
2341.01	54.0833
2342.92	56.1667
2344.84	56.25
2346.76	52.5
2348.68	53.4167
2350.6	55.4167
2352.51	53.25
2354.43	56.5
2356.34	54.75
2358.26	53.25
2360.17	56.4167
2362.09	54.4167
2364	53.6667
2365.91	52.5
2367.82	53.5
2369.73	53.6667
2371.64	54.9167
2373.55	55.3333
2375.46	53.1667
2377.37	53.1667
2379.28	54.0833
2381.19	55
2383.1	54.9167
2385	56
2386.91	53.4167
2388.82	54.1667
2390.72	53.25
2392.62	54.1667
2394.53	54.5
2396.43	55.1667
2398.33	55.8333
2400.24	54.75
2402.14	55.5
2404.04	55.6667
2405.94	54.6667
2407.84	56
2409.74	55.4167
2411.64	54.8333
2413.54	56.3333
2415.44	55.8333
2417.33	56.4167
2419.23	55.0833
2421.13	54.8333
2423.02	52.9167
2424.92	58.5
2426.81	57.25
2428.71	54.5
2430.6	55.6667
2432.49	57.6667
2434.38	57.5833
2436.28	57.4167
2438.17	57.75
2440.06	57.75
2441.95	57.6667
2443.84	56.6667
2445.73	57.6667
