176.817	56.6667
179.42	52
182.022	56.6667
184.622	54.6667
187.223	51.3333
189.821	50.6667
192.419	51.3333
195.017	50.6667
197.612	49.3333
200.208	52.6667
202.802	53.3333
205.397	46.6667
207.99	48
210.581	49.3333
213.173	47.3333
215.762	49.3333
218.352	46
220.94	46.6667
223.528	50
226.114	51.3333
228.701	44
231.285	50.6667
233.87	48
236.452	42.6667
239.034	50
241.616	47.3333
244.196	42.6667
246.777	44
249.355	44
251.933	47.3333
254.511	44.6667
257.086	44.6667
259.663	46.6667
262.237	46.6667
264.81	45.3333
267.383	46.6667
269.955	48
272.525	44.6667
275.097	46
277.665	46
280.234	46.6667
282.802	43.3333
285.368	46.6667
287.934	46.6667
290.499	44.6667
293.064	40
295.627	46.6667
298.189	40
300.75	42
303.312	38
305.871	43.3333
308.43	39.3333
310.988	42
313.545	42.6667
316.101	41.3333
318.658	37.3333
321.212	39.3333
323.766	44
326.319	40
328.871	41.3333
331.422	38.6667
333.972	43.3333
336.522	42.6667
339.072	40
341.619	40
344.166	42
346.712	44
349.258	42
351.802	40.6667
354.346	43.3333
356.888	42.6667
359.43	37.3333
361.971	38
364.511	36.6667
367.051	38
369.589	41.3333
372.127	40.6667
374.664	42
377.2	44.6667
379.735	38
382.27	38
384.802	44
387.334	40.6667
389.866	42.6667
392.397	44.6667
394.927	42.6667
397.457	43.3333
399.985	40
402.513	42.6667
405.038	45.3333
407.565	44
410.09	48
412.614	48
415.138	48
417.66	50
420.181	50.6667
422.702	55.3333
425.222	58
427.742	65.3333
430.259	72.6667
432.777	74.6667
435.294	71.3333
437.81	76.6667
440.324	66.6667
442.838	66
445.352	66.6667
447.863	59.3333
450.375	60.6667
452.887	57.3333
455.395	56
457.905	52.6667
460.414	50.6667
462.92	48.6667
465.427	46
467.932	41.3333
470.438	44.6667
472.942	46.6667
475.445	46
477.948	42.6667
480.448	46
482.95	43.3333
485.449	40.6667
487.949	44
490.446	44.6667
492.944	40.6667
495.44	40
497.937	42
500.431	40.6667
502.926	38.6667
505.418	40
507.912	40.6667
510.403	40.6667
512.894	42.6667
515.384	36.6667
517.874	42.6667
520.361	39.3333
522.848	36
525.336	40.6667
527.821	37.3333
530.306	38
532.791	42
535.274	38
537.756	40
540.238	42.6667
542.719	36.6667
545.199	36
547.679	41.3333
550.157	40
552.634	42.6667
555.112	37.3333
557.588	43.3333
560.063	42
562.537	43.3333
565.011	41.3333
567.484	41.3333
569.955	41.3333
572.426	38
574.896	43.3333
577.367	41.3333
579.835	38
582.303	40.6667
584.77	40
587.236	36.6667
589.701	38
592.165	36.6667
594.629	42
597.093	37.3333
599.555	39.3333
602.016	40.6667
604.477	39.3333
606.936	42
609.395	38.6667
611.853	37.3333
614.311	40.6667
616.767	38.6667
619.223	42
621.678	37.3333
624.132	42.6667
626.585	41.3333
629.037	35.3333
631.489	41.3333
633.94	43.3333
636.39	38.6667
638.839	41.3333
641.288	39.3333
643.736	41.3333
646.183	40
648.627	38
651.073	41.3333
653.517	42
655.961	42
658.404	40.6667
660.846	39.3333
663.288	36.6667
665.727	36.6667
668.167	41.3333
670.606	42
673.044	42
675.482	41.3333
677.917	40.6667
680.353	42
682.788	38.6667
685.222	41.3333
687.655	41.3333
690.087	40.6667
692.519	44.6667
694.951	41.3333
697.38	38.6667
699.809	40.6667
702.238	40.6667
704.665	41.3333
707.092	42
709.519	40.6667
711.943	42
714.368	39.3333
716.791	44
719.214	41.3333
721.637	45.3333
724.058	44
726.479	43.3333
728.898	41.3333
731.317	42
733.734	37.3333
736.152	44.6667
738.568	38.6667
740.985	43.3333
743.399	42.6667
745.814	40.6667
748.227	42.6667
750.64	43.3333
753.051	44.6667
755.463	42.6667
757.872	38.6667
760.283	42
762.691	42
765.098	43.3333
767.506	45.3333
769.912	40.6667
772.318	45.3333
774.722	42.6667
777.126	44.6667
779.53	40.6667
781.932	40
784.333	44.6667
786.735	43.3333
789.135	46
791.533	45.3333
793.933	41.3333
796.33	46.6667
798.727	44
801.123	46.6667
803.519	43.3333
805.913	46
808.307	48
810.699	47.3333
813.093	45.3333
815.484	48.6667
817.874	49.3333
820.264	47.3333
822.653	46.6667
825.041	43.3333
827.43	48
829.817	47.3333
832.203	45.3333
834.588	52.6667
836.972	44.6667
839.356	48
841.738	48
844.12	50
846.502	51.3333
848.882	54
851.262	50
853.641	53.3333
856.02	52.6667
858.397	60
860.774	60
863.15	65.3333
865.525	71.3333
867.9	70.6667
870.273	81.3333
872.646	101.333
875.019	136
877.39	182.667
879.761	254
882.131	330.667
884.5	364.667
886.869	356.667
889.236	281.333
891.602	221.333
893.968	153.333
896.334	118
898.698	90
901.062	82.6667
903.426	74.6667
905.787	62.6667
908.148	64.6667
910.509	58.6667
912.87	62
915.228	50.6667
917.587	52.6667
919.945	50.6667
922.302	48.6667
924.657	50
927.013	47.3333
929.368	48.6667
931.721	44
934.074	43.3333
936.427	46.6667
938.778	41.3333
941.129	44.6667
943.479	46
945.828	42
948.177	44.6667
950.524	42
952.871	44
955.218	44.6667
957.563	44.6667
959.908	41.3333
962.252	44
964.595	44
966.937	42.6667
969.28	44
971.62	45.3333
973.961	40.6667
976.3	46
978.639	45.3333
980.976	44.6667
983.314	48
985.65	43.3333
987.987	44.6667
990.321	40.6667
992.655	44
994.989	47.3333
997.321	46
999.653	48.6667
1001.98	48
1004.31	53.3333
1006.65	51.3333
1008.97	46
1011.3	52.6667
1013.63	50
1015.96	51.3333
1018.28	50
1020.61	53.3333
1022.93	56.6667
1025.26	59.3333
1027.58	59.3333
1029.9	59.3333
1032.22	68
1034.54	66.6667
1036.86	74
1039.18	78.6667
1041.5	88
1043.82	103.333
1046.14	106.667
1048.45	125.333
1050.77	134
1053.08	130.667
1055.4	131.333
1057.71	120
1060.02	117.333
1062.33	92.6667
1064.64	88
1066.96	90
1069.27	86.6667
1071.57	80
1073.88	85.3333
1076.19	89.3333
1078.5	84
1080.8	87.3333
1083.11	92
1085.41	102.667
1087.72	108.667
1090.02	110.667
1092.32	122
1094.62	138.667
1096.92	141.333
1099.22	142.667
1101.52	136
1103.82	120.667
1106.12	107.333
1108.42	89.3333
1110.71	86
1113.01	83.3333
1115.3	78.6667
1117.6	82
1119.89	76.6667
1122.18	74.6667
1124.48	71.3333
1126.77	69.3333
1129.06	64.6667
1131.35	65.3333
1133.64	56
1135.93	62
1138.21	57.3333
1140.5	59.3333
1142.79	57.3333
1145.07	56
1147.36	50.6667
1149.64	52
1151.92	55.3333
1154.21	56.6667
1156.49	48.6667
1158.77	47.3333
1161.05	52
1163.33	50
1165.61	50
1167.89	52
1170.16	44.6667
1172.44	50
1174.72	47.3333
1176.99	48.6667
1179.27	50
1181.54	49.3333
1183.81	46
1186.09	42.6667
1188.36	50
1190.63	44.6667
1192.9	50
1195.17	50
1197.44	48.6667
1199.71	49.3333
1201.97	48.6667
1204.24	46.6667
1206.5	50
1208.77	50.6667
1211.03	47.3333
1213.3	50
1215.56	50
1217.82	50.6667
1220.09	46
1222.35	50
1224.61	48
1226.87	54
1229.12	48
1231.38	56
1233.64	52
1235.9	58.6667
1238.15	54
1240.41	54.6667
1242.66	53.3333
1244.92	52
1247.17	58
1249.42	52.6667
1251.67	57.3333
1253.92	58.6667
1256.17	62.6667
1258.42	60.6667
1260.67	62.6667
1262.92	59.3333
1265.17	66.6667
1267.42	68.6667
1269.66	80
1271.91	87.3333
1274.15	92.6667
1276.39	94.6667
1278.64	93.3333
1280.88	93.3333
1283.12	86
1285.36	84.6667
1287.6	78
1289.84	68.6667
1292.08	64
1294.32	63.3333
1296.56	61.3333
1298.79	63.3333
1301.03	60.6667
1303.26	59.3333
1305.5	63.3333
1307.73	61.3333
1309.97	58
1312.2	56.6667
1314.43	55.3333
1316.66	54
1318.89	59.3333
1321.12	57.3333
1323.35	57.3333
1325.58	53.3333
1327.81	54
1330.03	55.3333
1332.26	56
1334.49	54.6667
1336.71	52.6667
1338.94	62.6667
1341.16	56
1343.38	56.6667
1345.6	56
1347.83	59.3333
1350.05	53.3333
1352.27	54.6667
1354.49	59.3333
1356.7	54.6667
1358.92	58
1361.14	55.3333
1363.36	58.6667
1365.57	62.6667
1367.79	56
1370	60.6667
1372.21	62
1374.43	66.6667
1376.64	64
1378.85	64.6667
1381.06	66
1383.27	66
1385.48	66.6667
1387.69	67.3333
1389.9	66.6667
1392.11	71.3333
1394.31	71.3333
1396.52	71.3333
1398.73	70
1400.93	69.3333
1403.13	68.6667
1405.34	70
1407.54	70
1409.74	72.6667
1411.94	76.6667
1414.14	84
1416.34	78.6667
1418.54	82.6667
1420.74	80
1422.94	78.6667
1425.14	85.3333
1427.33	81.3333
1429.53	88.6667
1431.72	88
1433.92	94.6667
1436.11	95.3333
1438.3	98.6667
1440.5	108.667
1442.69	123.333
1444.88	131.333
1447.07	144.667
1449.26	161.333
1451.45	162.667
1453.64	166.667
1455.82	169.333
1458.01	158.667
1460.2	156.667
1462.38	152
1464.57	138.667
1466.75	122
1468.93	116
1471.12	111.333
1473.3	105.333
1475.48	99.3333
1477.66	96.6667
1479.84	98.6667
1482.02	105.333
1484.2	105.333
1486.38	98
1488.55	96
1490.73	92.6667
1492.91	87.3333
1495.08	78.6667
1497.26	76
1499.43	76.6667
1501.61	74.6667
1503.78	72
1505.95	67.3333
1508.12	68
1510.29	64
1512.46	66.6667
1514.63	68.6667
1516.8	64.6667
1518.97	66
1521.14	60.6667
1523.3	62
1525.47	65.3333
1527.63	60.6667
1529.8	60.6667
1531.96	56.6667
1534.12	58.6667
1536.29	57.3333
1538.45	57.3333
1540.61	56
1542.77	61.3333
1544.93	61.3333
1547.09	58
1549.25	57.3333
1551.41	58
1553.56	57.3333
1555.72	57.3333
1557.88	55.3333
1560.03	57.3333
1562.18	54
1564.34	54.6667
1566.49	54.6667
1568.64	58
1570.8	59.3333
1572.95	53.3333
1575.1	54
1577.25	58.6667
1579.4	58
1581.55	54.6667
1583.69	58
1585.84	54.6667
1587.99	54
1590.13	54
1592.28	54.6667
1594.42	54.6667
1596.57	55.3333
1598.71	56
1600.85	58.6667
1602.99	49.3333
1605.14	54.6667
1607.28	57.3333
1609.42	54
1611.56	55.3333
1613.69	55.3333
1615.83	48
1617.97	58
1620.11	59.3333
1622.24	51.3333
1624.38	58.6667
1626.51	49.3333
1628.65	56
1630.78	56
1632.91	54
1635.04	51.3333
1637.17	55.3333
1639.31	54
1641.44	51.3333
1643.57	60.6667
1645.69	54.6667
1647.82	54.6667
1649.95	54.6667
1652.08	56
1654.2	54.6667
1656.33	52
1658.45	50.6667
1660.58	55.3333
1662.7	46
1664.82	54
1666.94	52.6667
1669.07	54
1671.19	52
1673.31	54
1675.43	52
1677.55	59.3333
1679.66	52.6667
1681.78	55.3333
1683.9	57.3333
1686.01	52.6667
1688.13	54.6667
1690.25	56
1692.36	54.6667
1694.47	57.3333
1696.59	54.6667
1698.7	55.3333
1700.81	54.6667
1702.92	52
1705.03	54.6667
1707.14	59.3333
1709.25	54
1711.36	55.3333
1713.47	56.6667
1715.58	55.3333
1717.68	58
1719.79	58.6667
1721.89	53.3333
1724	57.3333
1726.1	52.6667
1728.21	56
1730.31	55.3333
1732.41	54.6667
1734.51	52
1736.61	51.3333
1738.71	56.6667
1740.81	54.6667
1742.91	58
1745.01	55.3333
1747.11	58.6667
1749.2	53.3333
1751.3	55.3333
1753.4	55.3333
1755.49	52.6667
1757.59	56.6667
1759.68	51.3333
1761.77	54
1763.86	54.6667
1765.96	54
1768.05	49.3333
1770.14	56.6667
1772.23	53.3333
1774.32	58
1776.41	53.3333
1778.49	54.6667
1780.58	50.6667
1782.67	57.3333
1784.76	54
1786.84	54
1788.92	54.6667
1791.01	56
1793.09	54.6667
1795.18	56.6667
1797.26	51.3333
1799.34	58
1801.42	60.6667
1803.5	55.3333
1805.58	56
1807.66	58
1809.74	53.3333
1811.82	59.3333
1813.89	50.6667
1815.97	55.3333
1818.05	53.3333
1820.12	55.3333
1822.2	53.3333
1824.27	54.6667
1826.34	50
1828.42	55.3333
1830.49	57.3333
1832.56	55.3333
1834.63	55.3333
1836.7	57.3333
1838.77	56.6667
1840.84	51.3333
1842.91	55.3333
1844.98	50.6667
1847.04	52.6667
1849.11	61.3333
1851.18	57.3333
1853.24	54.6667
1855.31	55.3333
1857.37	54.6667
1859.43	54.6667
1861.5	60
1863.56	58.6667
1865.62	51.3333
1867.68	57.3333
1869.74	55.3333
1871.8	58
1873.86	56.6667
1875.92	49.3333
1877.98	54
1880.03	56
1882.09	57.3333
1884.15	54
1886.2	54
1888.26	58.6667
1890.31	56
1892.36	58
1894.42	56
1896.47	55.3333
1898.52	54
1900.57	51.3333
1902.62	57.3333
1904.67	52.6667
1906.72	56
1908.77	56
1910.82	54
1912.86	56
1914.91	54
1916.96	57.3333
1919	56.6667
1921.04	53.3333
1923.09	52.6667
1925.13	58.6667
1927.18	51.3333
1929.22	58
1931.26	57.3333
1933.3	53.3333
1935.34	51.3333
1937.38	54.6667
1939.42	58.6667
1941.46	56.6667
1943.5	55.3333
1945.53	57.3333
1947.57	57.3333
1949.61	57.3333
1951.64	60.6667
1953.68	56
1955.71	56.6667
1957.75	59.3333
1959.78	58.6667
1961.81	55.3333
1963.84	53.3333
1965.87	60
1967.9	53.3333
1969.93	55.3333
1971.96	58
1973.99	58
1976.02	59.3333
1978.05	60.6667
1980.07	53.3333
1982.1	58
1984.13	55.3333
1986.15	58
1988.18	56.6667
1990.2	54
1992.22	56
1994.25	60.6667
1996.27	58.6667
1998.29	53.3333
2000.31	60
2002.33	52.6667
2004.35	57.3333
2006.37	56.6667
2008.39	60.6667
2010.41	56
2012.42	54
2014.44	55.3333
2016.46	58
2018.47	60
2020.49	58
2022.5	56
2024.51	56
2026.53	56.6667
2028.54	58
2030.55	58
2032.56	54.6667
2034.57	54.6667
2036.58	59.3333
2038.59	61.3333
2040.6	58.6667
2042.61	59.3333
2044.62	56
2046.62	56.6667
2048.63	61.3333
2050.64	62.6667
2052.64	57.3333
2054.65	60.6667
2056.65	61.3333
2058.65	56
2060.66	52
2062.66	56.6667
2064.66	60.6667
2066.66	52.6667
2068.66	57.3333
2070.66	57.3333
2072.66	60.6667
2074.66	58
2076.66	48.6667
2078.65	62.6667
2080.65	60.6667
2082.65	62
2084.64	62.6667
2086.64	61.3333
2088.63	55.3333
2090.63	61.3333
2092.62	58.6667
2094.61	56.6667
2096.6	62
2098.59	56.6667
2100.59	59.3333
2102.58	62
2104.56	61.3333
2106.55	56
2108.54	59.3333
2110.53	63.3333
2112.52	56
2114.5	65.3333
2116.49	64
2118.48	58.6667
2120.46	61.3333
2122.44	62
2124.43	61.3333
2126.41	58.6667
2128.39	58
2130.38	62.6667
2132.36	60
2134.34	60
2136.32	60
2138.3	62.6667
2140.28	59.3333
2142.26	57.3333
2144.23	60.6667
2146.21	59.3333
2148.19	58.6667
2150.16	56.6667
2152.14	62.6667
2154.11	57.3333
2156.09	62.6667
2158.06	64
2160.04	63.3333
2162.01	61.3333
2163.98	61.3333
2165.95	59.3333
2167.92	58
2169.89	61.3333
2171.86	58.6667
2173.83	67.3333
2175.8	64.6667
2177.77	66
2179.73	59.3333
2181.7	58
2183.67	62.6667
2185.63	62
2187.6	56.6667
2189.56	61.3333
2191.53	62.6667
2193.49	62.6667
2195.45	63.3333
2197.41	57.3333
2199.37	64.6667
2201.34	56
2203.29	62.6667
2205.26	62
2207.21	60.6667
2209.17	60.6667
2211.13	57.3333
2213.09	60
2215.05	62
2217	59.3333
2218.96	59.3333
2220.91	62.6667
2222.87	61.3333
2224.82	56
2226.77	62
2228.73	61.3333
2230.68	62
2232.63	58.6667
2234.58	59.3333
2236.53	63.3333
2238.48	61.3333
2240.43	62.6667
2242.38	63.3333
2244.33	64
2246.27	64
2248.22	62.6667
2250.17	62.6667
2252.11	64.6667
2254.06	59.3333
2256	56
2257.95	62
2259.89	60.6667
2261.84	61.3333
2263.78	62
2265.72	65.3333
2267.66	65.3333
2269.6	62.6667
2271.54	64
2273.48	66
2275.42	66
2277.36	65.3333
2279.3	57.3333
2281.23	65.3333
2283.17	64.6667
2285.11	60.6667
2287.04	66.6667
2288.98	64
2290.91	63.3333
2292.84	63.3333
2294.78	63.3333
2296.71	66
2298.64	60
2300.57	66
2302.51	60.6667
2304.44	60
2306.37	59.3333
2308.29	60
2310.22	63.3333
2312.15	61.3333
2314.08	59.3333
2316.01	62
2317.93	67.3333
2319.86	64
2321.78	59.3333
2323.71	57.3333
2325.63	64.6667
2327.56	56.6667
2329.48	70
2331.4	62.6667
2333.32	61.3333
2335.25	63.3333
2337.17	64.6667
2339.09	64
2341.01	64
2342.92	69.3333
2344.84	66
2346.76	65.3333
2348.68	64
2350.6	56.6667
2352.51	61.3333
2354.43	67.3333
2356.34	62.6667
2358.26	64
2360.17	60
2362.09	64.6667
2364	60
2365.91	59.3333
2367.82	62.6667
2369.73	64
2371.64	65.3333
2373.55	60.6667
2375.46	68.6667
2377.37	62
2379.28	66.6667
2381.19	64
2383.1	62.6667
2385	58.6667
2386.91	60
2388.82	69.3333
2390.72	63.3333
2392.62	62.6667
2394.53	62.6667
2396.43	62.6667
2398.33	58.6667
2400.24	64
2402.14	61.3333
2404.04	61.3333
2405.94	62.6667
2407.84	59.3333
2409.74	67.3333
2411.64	63.3333
2413.54	64.6667
2415.44	68.6667
2417.33	68.6667
2419.23	62
2421.13	64.6667
2423.02	60
2424.92	68
2426.81	57.3333
2428.71	65.3333
2430.6	65.3333
2432.49	61.3333
2434.38	62.6667
2436.28	65.3333
2438.17	64
2440.06	62.6667
2441.95	66.6667
2443.84	65.3333
2445.73	64.6667
