204.377	618
206.045	636
207.713	630
209.38	628
211.048	670
212.715	668
214.381	684
216.047	660
217.712	656
219.377	688
221.042	660
222.706	684
224.369	662
226.032	616
227.695	626
229.357	588
231.019	592
232.68	524
234.341	542
236.001	528
237.661	500
239.321	470
240.98	418
242.639	404
244.297	360
245.955	336
247.612	314
249.268	310
250.924	292
252.58	284
254.236	264
255.891	260
257.546	250
259.2	252
260.854	250
262.507	234
264.16	244
265.812	228
267.463	234
269.115	232
270.766	226
272.417	238
274.067	216
275.717	210
277.365	220
279.014	212
280.663	224
282.311	194
283.958	208
285.605	216
287.252	208
288.898	206
290.543	220
292.188	208
293.833	198
295.477	208
297.121	188
298.765	188
300.407	182
302.05	194
303.693	182
305.334	192
306.975	184
308.615	182
310.256	174
311.896	188
313.535	182
315.175	176
316.813	196
318.451	182
320.089	184
321.726	176
323.362	178
324.999	196
326.635	190
328.271	188
329.905	200
331.54	198
333.174	180
334.807	184
336.441	180
338.074	194
339.707	198
341.338	180
342.969	188
344.601	180
346.231	174
347.861	180
349.491	176
351.12	176
352.749	190
354.378	170
356.006	170
357.633	182
359.261	170
360.887	166
362.513	188
364.139	174
365.764	176
367.39	172
369.014	166
370.638	172
372.261	182
373.884	172
375.508	176
377.13	174
378.752	188
380.373	172
381.994	174
383.615	192
385.235	194
386.854	196
388.473	194
390.092	190
391.711	176
393.328	210
394.947	204
396.564	192
398.181	196
399.797	202
401.412	210
403.027	228
404.642	226
406.257	236
407.871	212
409.484	202
411.098	222
412.711	194
414.323	186
415.935	184
417.547	192
419.158	182
420.768	178
422.378	170
423.988	184
425.597	164
427.206	158
428.814	160
430.422	164
432.03	148
433.637	158
435.243	162
436.85	158
438.456	174
440.062	154
441.666	150
443.271	142
444.876	150
446.479	156
448.082	150
449.685	150
451.287	140
452.89	138
454.492	138
456.092	128
457.693	128
459.293	132
460.893	136
462.492	132
464.092	130
465.691	138
467.288	134
468.887	134
470.483	134
472.081	140
473.677	134
475.273	130
476.869	144
478.463	136
480.059	142
481.653	144
483.247	136
484.84	134
486.433	140
488.026	140
489.618	134
491.21	124
492.801	138
494.392	132
495.983	130
497.573	136
499.162	132
500.752	136
502.341	134
503.929	138
505.517	126
507.105	124
508.692	132
510.279	140
511.865	132
513.45	134
515.037	136
516.621	148
518.206	136
519.79	146
521.374	138
522.957	146
524.54	138
526.123	142
527.705	158
529.287	158
530.868	160
532.448	164
534.029	162
535.609	166
537.188	176
538.768	182
540.346	186
541.925	192
543.502	188
545.08	168
546.657	182
548.234	170
549.81	180
551.386	160
552.961	152
554.536	168
556.11	158
557.684	160
559.258	170
560.832	164
562.405	184
563.977	204
565.55	212
567.12	248
568.692	278
570.263	290
571.833	298
573.403	294
574.973	262
576.542	224
578.111	186
579.679	166
581.247	158
582.815	156
584.382	152
585.948	156
587.514	146
589.081	150
590.645	150
592.211	152
593.775	146
595.339	138
596.904	138
598.466	138
600.03	138
601.592	138
603.154	144
604.715	140
606.277	142
607.838	142
609.398	148
610.958	146
612.518	158
614.077	174
615.636	190
617.194	264
618.753	378
620.31	536
621.867	560
623.424	398
624.98	268
626.537	188
628.092	174
629.647	152
631.202	144
632.756	138
634.31	144
635.864	138
637.417	132
638.969	122
640.521	116
642.074	110
643.625	124
645.176	118
646.726	108
648.276	118
649.827	110
651.376	96
652.925	102
654.473	104
656.021	100
657.569	106
659.117	102
660.664	102
662.21	100
663.757	104
665.302	104
666.847	106
668.392	94
669.937	98
671.481	94
673.025	104
674.568	96
676.111	106
677.653	102
679.195	100
680.737	110
682.279	100
683.82	108
685.36	100
686.9	108
688.44	96
689.979	110
691.517	98
693.056	94
694.594	102
696.132	98
697.669	106
699.206	114
700.742	116
702.278	124
703.814	118
705.35	114
706.884	122
708.419	118
709.953	126
711.487	112
713.019	112
714.552	120
716.085	114
717.617	128
719.148	124
720.68	128
722.21	146
723.741	160
725.271	154
726.8	148
728.33	140
729.858	132
731.387	134
732.915	132
734.443	140
735.97	150
737.497	170
739.023	166
740.549	166
742.075	182
743.6	186
745.125	180
746.65	178
748.173	186
749.697	190
751.22	192
752.743	184
754.266	212
755.788	204
757.309	214
758.831	204
760.351	210
761.871	214
763.392	212
764.912	204
766.431	200
767.95	194
769.468	188
770.986	192
772.504	176
774.022	176
775.538	190
777.055	196
778.571	186
780.086	190
781.602	212
783.117	218
784.632	228
786.146	218
787.659	254
789.173	250
790.685	274
792.198	256
793.71	282
795.222	280
796.733	286
798.244	262
799.755	242
801.265	242
802.775	222
804.284	194
805.793	180
807.302	184
808.81	166
810.318	172
811.826	164
813.333	166
814.84	160
816.346	142
817.851	136
819.357	138
820.862	118
822.367	122
823.871	126
825.376	120
826.878	130
828.382	134
829.885	128
831.387	164
832.889	192
834.391	174
835.892	168
837.392	164
838.893	136
840.393	158
841.893	160
843.392	164
844.891	150
846.389	148
847.888	146
849.386	138
850.882	138
852.38	140
853.876	126
855.372	130
856.868	120
858.363	138
859.858	134
861.353	132
862.847	136
864.341	134
865.834	142
867.328	132
868.82	128
870.313	128
871.805	130
873.296	136
874.787	128
876.278	130
877.769	140
879.258	126
880.748	132
882.237	136
883.726	128
885.214	128
886.702	120
888.19	132
889.677	130
891.164	114
892.651	130
894.137	120
895.623	128
897.108	122
898.593	128
900.077	154
901.562	134
903.046	138
904.529	144
906.012	138
907.495	154
908.977	144
910.459	144
911.941	134
913.422	126
914.903	116
916.383	112
917.863	126
919.343	120
920.822	108
922.301	102
923.779	116
925.257	116
926.735	116
928.213	106
929.69	126
931.166	116
932.643	96
934.119	112
935.594	120
937.069	108
938.543	106
940.018	112
941.492	118
942.966	124
944.439	116
945.911	128
947.384	122
948.856	114
950.328	130
951.799	120
953.27	136
954.741	130
956.21	146
957.68	148
959.15	138
960.619	152
962.088	156
963.556	144
965.023	140
966.491	148
967.958	144
969.425	158
970.891	156
972.357	142
973.824	138
975.288	150
976.754	164
978.218	150
979.682	176
981.146	180
982.609	182
984.072	214
985.534	230
986.997	258
988.459	312
989.92	368
991.382	434
992.842	458
994.302	478
995.763	584
997.222	846
998.681	1360
1000.14	2012
1001.6	2460
1003.06	2180
1004.52	1498
1005.97	890
1007.43	548
1008.89	342
1010.34	262
1011.8	218
1013.25	204
1014.71	182
1016.16	178
1017.62	178
1019.07	190
1020.53	208
1021.98	230
1023.43	266
1024.89	300
1026.34	378
1027.79	492
1029.24	612
1030.69	668
1032.14	688
1033.59	666
1035.04	558
1036.49	408
1037.94	316
1039.39	292
1040.84	230
1042.29	220
1043.73	188
1045.18	176
1046.63	186
1048.08	178
1049.52	174
1050.97	164
1052.41	172
1053.86	176
1055.3	178
1056.75	162
1058.19	162
1059.64	170
1061.08	160
1062.52	168
1063.96	176
1065.41	160
1066.85	172
1068.29	184
1069.73	182
1071.17	190
1072.61	168
1074.05	164
1075.49	174
1076.93	158
1078.37	174
1079.81	180
1081.25	176
1082.68	176
1084.12	198
1085.56	184
1087	176
1088.43	182
1089.87	180
1091.3	180
1092.74	174
1094.17	178
1095.61	194
1097.04	178
1098.48	188
1099.91	178
1101.34	182
1102.78	174
1104.21	184
1105.64	182
1107.07	172
1108.5	174
1109.93	172
1111.36	174
1112.8	166
1114.22	182
1115.65	158
1117.08	160
1118.51	158
1119.94	158
1121.37	150
1122.8	152
1124.22	148
1125.65	150
1127.08	138
1128.5	140
1129.93	148
1131.35	154
1132.78	144
1134.2	152
1135.63	150
1137.05	158
1138.48	156
1139.9	166
1141.32	174
1142.75	168
1144.17	174
1145.59	186
1147.01	194
1148.43	208
1149.85	234
1151.27	268
1152.69	330
1154.11	358
1155.53	392
1156.95	366
1158.37	326
1159.79	286
1161.21	254
1162.62	240
1164.04	232
1165.46	230
1166.87	228
1168.29	218
1169.71	232
1171.12	242
1172.54	254
1173.95	258
1175.37	274
1176.78	322
1178.19	382
1179.61	424
1181.02	482
1182.43	466
1183.84	466
1185.26	454
1186.67	402
1188.08	404
1189.49	392
1190.9	432
1192.31	432
1193.72	442
1195.13	468
1196.54	480
1197.95	462
1199.36	476
1200.76	438
1202.17	450
1203.58	414
1204.99	384
1206.39	366
1207.8	354
1209.2	338
1210.61	302
1212.01	278
1213.42	276
1214.82	258
1216.23	252
1217.63	252
1219.03	252
1220.44	246
1221.84	242
1223.24	244
1224.64	254
1226.05	256
1227.45	252
1228.85	228
1230.25	242
1231.65	240
1233.05	234
1234.45	234
1235.85	228
1237.25	238
1238.64	208
1240.04	232
1241.44	244
1242.84	222
1244.23	232
1245.63	208
1247.03	230
1248.42	238
1249.82	224
1251.21	224
1252.61	238
1254	214
1255.4	236
1256.79	230
1258.19	224
1259.58	240
1260.97	226
1262.36	230
1263.76	240
1265.15	228
1266.54	244
1267.93	234
1269.32	230
1270.71	242
1272.1	238
1273.49	234
1274.88	236
1276.27	244
1277.66	246
1279.05	250
1280.43	248
1281.82	248
1283.21	266
1284.6	264
1285.98	262
1287.37	246
1288.75	274
1290.14	268
1291.53	270
1292.91	278
1294.29	284
1295.68	292
1297.06	300
1298.45	310
1299.83	316
1301.21	326
1302.59	358
1303.98	356
1305.36	388
1306.74	368
1308.12	360
1309.5	360
1310.88	350
1312.26	340
1313.64	336
1315.02	348
1316.4	350
1317.78	372
1319.16	362
1320.53	374
1321.91	382
1323.29	398
1324.67	410
1326.04	396
1327.42	426
1328.79	424
1330.17	420
1331.54	412
1332.92	400
1334.29	402
1335.67	410
1337.04	428
1338.42	418
1339.79	428
1341.16	402
1342.53	412
1343.91	428
1345.28	420
1346.65	400
1348.02	436
1349.39	424
1350.76	422
1352.13	416
1353.5	424
1354.87	452
1356.24	424
1357.61	434
1358.98	436
1360.34	446
1361.71	426
1363.08	444
1364.45	452
1365.81	450
1367.18	442
1368.54	450
1369.91	442
1371.28	468
1372.64	470
1374.01	482
1375.37	460
1376.73	468
1378.1	460
1379.46	482
1380.82	482
1382.19	490
1383.55	464
1384.91	470
1386.27	428
1387.63	450
1388.99	426
1390.35	446
1391.71	442
1393.07	426
1394.43	430
1395.79	422
1397.15	412
1398.51	416
1399.87	400
1401.23	420
1402.58	428
1403.94	410
1405.3	406
1406.65	418
1408.01	408
1409.37	416
1410.72	414
1412.08	412
1413.43	396
1414.79	394
1416.14	398
1417.49	424
1418.85	396
1420.2	402
1421.55	404
1422.91	412
1424.26	408
1425.61	390
1426.96	376
1428.31	404
1429.66	402
1431.01	406
1432.36	402
1433.71	410
1435.06	408
1436.41	408
1437.76	422
1439.11	440
1440.46	426
1441.81	438
1443.15	432
1444.5	418
1445.85	464
1447.19	450
1448.54	492
1449.89	468
1451.23	462
1452.58	440
1453.92	434
1455.27	402
1456.61	416
1457.95	410
1459.3	384
1460.64	376
1461.98	370
1463.33	342
1464.67	348
1466.01	332
1467.35	344
1468.69	346
1470.03	344
1471.37	318
1472.71	350
1474.05	338
1475.39	330
1476.73	320
1478.07	330
1479.41	312
1480.75	322
1482.09	318
1483.42	310
1484.76	314
1486.1	302
1487.43	302
1488.77	322
1490.11	310
1491.44	316
1492.78	324
1494.11	316
1495.45	320
1496.78	292
1498.12	298
1499.45	306
1500.78	306
1502.11	288
1503.45	298
1504.78	304
1506.11	296
1507.44	308
1508.77	300
1510.11	290
1511.44	292
1512.77	288
1514.1	296
1515.43	308
1516.76	302
1518.08	288
1519.41	290
1520.74	286
1522.07	280
1523.4	314
1524.72	308
1526.05	302
1527.38	270
1528.7	258
1530.03	282
1531.36	296
1532.68	296
1534.01	272
1535.33	280
1536.66	282
1537.98	280
1539.3	280
1540.63	278
1541.95	284
1543.27	286
1544.6	286
1545.92	272
1547.24	288
1548.56	290
1549.88	264
1551.2	290
1552.52	278
1553.84	270
1555.17	262
1556.48	284
1557.8	278
1559.12	270
1560.44	286
1561.76	298
1563.08	268
1564.4	264
1565.71	286
1567.03	284
1568.35	284
1569.66	278
1570.98	260
1572.29	288
1573.61	290
1574.93	304
1576.24	300
1577.55	336
1578.87	342
1580.18	404
1581.5	426
1582.81	472
1584.12	462
1585.43	442
1586.75	374
1588.06	364
1589.37	342
1590.68	338
1591.99	356
1593.3	382
1594.61	396
1595.92	436
1597.23	502
1598.54	548
1599.85	638
1601.16	692
1602.47	682
1603.78	628
1605.08	600
1606.39	538
1607.7	458
1609	424
1610.31	372
1611.62	326
1612.92	332
1614.23	308
1615.53	322
1616.84	308
1618.14	282
1619.45	262
1620.75	276
1622.06	258
1623.36	280
1624.66	270
1625.96	260
1627.27	268
1628.57	258
1629.87	260
1631.17	260
1632.47	244
1633.77	244
1635.07	250
1636.37	248
1637.67	242
1638.97	252
1640.27	250
1641.57	236
1642.87	234
1644.17	248
1645.47	254
1646.76	246
1648.06	254
1649.36	232
1650.66	238
1651.95	238
1653.25	226
1654.54	224
1655.84	236
1657.13	222
1658.43	224
1659.72	222
1661.02	240
1662.31	220
1663.6	222
1664.9	222
1666.19	224
1667.48	232
1668.78	222
1670.07	230
1671.36	228
1672.65	228
1673.94	210
1675.23	228
1676.52	220
1677.81	232
1679.1	226
1680.39	206
1681.68	218
1682.97	216
1684.26	208
1685.55	220
1686.83	212
1688.12	206
1689.41	200
1690.7	210
1691.98	206
1693.27	206
1694.55	216
1695.84	214
1697.13	200
1698.41	210
1699.69	220
1700.98	214
1702.26	200
