204.377	692
206.045	696
207.713	716
209.38	718
211.048	766
212.715	736
214.381	728
216.047	742
217.712	754
219.377	774
221.042	760
222.706	762
224.369	714
226.032	728
227.695	698
229.357	684
231.019	646
232.68	648
234.341	580
236.001	576
237.661	526
239.321	512
240.98	482
242.639	430
244.297	404
245.955	402
247.612	340
249.268	346
250.924	324
252.58	302
254.236	288
255.891	266
257.546	282
259.2	274
260.854	258
262.507	248
264.16	260
265.812	254
267.463	256
269.115	244
270.766	250
272.417	238
274.067	228
275.717	242
277.365	236
279.014	228
280.663	230
282.311	214
283.958	214
285.605	212
287.252	214
288.898	216
290.543	210
292.188	208
293.833	210
295.477	212
297.121	220
298.765	212
300.407	214
302.05	208
303.693	202
305.334	194
306.975	202
308.615	198
310.256	202
311.896	196
313.535	204
315.175	214
316.813	184
318.451	196
320.089	216
321.726	202
323.362	212
324.999	204
326.635	198
328.271	202
329.905	198
331.54	198
333.174	202
334.807	196
336.441	204
338.074	194
339.707	194
341.338	208
342.969	188
344.601	194
346.231	180
347.861	188
349.491	194
351.12	188
352.749	188
354.378	168
356.006	186
357.633	176
359.261	164
360.887	178
362.513	174
364.139	176
365.764	176
367.39	178
369.014	178
370.638	178
372.261	182
373.884	174
375.508	184
377.13	194
378.752	186
380.373	188
381.994	192
383.615	200
385.235	188
386.854	204
388.473	212
390.092	202
391.711	202
393.328	212
394.947	206
396.564	198
398.181	194
399.797	216
401.412	218
403.027	218
404.642	222
406.257	240
407.871	240
409.484	236
411.098	218
412.711	212
414.323	216
415.935	188
417.547	186
419.158	186
420.768	196
422.378	182
423.988	186
425.597	182
427.206	168
428.814	170
430.422	160
432.03	164
433.637	176
435.243	164
436.85	150
438.456	164
440.062	148
441.666	164
443.271	148
444.876	154
446.479	154
448.082	144
449.685	134
451.287	140
452.89	134
454.492	140
456.092	138
457.693	128
459.293	140
460.893	130
462.492	122
464.092	124
465.691	138
467.288	144
468.887	142
470.483	132
472.081	132
473.677	142
475.273	142
476.869	146
478.463	146
480.059	136
481.653	142
483.247	136
484.84	130
486.433	132
488.026	144
489.618	134
491.21	130
492.801	136
494.392	128
495.983	130
497.573	128
499.162	130
500.752	132
502.341	132
503.929	134
505.517	132
507.105	134
508.692	138
510.279	134
511.865	142
513.45	144
515.037	138
516.621	148
518.206	136
519.79	134
521.374	136
522.957	148
524.54	136
526.123	134
527.705	148
529.287	154
530.868	174
532.448	164
534.029	174
535.609	178
537.188	188
538.768	200
540.346	196
541.925	206
543.502	196
545.08	194
546.657	194
548.234	176
549.81	162
551.386	168
552.961	166
554.536	172
556.11	180
557.684	168
559.258	168
560.832	192
562.405	184
563.977	202
565.55	238
567.12	242
568.692	290
570.263	308
571.833	340
573.403	322
574.973	282
576.542	238
578.111	192
579.679	184
581.247	170
582.815	162
584.382	162
585.948	150
587.514	150
589.081	144
590.645	162
592.211	154
593.775	146
595.339	146
596.904	138
598.466	154
600.03	144
601.592	144
603.154	138
604.715	132
606.277	144
607.838	160
609.398	144
610.958	146
612.518	166
614.077	182
615.636	214
617.194	284
618.753	410
620.31	584
621.867	596
623.424	414
624.98	274
626.537	210
628.092	170
629.647	160
631.202	166
632.756	130
634.31	142
635.864	138
637.417	130
638.969	124
640.521	128
642.074	124
643.625	120
645.176	118
646.726	106
648.276	108
649.827	110
651.376	110
652.925	104
654.473	104
656.021	106
657.569	116
659.117	100
660.664	98
662.21	90
663.757	100
665.302	106
666.847	102
668.392	108
669.937	102
671.481	108
673.025	110
674.568	102
676.111	94
677.653	100
679.195	100
680.737	110
682.279	104
683.82	102
685.36	100
686.9	98
688.44	88
689.979	104
691.517	102
693.056	98
694.594	106
696.132	102
697.669	100
699.206	108
700.742	120
702.278	116
703.814	114
705.35	122
706.884	110
708.419	114
709.953	108
711.487	112
713.019	118
714.552	118
716.085	114
717.617	108
719.148	124
720.68	126
722.21	144
723.741	152
725.271	164
726.8	148
728.33	158
729.858	146
731.387	138
732.915	134
734.443	142
735.97	156
737.497	164
739.023	178
740.549	180
742.075	192
743.6	186
745.125	192
746.65	186
748.173	198
749.697	190
751.22	192
752.743	196
754.266	222
755.788	216
757.309	226
758.831	222
760.351	224
761.871	214
763.392	220
764.912	214
766.431	212
767.95	208
769.468	198
770.986	184
772.504	194
774.022	186
775.538	190
777.055	198
778.571	198
780.086	208
781.602	212
783.117	238
784.632	218
786.146	254
787.659	264
789.173	274
790.685	272
792.198	282
793.71	288
795.222	304
796.733	292
798.244	294
799.755	266
801.265	246
802.775	226
804.284	206
805.793	190
807.302	192
808.81	200
810.318	166
811.826	172
813.333	174
814.84	152
816.346	142
817.851	148
819.357	138
820.862	144
822.367	130
823.871	134
825.376	124
826.878	134
828.382	140
829.885	144
831.387	156
832.889	184
834.391	186
835.892	168
837.392	168
838.893	176
840.393	162
841.893	162
843.392	174
844.891	158
846.389	158
847.888	150
849.386	144
850.882	138
852.38	140
853.876	140
855.372	144
856.868	134
858.363	136
859.858	124
861.353	138
862.847	128
864.341	132
865.834	136
867.328	130
868.82	134
870.313	136
871.805	138
873.296	130
874.787	130
876.278	128
877.769	140
879.258	132
880.748	124
882.237	128
883.726	118
885.214	126
886.702	122
888.19	118
889.677	122
891.164	126
892.651	138
894.137	132
895.623	130
897.108	134
898.593	140
900.077	128
901.562	138
903.046	158
904.529	156
906.012	160
907.495	154
908.977	154
910.459	142
911.941	148
913.422	136
914.903	134
916.383	130
917.863	116
919.343	126
920.822	120
922.301	126
923.779	112
925.257	120
926.735	124
928.213	116
929.69	112
931.166	126
932.643	110
934.119	120
935.594	116
937.069	112
938.543	116
940.018	118
941.492	116
942.966	118
944.439	122
945.911	122
947.384	120
948.856	128
950.328	122
951.799	114
953.27	126
954.741	134
956.21	148
957.68	144
959.15	152
960.619	156
962.088	158
963.556	168
965.023	152
966.491	152
967.958	154
969.425	152
970.891	152
972.357	150
973.824	152
975.288	150
976.754	160
978.218	158
979.682	166
981.146	190
982.609	200
984.072	220
985.534	218
986.997	268
988.459	324
989.92	426
991.382	506
992.842	514
994.302	532
995.763	634
997.222	906
998.681	1428
1000.14	2256
1001.6	2682
1003.06	2342
1004.52	1594
1005.97	990
1007.43	606
1008.89	388
1010.34	296
1011.8	232
1013.25	212
1014.71	194
1016.16	188
1017.62	194
1019.07	202
1020.53	218
1021.98	246
1023.43	256
1024.89	344
1026.34	402
1027.79	498
1029.24	648
1030.69	718
1032.14	750
1033.59	688
1035.04	594
1036.49	480
1037.94	366
1039.39	290
1040.84	240
1042.29	224
1043.73	202
1045.18	206
1046.63	196
1048.08	164
1049.52	168
1050.97	170
1052.41	152
1053.86	168
1055.3	154
1056.75	166
1058.19	170
1059.64	168
1061.08	178
1062.52	180
1063.96	172
1065.41	186
1066.85	184
1068.29	192
1069.73	196
1071.17	198
1072.61	200
1074.05	198
1075.49	180
1076.93	170
1078.37	192
1079.81	180
1081.25	178
1082.68	178
1084.12	190
1085.56	190
1087	174
1088.43	176
1089.87	186
1091.3	190
1092.74	182
1094.17	184
1095.61	182
1097.04	180
1098.48	194
1099.91	200
1101.34	192
1102.78	174
1104.21	168
1105.64	182
1107.07	170
1108.5	174
1109.93	166
1111.36	196
1112.8	186
1114.22	174
1115.65	172
1117.08	170
1118.51	168
1119.94	164
1121.37	160
1122.8	150
1124.22	146
1125.65	150
1127.08	140
1128.5	148
1129.93	146
1131.35	150
1132.78	154
1134.2	142
1135.63	152
1137.05	150
1138.48	154
1139.9	164
1141.32	160
1142.75	172
1144.17	180
1145.59	178
1147.01	194
1148.43	216
1149.85	236
1151.27	296
1152.69	344
1154.11	384
1155.53	402
1156.95	382
1158.37	370
1159.79	308
1161.21	266
1162.62	250
1164.04	242
1165.46	232
1166.87	236
1168.29	230
1169.71	252
1171.12	240
1172.54	264
1173.95	256
1175.37	298
1176.78	356
1178.19	400
1179.61	458
1181.02	500
1182.43	506
1183.84	490
1185.26	440
1186.67	446
1188.08	434
1189.49	442
1190.9	418
1192.31	480
1193.72	464
1195.13	472
1196.54	472
1197.95	474
1199.36	490
1200.76	460
1202.17	448
1203.58	450
1204.99	424
1206.39	394
1207.8	366
1209.2	330
1210.61	318
1212.01	312
1213.42	288
1214.82	274
1216.23	258
1217.63	274
1219.03	248
1220.44	254
1221.84	256
1223.24	230
1224.64	234
1226.05	250
1227.45	248
1228.85	244
1230.25	248
1231.65	244
1233.05	234
1234.45	238
1235.85	224
1237.25	234
1238.64	230
1240.04	206
1241.44	240
1242.84	252
1244.23	236
1245.63	228
1247.03	246
1248.42	244
1249.82	254
1251.21	222
1252.61	238
1254	234
1255.4	238
1256.79	248
1258.19	238
1259.58	234
1260.97	226
1262.36	236
1263.76	216
1265.15	256
1266.54	236
1267.93	226
1269.32	242
1270.71	238
1272.1	244
1273.49	236
1274.88	232
1276.27	242
1277.66	262
1279.05	244
1280.43	250
1281.82	240
1283.21	256
1284.6	252
1285.98	266
1287.37	260
1288.75	270
1290.14	264
1291.53	270
1292.91	302
1294.29	290
1295.68	292
1297.06	304
1298.45	306
1299.83	330
1301.21	340
1302.59	360
1303.98	358
1305.36	368
1306.74	364
1308.12	354
1309.5	362
1310.88	364
1312.26	352
1313.64	360
1315.02	350
1316.4	366
1317.78	370
1319.16	378
1320.53	388
1321.91	390
1323.29	390
1324.67	404
1326.04	390
1327.42	422
1328.79	406
1330.17	412
1331.54	436
1332.92	424
1334.29	424
1335.67	418
1337.04	406
1338.42	412
1339.79	428
1341.16	416
1342.53	430
1343.91	414
1345.28	416
1346.65	420
1348.02	408
1349.39	418
1350.76	436
1352.13	438
1353.5	420
1354.87	444
1356.24	438
1357.61	442
1358.98	428
1360.34	454
1361.71	430
1363.08	454
1364.45	462
1365.81	456
1367.18	446
1368.54	466
1369.91	444
1371.28	450
1372.64	448
1374.01	446
1375.37	456
1376.73	482
1378.1	470
1379.46	496
1380.82	474
1382.19	472
1383.55	478
1384.91	442
1386.27	444
1387.63	432
1388.99	424
1390.35	428
1391.71	416
1393.07	420
1394.43	432
1395.79	428
1397.15	402
1398.51	434
1399.87	422
1401.23	404
1402.58	404
1403.94	418
1405.3	414
1406.65	408
1408.01	402
1409.37	406
1410.72	406
1412.08	392
1413.43	408
1414.79	394
1416.14	400
1417.49	410
1418.85	402
1420.2	414
1421.55	398
1422.91	398
1424.26	390
1425.61	376
1426.96	388
1428.31	402
1429.66	378
1431.01	400
1432.36	392
1433.71	398
1435.06	382
1436.41	428
1437.76	418
1439.11	412
1440.46	440
1441.81	442
1443.15	462
1444.5	448
1445.85	462
1447.19	468
1448.54	468
1449.89	462
1451.23	470
1452.58	450
1453.92	448
1455.27	428
1456.61	402
1457.95	380
1459.3	354
1460.64	388
1461.98	336
1463.33	356
1464.67	358
1466.01	330
1467.35	338
1468.69	332
1470.03	314
1471.37	352
1472.71	322
1474.05	326
1475.39	318
1476.73	308
1478.07	316
1479.41	324
1480.75	308
1482.09	300
1483.42	302
1484.76	322
1486.1	296
1487.43	306
1488.77	310
1490.11	298
1491.44	276
1492.78	308
1494.11	310
1495.45	314
1496.78	322
1498.12	286
1499.45	302
1500.78	318
1502.11	298
1503.45	308
1504.78	298
1506.11	298
1507.44	292
1508.77	294
1510.11	298
1511.44	286
1512.77	288
1514.1	296
1515.43	288
1516.76	286
1518.08	268
1519.41	284
1520.74	294
1522.07	292
1523.4	282
1524.72	282
1526.05	276
1527.38	270
1528.7	270
1530.03	290
1531.36	276
1532.68	278
1534.01	296
1535.33	276
1536.66	294
1537.98	294
1539.3	280
1540.63	270
1541.95	274
1543.27	270
1544.6	270
1545.92	268
1547.24	274
1548.56	290
1549.88	278
1551.2	284
1552.52	266
1553.84	272
1555.17	274
1556.48	278
1557.8	260
1559.12	276
1560.44	258
1561.76	282
1563.08	286
1564.4	272
1565.71	276
1567.03	286
1568.35	276
1569.66	276
1570.98	292
1572.29	302
1573.61	312
1574.93	292
1576.24	300
1577.55	324
1578.87	344
1580.18	386
1581.5	444
1582.81	462
1584.12	470
1585.43	414
1586.75	378
1588.06	358
1589.37	356
1590.68	362
1591.99	378
1593.3	374
1594.61	400
1595.92	418
1597.23	478
1598.54	578
1599.85	652
1601.16	710
1602.47	722
1603.78	682
1605.08	640
1606.39	540
1607.7	454
1609	408
1610.31	378
1611.62	336
1612.92	336
1614.23	328
1615.53	294
1616.84	290
1618.14	276
1619.45	270
1620.75	256
1622.06	286
1623.36	274
1624.66	266
1625.96	268
1627.27	256
1628.57	252
1629.87	248
1631.17	248
1632.47	248
1633.77	236
1635.07	238
1636.37	256
1637.67	248
1638.97	258
1640.27	250
1641.57	236
1642.87	244
1644.17	226
1645.47	242
1646.76	236
1648.06	242
1649.36	238
1650.66	232
1651.95	240
1653.25	244
1654.54	230
1655.84	226
1657.13	216
1658.43	224
1659.72	240
1661.02	224
1662.31	220
1663.6	228
1664.9	202
1666.19	228
1667.48	220
1668.78	222
1670.07	210
1671.36	208
1672.65	228
1673.94	226
1675.23	216
1676.52	216
1677.81	220
1679.1	218
1680.39	200
1681.68	216
1682.97	210
1684.26	212
1685.55	214
1686.83	210
1688.12	206
1689.41	218
1690.7	210
1691.98	210
1693.27	208
1694.55	218
1695.84	202
1697.13	206
1698.41	210
1699.69	204
1700.98	196
1702.26	208
