182.393	602
184.993	608
187.593	566
190.193	588
192.79	574
195.387	556
197.983	546
200.578	526
203.174	514
205.766	538
208.36	528
210.951	546
213.542	526
216.131	522
218.721	516
221.309	550
223.897	568
226.483	622
229.069	678
231.654	810
234.238	858
236.821	840
239.404	838
241.984	738
244.566	642
247.145	558
249.723	476
252.302	404
254.878	372
257.455	320
260.03	302
262.604	270
265.178	258
267.75	250
270.322	250
272.893	240
275.463	226
278.032	222
280.601	222
283.168	246
285.734	258
288.301	308
290.866	332
293.429	372
295.992	370
298.556	388
301.117	360
303.677	312
306.236	306
308.795	280
311.354	256
313.911	270
316.467	260
319.022	260
321.577	242
324.13	258
326.684	260
329.236	268
331.787	270
334.337	276
336.887	254
339.435	266
341.983	246
344.529	242
347.075	250
349.621	246
352.165	240
354.708	250
357.251	264
359.793	236
362.334	244
364.874	226
367.413	220
369.951	214
372.489	244
375.026	238
377.562	234
380.097	194
382.631	200
385.164	208
387.697	188
390.229	192
392.76	196
395.29	208
397.819	218
400.346	208
402.873	214
405.4	216
407.926	240
410.451	260
412.976	270
415.499	268
418.02	260
420.542	230
423.063	210
425.583	190
428.101	180
430.619	180
433.137	172
435.654	182
438.169	156
440.684	154
443.198	156
445.712	162
448.223	148
450.735	158
453.246	136
455.755	144
458.264	140
460.771	156
463.279	166
465.786	162
468.291	170
470.796	186
473.301	202
475.803	232
478.306	232
480.807	270
483.308	296
485.807	316
488.307	298
490.804	236
493.302	210
495.798	192
498.294	166
500.788	172
503.283	158
505.775	156
508.269	186
510.759	202
513.251	230
515.74	238
518.23	224
520.718	186
523.204	204
525.692	218
528.177	246
530.663	280
533.147	358
535.629	406
538.113	446
540.594	444
543.074	420
545.555	378
548.034	296
550.512	274
552.989	252
555.467	260
557.942	308
560.417	356
562.892	496
565.365	758
567.838	1230
570.309	1754
572.78	1836
575.251	1442
577.72	928
580.189	566
582.656	390
585.123	352
587.589	364
590.055	318
592.52	314
594.983	304
597.446	268
599.908	226
602.369	222
604.829	194
607.289	184
609.747	186
612.205	176
614.663	196
617.119	274
619.574	338
622.029	400
624.483	324
626.936	252
629.389	208
631.84	214
634.291	224
636.741	210
639.19	198
641.639	216
644.086	176
646.533	162
648.979	174
651.424	154
653.869	152
656.313	156
658.754	138
661.196	148
663.638	140
666.078	134
668.518	136
670.957	126
673.394	132
675.831	130
678.268	130
680.703	138
683.137	126
685.571	122
688.005	144
690.437	132
692.868	134
695.299	148
697.729	144
700.159	132
702.586	146
705.014	148
707.441	156
709.866	152
712.292	172
714.716	184
717.14	186
719.563	174
721.984	178
724.406	176
726.825	182
729.246	168
731.665	186
734.082	188
736.5	178
738.916	204
741.332	226
743.746	240
746.161	240
748.574	256
750.987	268
753.398	264
755.81	288
758.219	240
760.629	240
763.037	232
765.445	230
767.852	212
770.258	212
772.664	202
775.068	220
777.472	204
779.876	214
782.278	232
784.679	244
787.08	244
789.48	254
791.879	250
794.278	260
796.675	250
799.072	260
801.467	222
803.864	208
806.258	200
808.651	184
811.044	200
813.437	186
815.828	180
818.218	172
820.608	180
822.997	196
825.385	238
827.773	270
830.16	420
832.546	608
834.931	612
837.315	452
839.699	302
842.081	242
844.463	238
846.844	206
849.226	216
851.606	202
853.985	200
856.363	200
858.741	198
861.117	188
863.493	172
865.868	190
868.243	170
870.616	152
872.989	168
875.36	164
877.731	164
880.102	160
882.472	176
884.841	176
887.209	178
889.577	156
891.944	174
894.31	168
896.674	166
899.039	158
901.403	174
903.766	162
906.128	174
908.49	162
910.849	166
913.209	170
915.569	158
917.927	154
920.284	156
922.641	154
924.997	156
927.353	152
929.707	162
932.061	156
934.414	164
936.765	168
939.117	170
941.469	188
943.818	190
946.167	198
948.515	222
950.863	266
953.211	318
955.556	366
957.902	508
960.246	514
962.59	502
964.933	466
967.276	378
969.617	334
971.958	300
974.298	286
976.638	236
978.976	240
981.314	228
983.651	228
985.988	254
988.323	304
990.659	352
992.992	396
995.325	488
997.658	812
999.99	1426
1002.32	1814
1004.65	1334
1006.98	682
1009.31	366
1011.64	260
1013.97	234
1016.29	198
1018.62	220
1020.94	266
1023.27	294
1025.59	388
1027.91	496
1030.24	580
1032.56	614
1034.88	522
1037.2	416
1039.52	328
1041.84	298
1044.15	252
1046.47	216
1048.79	226
1051.1	202
1053.42	202
1055.73	186
1058.04	218
1060.36	210
1062.67	208
1064.98	198
1067.29	194
1069.6	206
1071.91	210
1074.22	204
1076.52	214
1078.83	222
1081.14	204
1083.44	202
1085.75	206
1088.05	218
1090.35	204
1092.65	208
1094.95	218
1097.26	196
1099.56	204
1101.86	218
1104.15	232
1106.45	288
1108.75	378
1111.05	480
1113.34	470
1115.64	410
1117.93	302
1120.22	274
1122.52	218
1124.81	218
1127.1	182
1129.39	188
1131.68	190
1133.97	178
1136.26	184
1138.54	174
1140.83	188
1143.12	194
1145.4	188
1147.69	220
1149.97	230
1152.25	278
1154.54	340
1156.82	354
1159.1	298
1161.38	278
1163.66	254
1165.94	258
1168.22	226
1170.49	248
1172.77	248
1175.05	294
1177.32	326
1179.6	424
1181.87	478
1184.14	558
1186.42	520
1188.69	524
1190.96	504
1193.23	492
1195.5	460
1197.77	474
1200.03	474
1202.3	462
1204.57	462
1206.83	408
1209.1	346
1211.36	296
1213.63	254
1215.89	248
1218.15	230
1220.41	236
1222.67	226
1224.93	236
1227.19	250
1229.45	252
1231.71	234
1233.97	238
1236.22	216
1238.48	194
1240.73	202
1242.99	194
1245.24	168
1247.5	174
1249.75	172
1252	190
1254.25	208
1256.5	190
1258.75	194
1261	182
1263.25	198
1265.49	184
1267.74	190
1269.99	200
1272.23	192
1274.48	188
1276.72	194
1278.96	224
1281.21	224
1283.45	238
1285.69	254
1287.93	272
1290.17	294
1292.41	298
1294.64	364
1296.88	434
1299.12	576
1301.36	756
1303.59	1028
1305.82	1086
1308.06	988
1310.29	750
1312.52	556
1314.76	432
1316.99	400
1319.22	376
1321.45	360
1323.68	332
1325.9	336
1328.13	354
1330.36	324
1332.58	298
1334.81	294
1337.04	280
1339.26	262
1341.48	254
1343.71	244
1345.93	244
1348.15	264
1350.37	256
1352.59	258
1354.81	248
1357.03	234
1359.24	228
1361.46	220
1363.68	234
1365.89	250
1368.11	258
1370.32	262
1372.54	334
1374.75	444
1376.96	530
1379.17	586
1381.38	574
1383.59	526
1385.8	442
1388.01	312
1390.22	252
1392.43	208
1394.63	196
1396.84	194
1399.05	180
1401.25	184
1403.45	192
1405.66	182
1407.86	198
1410.06	198
1412.26	188
1414.46	206
1416.66	214
1418.86	212
1421.06	230
1423.26	240
1425.46	260
1427.65	244
1429.85	270
1432.04	272
1434.24	290
1436.43	316
1438.62	308
1440.82	322
1443.01	334
1445.2	328
1447.39	342
1449.58	334
1451.77	330
1453.95	328
1456.14	276
1458.33	288
1460.52	256
1462.7	266
1464.89	238
1467.07	228
1469.25	222
1471.44	234
1473.62	232
1475.8	228
1477.98	220
1480.16	224
1482.34	210
1484.52	224
1486.7	198
1488.87	180
1491.05	196
1493.23	190
1495.4	184
1497.58	190
1499.75	190
1501.92	178
1504.1	168
1506.27	172
1508.44	184
1510.61	174
1512.78	180
1514.95	178
1517.12	174
1519.28	174
1521.45	168
1523.62	178
1525.78	172
1527.95	176
1530.11	186
1532.28	188
1534.44	192
1536.6	164
1538.76	180
1540.93	170
1543.09	172
1545.25	186
1547.41	174
1549.56	188
1551.72	180
1553.88	194
1556.03	182
1558.19	186
1560.35	198
1562.5	188
1564.65	184
1566.81	212
1568.96	212
1571.11	218
1573.26	226
1575.41	264
1577.56	308
1579.71	328
1581.86	404
1584.01	444
1586.15	458
1588.3	432
1590.45	502
1592.59	554
1594.74	680
1596.88	740
1599.02	950
1601.17	1086
1603.31	1110
1605.45	996
1607.59	846
1609.73	710
1611.87	610
1614.01	502
1616.14	428
1618.28	362
1620.42	304
1622.55	288
1624.69	246
1626.82	234
1628.96	208
1631.09	198
1633.22	200
1635.36	180
1637.49	180
1639.62	180
1641.75	176
1643.88	168
1646	186
1648.13	174
1650.26	170
1652.39	172
1654.51	170
1656.64	168
1658.76	170
1660.89	172
1663.01	156
1665.13	152
1667.26	152
1669.38	156
1671.5	154
1673.62	154
1675.74	160
1677.86	164
1679.97	162
1682.09	164
1684.21	164
1686.33	162
1688.44	180
1690.56	176
1692.67	164
1694.78	162
1696.9	158
1699.01	146
1701.12	162
1703.23	152
1705.34	162
1707.45	150
1709.56	152
1711.67	160
1713.78	152
1715.88	162
1717.99	154
1720.1	146
1722.2	144
1724.31	150
1726.41	140
1728.51	142
1730.62	150
1732.72	156
1734.82	130
1736.92	140
1739.02	150
1741.12	146
1743.22	138
1745.32	136
1747.42	142
1749.51	134
1751.61	142
1753.7	148
1755.8	138
1757.89	124
1759.99	134
1762.08	134
1764.17	138
1766.26	150
1768.36	142
1770.45	130
1772.54	154
1774.62	130
1776.71	130
1778.8	160
1780.89	142
1782.98	136
1785.06	152
1787.15	142
1789.23	142
1791.32	142
1793.4	146
1795.48	136
1797.56	136
1799.65	136
1801.73	146
1803.81	152
1805.89	136
1807.97	142
1810.04	138
1812.12	126
1814.2	152
1816.28	132
1818.35	152
1820.43	134
1822.5	138
1824.58	142
1826.65	140
1828.72	144
1830.79	136
1832.86	140
1834.94	134
1837.01	136
1839.08	136
1841.15	128
1843.21	134
1845.28	142
1847.35	124
1849.41	126
1851.48	138
1853.55	136
1855.61	130
1857.67	128
1859.74	140
1861.8	144
1863.86	150
1865.92	132
1867.98	138
1870.05	124
1872.1	130
1874.16	140
1876.22	122
1878.28	126
1880.34	138
1882.39	138
1884.45	138
1886.5	140
1888.56	136
1890.61	134
1892.67	138
1894.72	150
1896.77	132
1898.82	134
1900.87	140
1902.92	136
1904.97	140
1907.02	130
1909.07	144
1911.12	128
1913.17	142
1915.21	136
1917.26	130
1919.3	144
1921.35	142
1923.39	134
1925.43	150
1927.48	128
1929.52	120
1931.56	138
1933.6	140
1935.64	138
1937.68	150
1939.72	132
1941.76	132
1943.8	134
1945.83	144
1947.87	134
1949.91	138
1951.94	122
1953.98	128
1956.01	136
1958.05	132
1960.08	136
1962.11	136
1964.14	134
1966.17	144
1968.2	134
1970.23	122
1972.26	156
1974.29	132
1976.32	128
1978.35	136
1980.37	144
1982.4	134
1984.43	134
1986.45	136
1988.48	122
1990.5	152
1992.52	138
1994.55	128
1996.57	148
1998.59	126
2000.61	132
2002.63	124
2004.65	146
2006.67	134
2008.69	136
2010.7	132
2012.72	144
2014.74	128
2016.75	140
2018.77	134
2020.78	132
2022.8	120
2024.81	128
2026.83	132
2028.84	138
2030.85	142
2032.86	138
2034.87	136
2036.88	140
2038.89	134
2040.9	144
2042.91	126
2044.91	138
2046.92	126
2048.93	132
2050.93	140
2052.94	134
2054.94	126
2056.95	130
2058.95	136
2060.95	128
2062.95	128
2064.96	136
2066.96	132
2068.96	144
2070.96	128
2072.96	136
2074.95	156
2076.95	142
2078.95	128
2080.95	128
2082.94	116
2084.94	134
2086.93	120
2088.93	138
2090.92	134
2092.91	134
2094.91	128
2096.9	134
2098.89	136
2100.88	122
2102.87	128
2104.86	128
2106.85	138
2108.84	122
2110.83	124
2112.81	124
2114.8	134
2116.78	130
2118.77	136
2120.75	124
2122.74	138
2124.72	144
2126.71	140
2128.69	128
2130.67	130
2132.65	124
2134.63	124
2136.61	132
2138.59	130
2140.57	136
2142.55	118
2144.53	136
2146.5	136
2148.48	134
2150.46	132
2152.43	130
2154.41	128
2156.38	128
2158.35	132
2160.33	128
2162.3	138
2164.27	132
2166.24	130
2168.21	144
2170.18	142
2172.15	128
2174.12	134
2176.09	124
2178.06	130
2180.03	142
2181.99	136
2183.96	126
2185.92	140
2187.89	138
2189.85	130
2191.82	120
2193.78	126
2195.74	128
2197.7	130
2199.67	128
2201.63	136
2203.59	136
2205.55	130
2207.51	134
2209.46	142
2211.42	130
2213.38	134
2215.34	130
2217.29	112
2219.25	120
2221.2	132
2223.16	138
2225.11	136
2227.06	136
2229.02	144
2230.97	134
2232.92	130
2234.87	124
2236.82	128
2238.77	132
2240.72	132
2242.67	124
2244.62	138
2246.57	126
2248.51	132
2250.46	134
2252.4	128
2254.35	126
2256.29	134
2258.24	128
2260.18	128
2262.13	132
2264.07	132
2266.01	124
2267.95	136
2269.89	126
2271.83	134
2273.77	140
2275.71	140
2277.65	122
2279.58	138
2281.52	128
2283.46	124
2285.4	120
2287.33	136
2289.27	128
2291.2	106
2293.13	140
2295.07	130
2297	134
2298.93	124
2300.86	132
2302.79	132
2304.72	132
2306.65	128
2308.58	138
2310.51	132
2312.44	136
2314.37	126
2316.29	150
2318.22	130
2320.15	130
2322.07	130
2324	136
2325.92	124
2327.84	124
2329.77	130
2331.69	132
2333.61	128
2335.53	120
2337.45	142
2339.37	132
2341.29	130
2343.21	132
2345.13	128
2347.05	148
2348.97	130
2350.88	120
2352.8	132
2354.71	130
2356.63	134
2358.54	126
2360.46	122
2362.37	130
2364.28	124
2366.2	134
2368.11	134
2370.02	138
2371.93	132
2373.84	116
2375.75	134
2377.66	126
2379.57	134
2381.47	120
2383.38	138
2385.29	128
2387.2	128
2389.1	136
2391.01	130
2392.91	140
2394.81	136
2396.72	148
2398.62	128
2400.52	128
2402.42	138
2404.33	142
2406.23	134
2408.13	134
2410.03	132
2411.92	112
2413.82	134
2415.72	128
2417.62	132
2419.51	138
2421.41	128
2423.31	134
2425.2	130
2427.1	126
2428.99	122
2430.88	120
2432.78	134
2434.67	128
2436.56	134
2438.45	132
2440.34	128
2442.23	134
2444.12	130
2446.01	114
2447.9	140
2449.79	134
