188.706	363.111
191.305	356.222
193.902	349.333
196.499	325.778
199.096	311.556
201.69	300.889
204.284	299.778
206.877	292.667
209.47	289.778
212.062	274.889
214.652	274.667
217.242	269.111
219.83	264.667
222.419	264.222
225.005	265.333
227.592	254.444
230.177	248
232.762	254.444
235.345	252
237.928	245.111
240.509	238.889
243.09	237.778
245.671	231.333
248.249	234.444
250.829	228.889
253.405	223.111
255.983	208.444
258.558	208.889
261.132	202.444
263.707	194
266.28	195.778
268.852	192
271.424	193.778
273.994	190.667
276.564	186.444
279.133	186.444
281.701	192.222
284.268	182.222
286.835	183.556
289.4	188
291.964	188.889
294.527	193.111
297.091	192.889
299.653	193.111
302.214	195.556
304.774	206.444
307.334	216
309.892	217.333
312.45	229.556
315.006	239.778
317.562	256.222
320.118	263.556
322.672	262.667
325.225	258.444
327.778	248.667
330.329	232
332.88	226.444
335.43	226.667
337.978	227.111
340.528	226.222
343.075	234.889
345.622	251.333
348.167	274.444
350.712	294.889
353.256	322.889
355.799	344.889
358.341	336
360.883	334
363.423	325.111
365.963	308.889
368.502	296.222
371.04	273.111
373.577	256.444
376.114	244.444
378.649	235.556
381.184	232.667
383.718	232.889
386.251	226
388.783	224.889
391.314	228.222
393.844	241.333
396.373	263.111
398.902	283.111
401.43	329.333
403.957	389.333
406.484	437.333
409.009	433.778
411.534	381.556
414.057	324
416.58	269.111
419.102	238.222
421.624	220.222
424.144	199.333
426.663	185.111
429.181	182
431.7	179.778
434.217	171.333
436.732	176.889
439.248	162.889
441.763	162.444
444.277	158
446.788	162.667
449.301	153.778
451.812	154.444
454.322	152.889
456.831	155.333
459.341	154
461.847	150.444
464.355	150.889
466.861	150
469.366	155.111
471.871	152.889
474.374	149.778
476.877	144.667
479.378	146.667
481.88	146.222
484.381	144.889
486.879	147.778
489.379	143.556
491.876	145.333
494.373	145.111
496.869	143.556
499.365	147.556
501.858	141.556
504.353	143.778
506.845	147.778
509.338	149.333
511.828	140.222
514.319	144
516.808	141.333
519.296	142.889
521.785	140.667
524.272	141.111
526.759	147.333
529.244	142.444
531.728	142.444
534.212	149.333
536.695	146.222
539.178	149.333
541.659	144.889
544.139	148.667
546.619	145.111
549.098	147.333
551.575	144.889
554.052	148.667
556.529	144.444
559.005	150.667
561.479	152.222
563.953	146.444
566.427	150.667
568.899	151.778
571.37	151.111
573.84	152.222
576.311	146.889
578.78	152.222
581.248	153.333
583.715	150
586.181	156.889
588.647	156
591.113	161.556
593.577	157.556
596.04	164.889
598.503	180
600.964	208
603.425	254.889
605.885	277.111
608.344	265.333
610.803	248.444
613.26	228.667
615.718	205.778
618.174	188.222
620.63	185.778
623.084	174.667
625.538	175.778
627.99	182.667
630.443	173.778
632.894	178.889
635.344	184.444
637.792	194
640.241	196.444
642.689	213.778
645.137	229.556
647.583	286.222
650.029	371.111
652.474	508
654.918	655.333
657.361	785.556
659.804	968.444
662.246	938.667
664.685	682
667.125	438
669.565	300
672.003	234.889
674.441	202
676.877	186.667
679.313	175.333
681.749	168.222
684.183	173.111
686.617	165.556
689.049	169.333
691.481	161.556
693.913	164.667
696.342	159.333
698.772	158.444
701.201	157.778
703.63	166.222
706.056	166.444
708.483	165.111
710.909	172.444
713.333	163.111
715.758	159.333
718.18	159.111
720.603	154
723.025	152.889
725.445	154
727.866	152.667
730.284	143.778
732.703	148.444
735.122	148.444
737.538	147.111
739.955	145.556
742.369	152
744.784	147.778
747.197	160.667
749.611	154.222
752.023	159.778
754.435	158.444
756.845	154.222
759.255	146.667
761.664	149.556
764.071	156.444
766.48	153.556
768.886	139.778
771.292	145.556
773.697	142.667
776.102	147.111
778.505	141.111
780.907	146.222
783.31	148.444
785.711	147.333
788.111	145.778
790.511	145.333
792.91	138.222
795.308	144.444
797.706	141.111
800.102	147.333
802.497	143.333
804.892	142.889
807.287	149.778
809.68	148.889
812.072	158.667
814.464	152
816.855	155.778
819.246	158
821.635	155.333
824.024	156.667
826.412	149.556
828.799	144.889
831.186	147.778
833.572	144.889
835.956	153.333
838.34	147.556
840.723	155.111
843.106	154
845.487	160.667
847.868	163.778
850.248	162.889
852.628	175.111
855.006	193.778
857.384	223.111
859.761	266.667
862.138	403.111
864.513	684
866.888	980.889
869.262	893.111
871.636	581.556
874.008	353.778
876.38	243.556
878.751	209.333
881.121	195.111
883.491	179.111
885.86	186.667
888.228	182.667
890.595	184.222
892.962	175.778
895.327	171.778
897.691	163.556
900.055	158.889
902.419	158.222
904.782	156.667
907.144	152.889
909.505	156
911.864	150.667
914.224	150.667
916.583	151.556
918.941	156.889
921.298	146.667
923.654	156.444
926.01	156.222
928.366	155.556
930.719	153.778
933.073	161.778
935.426	157.778
937.777	157.333
940.129	163.333
942.479	164.667
944.828	167.111
947.178	163.556
949.526	164
951.873	167.778
954.22	165.333
956.565	163.111
958.911	162.889
961.254	161.778
963.598	167.333
965.942	173.111
968.283	172.667
970.625	174.889
972.965	189.556
975.305	205.333
977.644	266.222
979.983	352.444
982.32	390.444
984.657	407.111
986.993	591.556
989.327	1604.67
991.663	3595.56
993.996	3596.44
996.33	2544.44
998.662	1871.56
1000.99	1197.33
1003.32	648.222
1005.65	390.444
1007.98	286
1010.31	267.111
1012.64	255.778
1014.97	256
1017.29	279.333
1019.62	296.889
1021.94	329.556
1024.27	382.667
1026.59	520.444
1028.91	1157.33
1031.24	2816.22
1033.56	3379.11
1035.88	1987.56
1038.2	818.889
1040.51	400.889
1042.83	287.111
1045.15	246.444
1047.47	232.667
1049.78	226.444
1052.1	234.667
1054.41	224.667
1056.73	225.778
1059.04	228.222
1061.35	228.667
1063.66	247.111
1065.97	261.111
1068.28	282
1070.59	283.333
1072.9	253.333
1075.21	236.667
1077.52	226.889
1079.82	228
1082.13	227.556
1084.43	248.889
1086.74	262.889
1089.04	292.889
1091.34	330.889
1093.65	356.222
1095.95	364
1098.25	354
1100.55	341.111
1102.85	305.556
1105.14	276.444
1107.44	262.444
1109.74	237.333
1112.03	224.889
1114.33	218.889
1116.62	210.222
1118.92	204.444
1121.21	201.778
1123.5	193.333
1125.79	183.111
1128.09	191.111
1130.38	183.556
1132.67	182.444
1134.95	189.556
1137.24	188.444
1139.53	192.444
1141.82	202
1144.1	208.889
1146.39	225.556
1148.67	241.333
1150.95	244
1153.24	223.778
1155.52	209.111
1157.8	197.333
1160.08	186.667
1162.36	174.889
1164.64	172.222
1166.92	172.889
1169.2	170.222
1171.47	167.111
1173.75	165.778
1176.03	164
1178.3	172
1180.58	168
1182.85	165.111
1185.12	167.111
1187.39	170.444
1189.66	166.667
1191.94	169.111
1194.21	176.667
1196.48	173.778
1198.74	174.222
1201.01	182.222
1203.28	193.556
1205.54	206.222
1207.81	223.111
1210.07	245.778
1212.34	285.778
1214.6	360.444
1216.86	454.444
1219.13	506.667
1221.39	470.889
1223.65	398.889
1225.91	350.222
1228.17	321.556
1230.43	296
1232.68	266.667
1234.94	238.667
1237.2	213.111
1239.45	197.778
1241.71	180.444
1243.96	179.111
1246.22	179.111
1248.47	175.111
1250.72	172
1252.97	170
1255.22	168.889
1257.47	166.222
1259.72	172
1261.97	164.667
1264.22	155.333
1266.46	160.222
1268.71	162.889
1270.95	166.222
1273.2	159.111
1275.44	165.333
1277.69	157.111
1279.93	160.667
1282.17	164
1284.41	161.778
1286.65	159.333
1288.89	164
1291.13	162.444
1293.37	163.333
1295.61	159.333
1297.85	159.111
1300.08	162.444
1302.32	160
1304.55	163.556
1306.79	155.556
1309.02	160.222
1311.26	161.333
1313.49	159.111
1315.72	160.667
1317.95	167.556
1320.18	162.667
1322.41	167.556
1324.64	166.444
1326.86	168.222
1329.09	160.222
1331.32	160.444
1333.55	167.333
1335.77	169.333
1337.99	167.111
1340.22	172
1342.44	174.667
1344.66	168.889
1346.89	174.222
1349.11	173.778
1351.33	173.333
1353.55	174.222
1355.77	185.111
1357.98	190.444
1360.2	182.222
1362.42	195.778
1364.63	194
1366.85	193.111
1369.06	196.222
1371.28	206
1373.49	204
1375.7	220.222
1377.92	228.222
1380.13	235.111
1382.34	255.778
1384.55	286.667
1386.76	306.889
1388.97	330.889
1391.17	358.222
1393.38	368
1395.59	384.222
1397.79	402.222
1400	455.111
1402.2	513.778
1404.41	606.889
1406.61	685.556
1408.81	747.556
1411.01	756.222
1413.21	710
1415.41	613.556
1417.61	516.444
1419.81	446.444
1422.01	386.667
1424.21	363.111
1426.4	349.556
1428.6	352.889
1430.8	372.222
1432.99	408.222
1435.18	480.667
1437.38	556.889
1439.57	617.111
1441.76	635.333
1443.95	593.556
1446.14	534.222
1448.33	466.444
1450.52	418.444
1452.71	384.667
1454.9	357.333
1457.09	333.333
1459.27	304
1461.46	294.222
1463.64	290.889
1465.83	280.222
1468.01	275.556
1470.2	266.889
1472.38	265.556
1474.56	262.667
1476.74	253.111
1478.92	262.444
1481.1	269.111
1483.28	306.444
1485.46	307.778
1487.64	280.667
1489.81	259.333
1491.99	246.889
1494.16	238.222
1496.34	245.111
1498.51	246.444
1500.69	238.667
1502.86	240.444
1505.03	230
1507.21	231.111
1509.38	229.333
1511.55	222.889
1513.72	222.667
1515.89	211.111
1518.05	206.444
1520.22	206.444
1522.39	194.667
1524.55	198.889
1526.72	190
1528.88	189.333
1531.05	183.556
1533.21	187.556
1535.37	183.778
1537.54	186.889
1539.7	184.222
1541.86	185.556
1544.02	182.667
1546.18	195.778
1548.34	196.444
1550.5	197.111
1552.65	198.667
1554.81	204.444
1556.97	203.556
1559.12	210.444
1561.28	217.778
1563.43	237.333
1565.58	247.778
1567.74	273.556
1569.89	322
1572.04	396.444
1574.19	463.333
1576.34	443.333
1578.49	407.111
1580.64	403.111
1582.79	438.667
1584.94	428.889
1587.08	388.667
1589.23	370
1591.37	334
1593.52	296.889
1595.66	280.667
1597.81	295.333
1599.95	309.333
1602.09	278
1604.23	252.667
1606.37	232.222
1608.51	226.889
1610.65	220.222
1612.79	208.222
1614.93	200.222
1617.07	208.667
1619.21	196.444
1621.34	192
1623.48	192.222
1625.61	185.556
1627.75	190.222
1629.88	190.444
1632.01	192
1634.15	195.111
1636.28	190.444
1638.41	192.667
1640.54	187.556
1642.67	191.556
1644.8	200
1646.93	202.667
1649.05	212.889
1651.18	220.222
1653.31	233.556
1655.43	257.111
1657.56	281.333
1659.68	308
1661.81	330
1663.93	354.667
1666.05	368.889
1668.17	366.889
1670.3	358.667
1672.42	356.444
1674.54	344.222
1676.66	332.444
1678.77	310.889
1680.89	298.667
1683.01	280.889
1685.13	258.222
1687.24	243.111
1689.36	222.222
1691.47	216.222
1693.59	205.778
1695.7	189.556
1697.81	185.333
1699.92	180.444
1702.04	175.333
1704.15	176.222
1706.26	168.222
1708.37	168.444
1710.47	168.889
1712.58	163.778
1714.69	163.778
1716.8	161.333
1718.9	164
1721.01	168
1723.11	166.889
1725.22	172.444
1727.32	174.222
1729.42	176.667
1731.53	168.444
1733.63	163.333
1735.73	167.333
1737.83	160.889
1739.93	164.444
1742.03	162.222
1744.13	157.556
1746.23	156.889
1748.32	162.444
1750.42	160.444
1752.52	157.556
1754.61	159.111
1756.71	161.556
1758.8	153.333
1760.89	158.222
1762.99	159.778
1765.08	160.444
1767.17	154.889
1769.26	153.111
1771.35	158.889
1773.44	156.222
1775.53	154
1777.62	155.556
1779.71	156
1781.79	155.556
1783.88	156
1785.96	156.667
1788.05	159.556
1790.13	154.889
1792.22	158
1794.3	156.889
1796.38	152.667
1798.47	155.111
1800.55	158.667
1802.63	153.556
1804.71	157.333
1806.79	151.333
1808.87	152.889
1810.95	157.556
1813.02	156.444
1815.1	152.889
1817.18	148.444
1819.25	158
1821.33	156.222
1823.4	153.556
1825.47	156.444
1827.55	158.444
1829.62	154.444
1831.69	156.222
1833.76	156.444
1835.83	154.889
1837.9	154.222
1839.97	154.444
1842.04	156.222
1844.11	157.111
1846.18	155.333
1848.24	151.778
1850.31	156.444
1852.38	152.889
1854.44	154.667
1856.51	150.444
1858.57	152.889
1860.63	155.111
1862.69	148
1864.76	153.111
1866.82	152
1868.88	149.556
1870.94	154.444
1873	154.444
1875.06	157.111
1877.11	158.889
1879.17	150.667
1881.23	154.444
1883.28	156.667
1885.34	156.222
1887.4	157.333
1889.45	154.222
1891.5	158
1893.56	160
1895.61	162
1897.66	154.889
1899.71	152.667
1901.76	157.333
1903.81	158
1905.86	160.222
1907.91	153.556
1909.96	155.111
1912.01	160.667
1914.05	156.222
1916.1	158.889
1918.15	152.444
1920.19	152.444
1922.23	149.333
1924.28	156
1926.32	156.222
1928.36	156.667
1930.41	154.222
1932.45	156.444
1934.49	157.778
1936.53	154.889
1938.57	157.111
1940.61	155.778
1942.64	155.333
1944.68	161.556
1946.72	151.111
1948.76	152.444
1950.79	156.444
1952.83	153.778
1954.86	152.667
1956.89	153.778
1958.93	152.222
1960.96	153.111
1962.99	154.889
1965.03	154
1967.06	153.111
1969.09	158.889
1971.12	153.111
1973.14	157.333
1975.17	155.778
1977.2	153.556
1979.23	152.889
1981.25	155.111
1983.28	157.556
1985.31	157.333
1987.33	149.111
1989.36	151.778
1991.38	161.111
1993.4	158.889
1995.42	154.889
1997.45	160
1999.47	163.111
2001.49	163.111
2003.51	165.333
2005.53	164.222
2007.55	161.111
2009.56	164.222
2011.58	162.444
2013.6	167.778
2015.61	165.111
2017.63	161.111
2019.65	163.333
2021.66	170.222
2023.67	164.667
2025.69	161.778
2027.7	159.556
2029.71	161.556
2031.72	160
2033.73	159.333
2035.74	160.667
2037.75	160.667
2039.76	159.333
2041.77	152.222
2043.78	155.556
2045.79	156.667
2047.79	161.333
2049.8	159.333
2051.8	157.333
2053.81	162.222
2055.81	157.778
2057.82	152.667
2059.82	156.444
2061.82	155.778
2063.82	154.444
2065.83	154.444
2067.83	156.222
2069.83	160.222
2071.83	153.111
2073.82	157.333
2075.82	152.667
2077.82	156.667
2079.82	154.667
2081.81	153.111
2083.81	159.333
2085.8	157.778
2087.8	156.889
2089.79	157.778
2091.79	158
2093.78	160.222
2095.77	158.444
2097.76	160.444
2099.76	156.222
2101.75	154.222
2103.74	160
2105.72	151.556
2107.71	159.333
2109.7	153.778
2111.69	152.889
2113.68	155.778
2115.66	154.667
2117.65	156.222
2119.63	156
2121.62	154.222
2123.6	161.111
2125.59	156.667
2127.57	158.222
2129.55	152.667
2131.53	156.667
2133.51	155.333
2135.49	157.111
2137.47	157.111
2139.45	159.333
2141.43	154.889
2143.41	152.444
2145.39	154.667
2147.36	152.889
2149.34	154
2151.32	150.444
2153.29	157.333
2155.27	154.667
2157.24	157.556
2159.21	155.111
2161.19	154
2163.16	155.778
2165.13	149.556
2167.1	155.111
2169.07	155.556
2171.04	162.667
2173.01	158.667
2174.98	156.222
2176.95	154.222
2178.92	156.889
2180.88	156.444
2182.85	157.111
2184.81	155.778
2186.78	152
2188.74	157.778
2190.71	155.111
2192.67	155.333
2194.63	158
2196.6	153.778
2198.56	154.889
2200.52	152.222
2202.48	155.111
2204.44	153.556
2206.4	160.222
2208.36	158.222
2210.32	152.889
2212.28	151.556
2214.23	157.333
2216.19	153.111
2218.14	161.556
2220.1	156.889
2222.05	158
2224.01	156.667
2225.96	160.889
2227.91	159.556
2229.87	154.889
2231.82	155.333
2233.77	158.222
2235.72	156.222
2237.67	157.778
2239.62	151.333
2241.57	153.111
2243.52	158.222
2245.47	155.333
2247.41	152.222
2249.36	154.444
2251.31	157.556
2253.25	154.444
2255.2	160.889
2257.14	155.778
2259.09	154.889
2261.03	153.333
2262.97	153.111
2264.91	153.778
2266.85	152.889
2268.8	152
2270.74	153.111
2272.68	155.111
2274.61	153.333
2276.55	152.667
2278.49	159.333
2280.43	153.556
2282.37	153.778
2284.3	150.222
2286.24	155.556
2288.17	155.111
2290.11	156
2292.04	159.778
2293.98	160.667
2295.91	163.111
2297.84	167.111
2299.77	160.222
2301.7	155.111
2303.64	161.333
2305.56	158.444
2307.49	156.667
2309.42	159.333
2311.35	152.667
2313.28	159.111
2315.21	154.889
2317.13	156.889
2319.06	157.111
2320.99	156.444
2322.91	161.556
2324.84	157.778
2326.76	154
2328.68	153.333
2330.6	150
2332.53	154
2334.45	157.556
2336.37	155.333
2338.29	152
2340.21	153.333
2342.13	158
2344.05	152.222
2345.97	155.778
2347.89	154.222
2349.8	155.556
2351.72	154
2353.63	155.333
2355.55	154.889
2357.47	151.556
2359.38	151.556
2361.29	155.556
2363.21	154
2365.12	154.667
2367.03	157.778
2368.94	158.222
2370.85	162
2372.76	164.889
2374.67	168.444
2376.58	172.222
2378.49	170.667
2380.4	175.333
2382.31	166.444
2384.21	161.111
2386.12	157.111
2388.03	152.222
2389.93	158
2391.84	154
2393.74	157.778
2395.64	151.556
2397.55	149.778
2399.45	148.667
2401.35	150.667
2403.25	155.778
2405.15	152
2407.05	154.667
2408.95	151.111
2410.85	149.556
2412.75	153.556
2414.65	149.111
2416.55	151.778
2418.45	152
2420.34	158.444
2422.24	150.667
2424.13	153.333
2426.03	159.556
2427.92	150.667
2429.82	157.111
2431.71	155.111
2433.6	154.444
2435.49	158
2437.39	158.667
2439.28	163.778
2441.17	171.111
2443.06	160.222
2444.95	170.889
2446.83	174.444
2448.72	168.889
2450.61	171.778
2452.5	180.667
2454.39	184.444
