204.377	398
206.045	378
207.713	390
209.38	384
211.048	396
212.715	366
214.381	374
216.047	382
217.712	400
219.377	386
221.042	404
222.706	428
224.369	446
226.032	464
227.695	494
229.357	562
231.019	584
232.68	654
234.341	664
236.001	656
237.661	634
239.321	552
240.98	518
242.639	480
244.297	436
245.955	400
247.612	362
249.268	318
250.924	288
252.58	250
254.236	236
255.891	220
257.546	190
259.2	188
260.854	188
262.507	170
264.16	154
265.812	152
267.463	160
269.115	152
270.766	154
272.417	140
274.067	132
275.717	146
277.365	140
279.014	134
280.663	150
282.311	146
283.958	160
285.605	162
287.252	190
288.898	206
290.543	212
292.188	224
293.833	238
295.477	256
297.121	244
298.765	222
300.407	214
302.05	208
303.693	190
305.334	186
306.975	170
308.615	164
310.256	150
311.896	154
313.535	148
315.175	150
316.813	150
318.451	132
320.089	134
321.726	140
323.362	154
324.999	156
326.635	160
328.271	164
329.905	162
331.54	166
333.174	174
334.807	160
336.441	156
338.074	158
339.707	156
341.338	152
342.969	146
344.601	140
346.231	132
347.861	134
349.491	142
351.12	138
352.749	134
354.378	136
356.006	146
357.633	140
359.261	130
360.887	124
362.513	124
364.139	118
365.764	116
367.39	128
369.014	128
370.638	130
372.261	122
373.884	126
375.508	120
377.13	124
378.752	124
380.373	114
381.994	112
383.615	96
385.235	106
386.854	102
388.473	108
390.092	100
391.711	104
393.328	106
394.947	94
396.564	98
398.181	110
399.797	98
401.412	112
403.027	114
404.642	114
406.257	124
407.871	124
409.484	132
411.098	154
412.711	148
414.323	148
415.935	156
417.547	140
419.158	116
420.768	112
422.378	108
423.988	104
425.597	98
427.206	94
428.814	88
430.422	80
432.03	76
433.637	70
435.243	76
436.85	78
438.456	70
440.062	70
441.666	66
443.271	64
444.876	68
446.479	66
448.082	62
449.685	62
451.287	64
452.89	64
454.492	66
456.092	60
457.693	72
459.293	66
460.893	64
462.492	72
464.092	66
465.691	74
467.288	74
468.887	88
470.483	86
472.081	96
473.677	108
475.273	116
476.869	122
478.463	136
480.059	146
481.653	150
483.247	162
484.84	160
486.433	162
488.026	134
489.618	126
491.21	102
492.801	92
494.392	84
495.983	84
497.573	74
499.162	72
500.752	72
502.341	74
503.929	68
505.517	80
507.105	76
508.692	80
510.279	100
511.865	126
513.45	132
515.037	120
516.621	100
518.206	94
519.79	94
521.374	98
522.957	96
524.54	100
526.123	102
527.705	126
529.287	132
530.868	152
532.448	182
534.029	206
535.609	240
537.188	238
538.768	252
540.346	240
541.925	236
543.502	200
545.08	188
546.657	154
548.234	144
549.81	130
551.386	128
552.961	128
554.536	112
556.11	134
557.684	154
559.258	174
560.832	216
562.405	264
563.977	362
565.55	502
567.12	722
568.692	1002
570.263	1096
571.833	1064
573.403	912
574.973	708
576.542	484
578.111	324
579.679	232
581.247	218
582.815	200
584.382	174
585.948	178
587.514	162
589.081	164
590.645	152
592.211	156
593.775	146
595.339	142
596.904	140
598.466	110
600.03	104
601.592	100
603.154	84
604.715	84
606.277	74
607.838	80
609.398	80
610.958	74
612.518	78
614.077	80
615.636	94
617.194	118
618.753	172
620.31	242
621.867	198
623.424	156
624.98	118
626.537	104
628.092	92
629.647	98
631.202	96
632.756	100
634.31	100
635.864	100
637.417	90
638.969	96
640.521	92
642.074	86
643.625	78
645.176	76
646.726	70
648.276	70
649.827	58
651.376	64
652.925	64
654.473	60
656.021	54
657.569	58
659.117	54
660.664	56
662.21	50
663.757	46
665.302	52
666.847	50
668.392	50
669.937	50
671.481	50
673.025	52
674.568	48
676.111	52
677.653	52
679.195	44
680.737	46
682.279	50
683.82	46
685.36	48
686.9	50
688.44	46
689.979	42
691.517	42
693.056	46
694.594	50
696.132	46
697.669	46
699.206	54
700.742	42
702.278	50
703.814	54
705.35	60
706.884	58
708.419	62
709.953	56
711.487	60
713.019	60
714.552	74
716.085	74
717.617	64
719.148	64
720.68	66
722.21	68
723.741	70
725.271	56
726.8	66
728.33	70
729.858	64
731.387	66
732.915	74
734.443	66
735.97	72
737.497	78
739.023	84
740.549	82
742.075	88
743.6	100
745.125	108
746.65	118
748.173	116
749.697	110
751.22	110
752.743	112
754.266	108
755.788	108
757.309	102
758.831	106
760.351	102
761.871	92
763.392	86
764.912	82
766.431	90
767.95	76
769.468	80
770.986	78
772.504	80
774.022	86
775.538	90
777.055	88
778.571	84
780.086	84
781.602	92
783.117	90
784.632	106
786.146	90
787.659	104
789.173	106
790.685	98
792.198	112
793.71	100
795.222	106
796.733	98
798.244	90
799.755	94
801.265	88
802.775	74
804.284	78
805.793	74
807.302	72
808.81	74
810.318	72
811.826	66
813.333	64
814.84	64
816.346	68
817.851	64
819.357	62
820.862	62
822.367	68
823.871	76
825.376	84
826.878	98
828.382	138
829.885	178
831.387	242
832.889	304
834.391	282
835.892	220
837.392	146
838.893	116
840.393	100
841.893	88
843.392	76
844.891	74
846.389	72
847.888	78
849.386	78
850.882	74
852.38	78
853.876	66
855.372	78
856.868	66
858.363	68
859.858	72
861.353	66
862.847	62
864.341	60
865.834	72
867.328	62
868.82	60
870.313	60
871.805	64
873.296	58
874.787	66
876.278	60
877.769	58
879.258	68
880.748	58
882.237	56
883.726	60
885.214	58
886.702	56
888.19	60
889.677	58
891.164	58
892.651	46
894.137	54
895.623	52
897.108	50
898.593	54
900.077	60
901.562	64
903.046	58
904.529	60
906.012	62
907.495	54
908.977	56
910.459	66
911.941	58
913.422	56
914.903	54
916.383	54
917.863	52
919.343	56
920.822	52
922.301	48
923.779	60
925.257	58
926.735	54
928.213	54
929.69	54
931.166	50
932.643	56
934.119	52
935.594	56
937.069	56
938.543	60
940.018	58
941.492	64
942.966	74
944.439	62
945.911	74
947.384	78
948.856	80
950.328	100
951.799	102
953.27	126
954.741	138
956.21	182
957.68	184
959.15	196
960.619	218
962.088	202
963.556	178
965.023	162
966.491	142
967.958	142
969.425	134
970.891	122
972.357	100
973.824	96
975.288	96
976.754	82
978.218	80
979.682	78
981.146	84
982.609	84
984.072	80
985.534	94
986.997	108
988.459	118
989.92	156
991.382	174
992.842	180
994.302	174
995.763	216
997.222	326
998.681	528
1000.14	738
1001.6	816
1003.06	650
1004.52	402
1005.97	244
1007.43	158
1008.89	106
1010.34	98
1011.8	78
1013.25	72
1014.71	78
1016.16	72
1017.62	74
1019.07	80
1020.53	84
1021.98	106
1023.43	114
1024.89	124
1026.34	164
1027.79	194
1029.24	240
1030.69	230
1032.14	236
1033.59	216
1035.04	172
1036.49	142
1037.94	134
1039.39	108
1040.84	100
1042.29	96
1043.73	76
1045.18	80
1046.63	76
1048.08	76
1049.52	78
1050.97	70
1052.41	72
1053.86	76
1055.3	72
1056.75	72
1058.19	70
1059.64	70
1061.08	70
1062.52	70
1063.96	72
1065.41	70
1066.85	70
1068.29	68
1069.73	76
1071.17	70
1072.61	72
1074.05	74
1075.49	64
1076.93	64
1078.37	70
1079.81	60
1081.25	66
1082.68	74
1084.12	68
1085.56	68
1087	62
1088.43	64
1089.87	64
1091.3	70
1092.74	72
1094.17	74
1095.61	70
1097.04	66
1098.48	68
1099.91	72
1101.34	74
1102.78	80
1104.21	74
1105.64	94
1107.07	108
1108.5	138
1109.93	168
1111.36	194
1112.8	184
1114.22	160
1115.65	134
1117.08	98
1118.51	86
1119.94	78
1121.37	76
1122.8	66
1124.22	72
1125.65	62
1127.08	60
1128.5	62
1129.93	54
1131.35	60
1132.78	60
1134.2	56
1135.63	64
1137.05	62
1138.48	64
1139.9	62
1141.32	62
1142.75	68
1144.17	68
1145.59	60
1147.01	68
1148.43	72
1149.85	80
1151.27	94
1152.69	106
1154.11	120
1155.53	114
1156.95	126
1158.37	102
1159.79	94
1161.21	88
1162.62	88
1164.04	92
1165.46	84
1166.87	80
1168.29	78
1169.71	86
1171.12	80
1172.54	94
1173.95	102
1175.37	112
1176.78	120
1178.19	142
1179.61	156
1181.02	172
1182.43	198
1183.84	200
1185.26	196
1186.67	196
1188.08	198
1189.49	192
1190.9	170
1192.31	176
1193.72	182
1195.13	166
1196.54	176
1197.95	182
1199.36	182
1200.76	178
1202.17	160
1203.58	170
1204.99	150
1206.39	136
1207.8	124
1209.2	118
1210.61	96
1212.01	98
1213.42	100
1214.82	92
1216.23	84
1217.63	84
1219.03	76
1220.44	80
1221.84	80
1223.24	84
1224.64	84
1226.05	84
1227.45	96
1228.85	98
1230.25	94
1231.65	94
1233.05	88
1234.45	76
1235.85	68
1237.25	64
1238.64	66
1240.04	70
1241.44	72
1242.84	68
1244.23	62
1245.63	72
1247.03	74
1248.42	68
1249.82	72
1251.21	66
1252.61	68
1254	68
1255.4	76
1256.79	64
1258.19	68
1259.58	68
1260.97	72
1262.36	64
1263.76	64
1265.15	68
1266.54	74
1267.93	76
1269.32	72
1270.71	62
1272.1	64
1273.49	76
1274.88	78
1276.27	76
1277.66	74
1279.05	74
1280.43	76
1281.82	80
1283.21	74
1284.6	90
1285.98	90
1287.37	88
1288.75	100
1290.14	96
1291.53	110
1292.91	112
1294.29	120
1295.68	134
1297.06	156
1298.45	204
1299.83	216
1301.21	296
1302.59	336
1303.98	398
1305.36	386
1306.74	346
1308.12	300
1309.5	252
1310.88	208
1312.26	182
1313.64	156
1315.02	144
1316.4	144
1317.78	130
1319.16	112
1320.53	124
1321.91	118
1323.29	120
1324.67	118
1326.04	114
1327.42	118
1328.79	116
1330.17	108
1331.54	104
1332.92	102
1334.29	96
1335.67	100
1337.04	88
1338.42	88
1339.79	92
1341.16	92
1342.53	94
1343.91	90
1345.28	90
1346.65	94
1348.02	94
1349.39	100
1350.76	94
1352.13	88
1353.5	80
1354.87	92
1356.24	78
1357.61	78
1358.98	86
1360.34	92
1361.71	82
1363.08	86
1364.45	82
1365.81	84
1367.18	88
1368.54	104
1369.91	96
1371.28	102
1372.64	132
1374.01	156
1375.37	190
1376.73	206
1378.1	222
1379.46	224
1380.82	210
1382.19	188
1383.55	168
1384.91	160
1386.27	126
1387.63	110
1388.99	90
1390.35	94
1391.71	82
1393.07	76
1394.43	76
1395.79	74
1397.15	70
1398.51	66
1399.87	72
1401.23	70
1402.58	68
1403.94	70
1405.3	70
1406.65	70
1408.01	74
1409.37	74
1410.72	70
1412.08	66
1413.43	74
1414.79	72
1416.14	84
1417.49	78
1418.85	78
1420.2	86
1421.55	94
1422.91	90
1424.26	90
1425.61	100
1426.96	86
1428.31	90
1429.66	106
1431.01	98
1432.36	98
1433.71	106
1435.06	114
1436.41	116
1437.76	120
1439.11	122
1440.46	126
1441.81	122
1443.15	126
1444.5	126
1445.85	122
1447.19	124
1448.54	118
1449.89	122
1451.23	112
1452.58	116
1453.92	106
1455.27	106
1456.61	96
1457.95	88
1459.3	90
1460.64	96
1461.98	94
1463.33	86
1464.67	88
1466.01	86
1467.35	82
1468.69	74
1470.03	72
1471.37	80
1472.71	86
1474.05	74
1475.39	80
1476.73	80
1478.07	74
1479.41	86
1480.75	74
1482.09	64
1483.42	68
1484.76	68
1486.1	70
1487.43	70
1488.77	74
1490.11	68
1491.44	64
1492.78	62
1494.11	64
1495.45	62
1496.78	62
1498.12	64
1499.45	60
1500.78	68
1502.11	66
1503.45	64
1504.78	66
1506.11	66
1507.44	62
1508.77	68
1510.11	62
1511.44	66
1512.77	66
1514.1	64
1515.43	62
1516.76	64
1518.08	64
1519.41	56
1520.74	52
1522.07	64
1523.4	66
1524.72	58
1526.05	68
1527.38	60
1528.7	52
1530.03	58
1531.36	64
1532.68	56
1534.01	64
1535.33	54
1536.66	62
1537.98	70
1539.3	58
1540.63	62
1541.95	58
1543.27	60
1544.6	64
1545.92	64
1547.24	58
1548.56	64
1549.88	60
1551.2	64
1552.52	64
1553.84	62
1555.17	60
1556.48	62
1557.8	66
1559.12	60
1560.44	64
1561.76	62
1563.08	66
1564.4	70
1565.71	64
1567.03	62
1568.35	60
1569.66	74
1570.98	76
1572.29	76
1573.61	82
1574.93	76
1576.24	90
1577.55	102
1578.87	108
1580.18	124
1581.5	148
1582.81	140
1584.12	146
1585.43	134
1586.75	140
1588.06	150
1589.37	150
1590.68	152
1591.99	182
1593.3	184
1594.61	210
1595.92	232
1597.23	258
1598.54	290
1599.85	322
1601.16	344
1602.47	346
1603.78	322
1605.08	300
1606.39	258
1607.7	228
1609	220
1610.31	196
1611.62	172
1612.92	158
1614.23	142
1615.53	128
1616.84	116
1618.14	108
1619.45	94
1620.75	96
1622.06	84
1623.36	80
1624.66	80
1625.96	72
1627.27	70
1628.57	68
1629.87	66
1631.17	64
1632.47	64
1633.77	62
1635.07	56
1636.37	54
1637.67	54
1638.97	58
1640.27	52
1641.57	56
1642.87	56
1644.17	56
1645.47	52
1646.76	54
1648.06	58
1649.36	56
1650.66	50
1651.95	54
1653.25	48
1654.54	50
1655.84	54
1657.13	52
1658.43	50
1659.72	52
1661.02	46
1662.31	54
1663.6	46
1664.9	50
1666.19	46
1667.48	44
1668.78	44
1670.07	48
1671.36	48
1672.65	52
1673.94	48
1675.23	52
1676.52	42
1677.81	42
1679.1	46
1680.39	48
1681.68	52
1682.97	48
1684.26	52
1685.55	50
1686.83	52
1688.12	52
1689.41	42
1690.7	46
1691.98	44
1693.27	54
1694.55	48
1695.84	52
1697.13	50
1698.41	56
1699.69	48
1700.98	52
1702.26	46
