204.377	404
206.045	402
207.713	422
209.38	406
211.048	398
212.715	404
214.381	406
216.047	390
217.712	410
219.377	414
221.042	436
222.706	408
224.369	452
226.032	496
227.695	504
229.357	570
231.019	618
232.68	668
234.341	692
236.001	688
237.661	664
239.321	608
240.98	580
242.639	486
244.297	470
245.955	416
247.612	360
249.268	334
250.924	296
252.58	274
254.236	246
255.891	216
257.546	214
259.2	200
260.854	190
262.507	164
264.16	168
265.812	180
267.463	160
269.115	162
270.766	152
272.417	140
274.067	150
275.717	148
277.365	148
279.014	142
280.663	150
282.311	150
283.958	156
285.605	162
287.252	180
288.898	210
290.543	218
292.188	252
293.833	252
295.477	266
297.121	268
298.765	276
300.407	250
302.05	212
303.693	210
305.334	192
306.975	188
308.615	174
310.256	172
311.896	170
313.535	148
315.175	158
316.813	150
318.451	150
320.089	150
321.726	154
323.362	156
324.999	146
326.635	148
328.271	170
329.905	162
331.54	164
333.174	168
334.807	170
336.441	166
338.074	162
339.707	160
341.338	158
342.969	148
344.601	138
346.231	154
347.861	146
349.491	152
351.12	148
352.749	138
354.378	136
356.006	142
357.633	134
359.261	138
360.887	136
362.513	134
364.139	128
365.764	126
367.39	130
369.014	124
370.638	124
372.261	134
373.884	124
375.508	126
377.13	126
378.752	124
380.373	104
381.994	110
383.615	114
385.235	106
386.854	106
388.473	104
390.092	108
391.711	106
393.328	102
394.947	102
396.564	94
398.181	104
399.797	110
401.412	116
403.027	118
404.642	114
406.257	134
407.871	136
409.484	146
411.098	148
412.711	140
414.323	172
415.935	156
417.547	142
419.158	134
420.768	118
422.378	116
423.988	116
425.597	104
427.206	96
428.814	96
430.422	90
432.03	86
433.637	84
435.243	78
436.85	78
438.456	76
440.062	78
441.666	78
443.271	78
444.876	74
446.479	74
448.082	70
449.685	72
451.287	68
452.89	70
454.492	62
456.092	68
457.693	64
459.293	68
460.893	58
462.492	70
464.092	72
465.691	76
467.288	76
468.887	70
470.483	92
472.081	104
473.677	106
475.273	118
476.869	130
478.463	140
480.059	150
481.653	150
483.247	164
484.84	166
486.433	184
488.026	154
489.618	112
491.21	106
492.801	108
494.392	96
495.983	84
497.573	76
499.162	80
500.752	72
502.341	78
503.929	76
505.517	68
507.105	76
508.692	86
510.279	100
511.865	126
513.45	122
515.037	122
516.621	112
518.206	100
519.79	100
521.374	100
522.957	92
524.54	108
526.123	104
527.705	128
529.287	130
530.868	154
532.448	172
534.029	204
535.609	230
537.188	256
538.768	252
540.346	248
541.925	240
543.502	208
545.08	190
546.657	168
548.234	142
549.81	128
551.386	120
552.961	122
554.536	128
556.11	136
557.684	156
559.258	190
560.832	204
562.405	268
563.977	340
565.55	464
567.12	680
568.692	970
570.263	1124
571.833	1112
573.403	1016
574.973	744
576.542	510
578.111	362
579.679	274
581.247	204
582.815	188
584.382	168
585.948	176
587.514	170
589.081	174
590.645	154
592.211	142
593.775	144
595.339	142
596.904	138
598.466	124
600.03	114
601.592	106
603.154	94
604.715	84
606.277	80
607.838	78
609.398	86
610.958	82
612.518	86
614.077	90
615.636	96
617.194	118
618.753	172
620.31	216
621.867	224
623.424	168
624.98	126
626.537	112
628.092	102
629.647	102
631.202	102
632.756	102
634.31	106
635.864	96
637.417	102
638.969	102
640.521	92
642.074	90
643.625	92
645.176	70
646.726	76
648.276	68
649.827	66
651.376	70
652.925	56
654.473	58
656.021	62
657.569	56
659.117	56
660.664	52
662.21	56
663.757	56
665.302	58
666.847	46
668.392	54
669.937	52
671.481	46
673.025	50
674.568	50
676.111	50
677.653	50
679.195	46
680.737	46
682.279	54
683.82	52
685.36	50
686.9	48
688.44	46
689.979	48
691.517	54
693.056	46
694.594	50
696.132	54
697.669	54
699.206	54
700.742	46
702.278	58
703.814	50
705.35	52
706.884	56
708.419	58
709.953	66
711.487	70
713.019	68
714.552	70
716.085	80
717.617	64
719.148	70
720.68	74
722.21	70
723.741	68
725.271	62
726.8	68
728.33	76
729.858	62
731.387	64
732.915	72
734.443	74
735.97	80
737.497	82
739.023	82
740.549	86
742.075	80
743.6	94
745.125	108
746.65	116
748.173	114
749.697	122
751.22	102
752.743	128
754.266	108
755.788	122
757.309	106
758.831	94
760.351	106
761.871	96
763.392	92
764.912	82
766.431	88
767.95	82
769.468	86
770.986	84
772.504	82
774.022	86
775.538	86
777.055	90
778.571	92
780.086	100
781.602	98
783.117	92
784.632	92
786.146	108
787.659	112
789.173	106
790.685	114
792.198	112
793.71	106
795.222	106
796.733	106
798.244	104
799.755	98
801.265	84
802.775	86
804.284	80
805.793	80
807.302	74
808.81	78
810.318	70
811.826	70
813.333	66
814.84	70
816.346	78
817.851	72
819.357	76
820.862	70
822.367	68
823.871	74
825.376	82
826.878	100
828.382	136
829.885	166
831.387	266
832.889	306
834.391	316
835.892	226
837.392	162
838.893	116
840.393	98
841.893	90
843.392	88
844.891	90
846.389	82
847.888	76
849.386	78
850.882	74
852.38	74
853.876	76
855.372	80
856.868	74
858.363	76
859.858	66
861.353	70
862.847	76
864.341	68
865.834	66
867.328	58
868.82	62
870.313	62
871.805	68
873.296	58
874.787	54
876.278	64
877.769	60
879.258	60
880.748	64
882.237	58
883.726	52
885.214	56
886.702	62
888.19	62
889.677	52
891.164	58
892.651	56
894.137	56
895.623	58
897.108	54
898.593	64
900.077	52
901.562	64
903.046	66
904.529	64
906.012	64
907.495	64
908.977	62
910.459	62
911.941	64
913.422	54
914.903	56
916.383	60
917.863	60
919.343	54
920.822	54
922.301	54
923.779	50
925.257	52
926.735	54
928.213	58
929.69	62
931.166	58
932.643	56
934.119	60
935.594	56
937.069	64
938.543	54
940.018	62
941.492	60
942.966	76
944.439	68
945.911	76
947.384	82
948.856	88
950.328	88
951.799	116
953.27	126
954.741	146
956.21	168
957.68	194
959.15	204
960.619	214
962.088	200
963.556	178
965.023	170
966.491	152
967.958	152
969.425	126
970.891	120
972.357	104
973.824	96
975.288	98
976.754	84
978.218	80
979.682	86
981.146	90
982.609	90
984.072	84
985.534	100
986.997	106
988.459	124
989.92	148
991.382	182
992.842	180
994.302	178
995.763	222
997.222	306
998.681	496
1000.14	734
1001.6	846
1003.06	722
1004.52	490
1005.97	270
1007.43	154
1008.89	120
1010.34	100
1011.8	90
1013.25	78
1014.71	74
1016.16	80
1017.62	84
1019.07	84
1020.53	84
1021.98	90
1023.43	116
1024.89	140
1026.34	160
1027.79	210
1029.24	234
1030.69	254
1032.14	258
1033.59	232
1035.04	198
1036.49	168
1037.94	134
1039.39	118
1040.84	100
1042.29	98
1043.73	98
1045.18	84
1046.63	80
1048.08	74
1049.52	76
1050.97	80
1052.41	80
1053.86	80
1055.3	74
1056.75	72
1058.19	76
1059.64	70
1061.08	74
1062.52	66
1063.96	68
1065.41	68
1066.85	72
1068.29	72
1069.73	72
1071.17	74
1072.61	72
1074.05	76
1075.49	74
1076.93	72
1078.37	70
1079.81	74
1081.25	70
1082.68	72
1084.12	74
1085.56	72
1087	72
1088.43	72
1089.87	78
1091.3	68
1092.74	74
1094.17	68
1095.61	74
1097.04	66
1098.48	74
1099.91	78
1101.34	68
1102.78	74
1104.21	82
1105.64	92
1107.07	110
1108.5	132
1109.93	160
1111.36	198
1112.8	194
1114.22	160
1115.65	146
1117.08	108
1118.51	94
1119.94	84
1121.37	80
1122.8	76
1124.22	70
1125.65	72
1127.08	68
1128.5	66
1129.93	64
1131.35	62
1132.78	64
1134.2	62
1135.63	72
1137.05	64
1138.48	62
1139.9	76
1141.32	64
1142.75	78
1144.17	68
1145.59	64
1147.01	72
1148.43	80
1149.85	80
1151.27	90
1152.69	124
1154.11	128
1155.53	128
1156.95	128
1158.37	108
1159.79	100
1161.21	98
1162.62	86
1164.04	92
1165.46	86
1166.87	88
1168.29	86
1169.71	86
1171.12	84
1172.54	96
1173.95	94
1175.37	106
1176.78	128
1178.19	148
1179.61	166
1181.02	172
1182.43	186
1183.84	202
1185.26	216
1186.67	214
1188.08	200
1189.49	188
1190.9	178
1192.31	180
1193.72	174
1195.13	180
1196.54	170
1197.95	172
1199.36	174
1200.76	160
1202.17	182
1203.58	172
1204.99	164
1206.39	150
1207.8	142
1209.2	112
1210.61	116
1212.01	104
1213.42	94
1214.82	96
1216.23	84
1217.63	84
1219.03	78
1220.44	78
1221.84	84
1223.24	84
1224.64	90
1226.05	88
1227.45	84
1228.85	96
1230.25	98
1231.65	90
1233.05	98
1234.45	86
1235.85	80
1237.25	70
1238.64	82
1240.04	74
1241.44	74
1242.84	64
1244.23	66
1245.63	66
1247.03	74
1248.42	72
1249.82	68
1251.21	74
1252.61	68
1254	66
1255.4	72
1256.79	64
1258.19	72
1259.58	70
1260.97	70
1262.36	70
1263.76	84
1265.15	74
1266.54	80
1267.93	76
1269.32	76
1270.71	68
1272.1	84
1273.49	70
1274.88	76
1276.27	70
1277.66	76
1279.05	82
1280.43	86
1281.82	90
1283.21	86
1284.6	92
1285.98	94
1287.37	100
1288.75	102
1290.14	104
1291.53	106
1292.91	118
1294.29	124
1295.68	140
1297.06	156
1298.45	194
1299.83	228
1301.21	274
1302.59	328
1303.98	374
1305.36	398
1306.74	372
1308.12	334
1309.5	264
1310.88	226
1312.26	184
1313.64	168
1315.02	152
1316.4	136
1317.78	124
1319.16	138
1320.53	132
1321.91	132
1323.29	136
1324.67	118
1326.04	116
1327.42	128
1328.79	124
1330.17	116
1331.54	116
1332.92	112
1334.29	106
1335.67	100
1337.04	100
1338.42	102
1339.79	98
1341.16	84
1342.53	100
1343.91	100
1345.28	98
1346.65	94
1348.02	98
1349.39	84
1350.76	102
1352.13	98
1353.5	96
1354.87	106
1356.24	94
1357.61	94
1358.98	100
1360.34	86
1361.71	84
1363.08	98
1364.45	90
1365.81	90
1367.18	94
1368.54	96
1369.91	104
1371.28	116
1372.64	130
1374.01	144
1375.37	188
1376.73	206
1378.1	222
1379.46	224
1380.82	226
1382.19	220
1383.55	188
1384.91	164
1386.27	140
1387.63	132
1388.99	102
1390.35	92
1391.71	94
1393.07	84
1394.43	78
1395.79	72
1397.15	76
1398.51	76
1399.87	80
1401.23	72
1402.58	76
1403.94	70
1405.3	70
1406.65	72
1408.01	72
1409.37	84
1410.72	72
1412.08	76
1413.43	82
1414.79	80
1416.14	90
1417.49	82
1418.85	90
1420.2	94
1421.55	90
1422.91	92
1424.26	98
1425.61	98
1426.96	100
1428.31	102
1429.66	98
1431.01	110
1432.36	108
1433.71	116
1435.06	110
1436.41	106
1437.76	118
1439.11	122
1440.46	126
1441.81	142
1443.15	138
1444.5	130
1445.85	120
1447.19	122
1448.54	128
1449.89	126
1451.23	126
1452.58	126
1453.92	116
1455.27	116
1456.61	108
1457.95	98
1459.3	98
1460.64	92
1461.98	94
1463.33	88
1464.67	86
1466.01	92
1467.35	84
1468.69	84
1470.03	88
1471.37	82
1472.71	88
1474.05	90
1475.39	76
1476.73	82
1478.07	76
1479.41	82
1480.75	84
1482.09	80
1483.42	76
1484.76	72
1486.1	76
1487.43	74
1488.77	70
1490.11	70
1491.44	64
1492.78	72
1494.11	68
1495.45	62
1496.78	76
1498.12	70
1499.45	68
1500.78	68
1502.11	66
1503.45	74
1504.78	62
1506.11	68
1507.44	74
1508.77	66
1510.11	68
1511.44	72
1512.77	66
1514.1	62
1515.43	66
1516.76	60
1518.08	68
1519.41	64
1520.74	62
1522.07	60
1523.4	60
1524.72	64
1526.05	66
1527.38	68
1528.7	64
1530.03	64
1531.36	66
1532.68	68
1534.01	70
1535.33	66
1536.66	70
1537.98	62
1539.3	62
1540.63	68
1541.95	62
1543.27	60
1544.6	62
1545.92	68
1547.24	58
1548.56	70
1549.88	72
1551.2	70
1552.52	60
1553.84	66
1555.17	58
1556.48	72
1557.8	66
1559.12	76
1560.44	70
1561.76	78
1563.08	76
1564.4	66
1565.71	66
1567.03	80
1568.35	68
1569.66	70
1570.98	78
1572.29	78
1573.61	86
1574.93	86
1576.24	94
1577.55	102
1578.87	114
1580.18	136
1581.5	144
1582.81	170
1584.12	154
1585.43	150
1586.75	152
1588.06	136
1589.37	158
1590.68	162
1591.99	172
1593.3	192
1594.61	218
1595.92	228
1597.23	276
1598.54	288
1599.85	328
1601.16	338
1602.47	360
1603.78	352
1605.08	322
1606.39	290
1607.7	252
1609	226
1610.31	204
1611.62	182
1612.92	170
1614.23	146
1615.53	136
1616.84	116
1618.14	120
1619.45	104
1620.75	106
1622.06	88
1623.36	88
1624.66	88
1625.96	74
1627.27	78
1628.57	72
1629.87	66
1631.17	62
1632.47	68
1633.77	62
1635.07	64
1636.37	56
1637.67	72
1638.97	58
1640.27	64
1641.57	56
1642.87	62
1644.17	60
1645.47	58
1646.76	62
1648.06	64
1649.36	56
1650.66	58
1651.95	60
1653.25	52
1654.54	54
1655.84	52
1657.13	56
1658.43	50
1659.72	54
1661.02	52
1662.31	54
1663.6	52
1664.9	56
1666.19	48
1667.48	48
1668.78	46
1670.07	52
1671.36	52
1672.65	52
1673.94	56
1675.23	44
1676.52	52
1677.81	50
1679.1	50
1680.39	50
1681.68	48
1682.97	52
1684.26	52
1685.55	46
1686.83	50
1688.12	56
1689.41	52
1690.7	48
1691.98	56
1693.27	54
1694.55	50
1695.84	52
1697.13	46
1698.41	48
1699.69	50
1700.98	48
1702.26	48
