204.377	300
206.045	306
207.713	298
209.38	280
211.048	298
212.715	292
214.381	280
216.047	288
217.712	288
219.377	312
221.042	296
222.706	318
224.369	330
226.032	350
227.695	366
229.357	412
231.019	446
232.68	494
234.341	496
236.001	484
237.661	452
239.321	422
240.98	414
242.639	378
244.297	318
245.955	286
247.612	282
249.268	248
250.924	216
252.58	202
254.236	192
255.891	164
257.546	154
259.2	152
260.854	144
262.507	144
264.16	138
265.812	120
267.463	130
269.115	122
270.766	128
272.417	114
274.067	112
275.717	122
277.365	122
279.014	114
280.663	112
282.311	120
283.958	120
285.605	128
287.252	154
288.898	166
290.543	174
292.188	182
293.833	190
295.477	206
297.121	204
298.765	196
300.407	168
302.05	176
303.693	156
305.334	146
306.975	144
308.615	128
310.256	140
311.896	128
313.535	130
315.175	126
316.813	128
318.451	118
320.089	110
321.726	120
323.362	124
324.999	124
326.635	130
328.271	140
329.905	132
331.54	140
333.174	128
334.807	138
336.441	134
338.074	118
339.707	116
341.338	114
342.969	122
344.601	116
346.231	128
347.861	112
349.491	112
351.12	114
352.749	122
354.378	110
356.006	116
357.633	114
359.261	106
360.887	106
362.513	108
364.139	104
365.764	94
367.39	102
369.014	104
370.638	114
372.261	104
373.884	104
375.508	104
377.13	102
378.752	86
380.373	96
381.994	88
383.615	92
385.235	90
386.854	86
388.473	86
390.092	88
391.711	88
393.328	86
394.947	86
396.564	88
398.181	84
399.797	94
401.412	98
403.027	94
404.642	98
406.257	112
407.871	102
409.484	116
411.098	124
412.711	120
414.323	122
415.935	116
417.547	112
419.158	102
420.768	104
422.378	100
423.988	90
425.597	84
427.206	76
428.814	74
430.422	82
432.03	74
433.637	76
435.243	70
436.85	68
438.456	62
440.062	64
441.666	72
443.271	56
444.876	58
446.479	70
448.082	66
449.685	58
451.287	68
452.89	66
454.492	56
456.092	56
457.693	74
459.293	60
460.893	58
462.492	64
464.092	66
465.691	64
467.288	66
468.887	72
470.483	78
472.081	82
473.677	92
475.273	98
476.869	110
478.463	106
480.059	122
481.653	114
483.247	124
484.84	138
486.433	146
488.026	126
489.618	94
491.21	92
492.801	82
494.392	84
495.983	68
497.573	70
499.162	64
500.752	64
502.341	64
503.929	76
505.517	66
507.105	74
508.692	80
510.279	82
511.865	90
513.45	110
515.037	106
516.621	94
518.206	94
519.79	86
521.374	80
522.957	76
524.54	80
526.123	94
527.705	92
529.287	114
530.868	120
532.448	152
534.029	164
535.609	172
537.188	192
538.768	200
540.346	186
541.925	200
543.502	176
545.08	144
546.657	142
548.234	114
549.81	102
551.386	98
552.961	104
554.536	104
556.11	108
557.684	124
559.258	136
560.832	164
562.405	190
563.977	274
565.55	384
567.12	518
568.692	710
570.263	830
571.833	844
573.403	730
574.973	562
576.542	412
578.111	292
579.679	218
581.247	156
582.815	158
584.382	154
585.948	144
587.514	140
589.081	148
590.645	132
592.211	124
593.775	128
595.339	130
596.904	110
598.466	106
600.03	90
601.592	84
603.154	74
604.715	78
606.277	72
607.838	72
609.398	70
610.958	68
612.518	68
614.077	72
615.636	74
617.194	106
618.753	136
620.31	188
621.867	170
623.424	128
624.98	104
626.537	88
628.092	88
629.647	84
631.202	76
632.756	90
634.31	88
635.864	88
637.417	84
638.969	80
640.521	84
642.074	68
643.625	74
645.176	66
646.726	56
648.276	60
649.827	62
651.376	66
652.925	64
654.473	60
656.021	60
657.569	58
659.117	50
660.664	50
662.21	50
663.757	48
665.302	50
666.847	54
668.392	58
669.937	48
671.481	48
673.025	48
674.568	48
676.111	48
677.653	48
679.195	46
680.737	42
682.279	42
683.82	46
685.36	50
686.9	50
688.44	40
689.979	42
691.517	52
693.056	50
694.594	50
696.132	48
697.669	50
699.206	46
700.742	50
702.278	52
703.814	50
705.35	58
706.884	54
708.419	58
709.953	60
711.487	54
713.019	66
714.552	68
716.085	62
717.617	66
719.148	66
720.68	62
722.21	60
723.741	70
725.271	62
726.8	64
728.33	56
729.858	72
731.387	62
732.915	66
734.443	66
735.97	68
737.497	66
739.023	84
740.549	82
742.075	72
743.6	92
745.125	98
746.65	96
748.173	106
749.697	94
751.22	94
752.743	96
754.266	96
755.788	98
757.309	84
758.831	102
760.351	90
761.871	90
763.392	74
764.912	78
766.431	74
767.95	74
769.468	82
770.986	82
772.504	80
774.022	70
775.538	68
777.055	74
778.571	82
780.086	84
781.602	90
783.117	76
784.632	78
786.146	84
787.659	84
789.173	86
790.685	98
792.198	94
793.71	88
795.222	100
796.733	92
798.244	84
799.755	84
801.265	78
802.775	68
804.284	74
805.793	74
807.302	72
808.81	66
810.318	66
811.826	70
813.333	60
814.84	60
816.346	60
817.851	58
819.357	56
820.862	62
822.367	70
823.871	70
825.376	82
826.878	88
828.382	108
829.885	134
831.387	214
832.889	256
834.391	242
835.892	180
837.392	134
838.893	110
840.393	92
841.893	84
843.392	72
844.891	72
846.389	76
847.888	72
849.386	74
850.882	66
852.38	68
853.876	72
855.372	66
856.868	74
858.363	68
859.858	66
861.353	60
862.847	68
864.341	62
865.834	60
867.328	58
868.82	54
870.313	56
871.805	58
873.296	62
874.787	54
876.278	56
877.769	64
879.258	54
880.748	52
882.237	54
883.726	54
885.214	54
886.702	56
888.19	56
889.677	58
891.164	62
892.651	52
894.137	58
895.623	56
897.108	60
898.593	60
900.077	60
901.562	56
903.046	64
904.529	62
906.012	64
907.495	62
908.977	62
910.459	56
911.941	64
913.422	54
914.903	48
916.383	50
917.863	58
919.343	54
920.822	54
922.301	56
923.779	58
925.257	52
926.735	60
928.213	48
929.69	56
931.166	52
932.643	62
934.119	58
935.594	58
937.069	54
938.543	54
940.018	60
941.492	62
942.966	62
944.439	68
945.911	68
947.384	72
948.856	82
950.328	90
951.799	96
953.27	120
954.741	128
956.21	146
957.68	156
959.15	176
960.619	184
962.088	178
963.556	162
965.023	146
966.491	132
967.958	134
969.425	114
970.891	104
972.357	86
973.824	86
975.288	80
976.754	74
978.218	76
979.682	74
981.146	74
982.609	82
984.072	78
985.534	84
986.997	92
988.459	112
989.92	142
991.382	152
992.842	144
994.302	156
995.763	160
997.222	254
998.681	386
1000.14	592
1001.6	676
1003.06	578
1004.52	396
1005.97	232
1007.43	144
1008.89	102
1010.34	92
1011.8	72
1013.25	78
1014.71	72
1016.16	66
1017.62	78
1019.07	68
1020.53	86
1021.98	90
1023.43	96
1024.89	118
1026.34	144
1027.79	156
1029.24	176
1030.69	208
1032.14	214
1033.59	190
1035.04	160
1036.49	142
1037.94	128
1039.39	96
1040.84	98
1042.29	84
1043.73	80
1045.18	84
1046.63	74
1048.08	76
1049.52	80
1050.97	62
1052.41	64
1053.86	72
1055.3	60
1056.75	68
1058.19	70
1059.64	62
1061.08	62
1062.52	72
1063.96	74
1065.41	68
1066.85	76
1068.29	68
1069.73	72
1071.17	68
1072.61	62
1074.05	70
1075.49	64
1076.93	62
1078.37	62
1079.81	66
1081.25	68
1082.68	62
1084.12	68
1085.56	70
1087	68
1088.43	60
1089.87	72
1091.3	62
1092.74	68
1094.17	66
1095.61	72
1097.04	72
1098.48	64
1099.91	74
1101.34	66
1102.78	64
1104.21	76
1105.64	84
1107.07	96
1108.5	138
1109.93	148
1111.36	162
1112.8	164
1114.22	140
1115.65	122
1117.08	102
1118.51	100
1119.94	88
1121.37	78
1122.8	66
1124.22	70
1125.65	64
1127.08	60
1128.5	66
1129.93	56
1131.35	60
1132.78	60
1134.2	64
1135.63	62
1137.05	66
1138.48	58
1139.9	62
1141.32	66
1142.75	72
1144.17	64
1145.59	72
1147.01	66
1148.43	66
1149.85	80
1151.27	84
1152.69	102
1154.11	112
1155.53	114
1156.95	110
1158.37	96
1159.79	96
1161.21	86
1162.62	82
1164.04	74
1165.46	78
1166.87	76
1168.29	82
1169.71	80
1171.12	80
1172.54	90
1173.95	92
1175.37	84
1176.78	112
1178.19	130
1179.61	154
1181.02	144
1182.43	168
1183.84	180
1185.26	182
1186.67	176
1188.08	160
1189.49	158
1190.9	164
1192.31	158
1193.72	162
1195.13	148
1196.54	164
1197.95	142
1199.36	156
1200.76	162
1202.17	154
1203.58	144
1204.99	142
1206.39	132
1207.8	116
1209.2	116
1210.61	106
1212.01	92
1213.42	94
1214.82	80
1216.23	92
1217.63	86
1219.03	82
1220.44	80
1221.84	80
1223.24	80
1224.64	82
1226.05	92
1227.45	86
1228.85	90
1230.25	86
1231.65	90
1233.05	86
1234.45	82
1235.85	80
1237.25	74
1238.64	72
1240.04	68
1241.44	70
1242.84	68
1244.23	72
1245.63	66
1247.03	76
1248.42	66
1249.82	70
1251.21	66
1252.61	62
1254	70
1255.4	64
1256.79	62
1258.19	70
1259.58	70
1260.97	62
1262.36	76
1263.76	74
1265.15	74
1266.54	70
1267.93	70
1269.32	76
1270.71	76
1272.1	62
1273.49	74
1274.88	80
1276.27	82
1277.66	74
1279.05	80
1280.43	78
1281.82	84
1283.21	88
1284.6	94
1285.98	92
1287.37	96
1288.75	100
1290.14	92
1291.53	102
1292.91	104
1294.29	116
1295.68	130
1297.06	136
1298.45	172
1299.83	188
1301.21	238
1302.59	296
1303.98	328
1305.36	338
1306.74	296
1308.12	268
1309.5	244
1310.88	188
1312.26	150
1313.64	150
1315.02	136
1316.4	132
1317.78	116
1319.16	122
1320.53	120
1321.91	114
1323.29	114
1324.67	110
1326.04	116
1327.42	112
1328.79	122
1330.17	106
1331.54	102
1332.92	106
1334.29	102
1335.67	102
1337.04	88
1338.42	92
1339.79	86
1341.16	92
1342.53	98
1343.91	92
1345.28	90
1346.65	94
1348.02	94
1349.39	98
1350.76	94
1352.13	96
1353.5	88
1354.87	98
1356.24	94
1357.61	100
1358.98	82
1360.34	90
1361.71	92
1363.08	90
1364.45	88
1365.81	96
1367.18	98
1368.54	98
1369.91	104
1371.28	106
1372.64	122
1374.01	134
1375.37	164
1376.73	188
1378.1	204
1379.46	216
1380.82	212
1382.19	190
1383.55	166
1384.91	162
1386.27	122
1387.63	108
1388.99	108
1390.35	86
1391.71	96
1393.07	80
1394.43	80
1395.79	72
1397.15	82
1398.51	76
1399.87	68
1401.23	86
1402.58	74
1403.94	80
1405.3	72
1406.65	76
1408.01	80
1409.37	80
1410.72	86
1412.08	80
1413.43	76
1414.79	84
1416.14	78
1417.49	80
1418.85	84
1420.2	96
1421.55	90
1422.91	90
1424.26	106
1425.61	96
1426.96	96
1428.31	98
1429.66	100
1431.01	96
1432.36	98
1433.71	100
1435.06	104
1436.41	116
1437.76	112
1439.11	118
1440.46	118
1441.81	118
1443.15	120
1444.5	124
1445.85	108
1447.19	120
1448.54	118
1449.89	110
1451.23	116
1452.58	112
1453.92	120
1455.27	92
1456.61	106
1457.95	96
1459.3	94
1460.64	102
1461.98	88
1463.33	82
1464.67	80
1466.01	94
1467.35	80
1468.69	78
1470.03	78
1471.37	82
1472.71	74
1474.05	86
1475.39	84
1476.73	82
1478.07	88
1479.41	86
1480.75	78
1482.09	76
1483.42	70
1484.76	78
1486.1	78
1487.43	70
1488.77	68
1490.11	76
1491.44	72
1492.78	66
1494.11	80
1495.45	74
1496.78	64
1498.12	68
1499.45	66
1500.78	74
1502.11	74
1503.45	64
1504.78	76
1506.11	68
1507.44	60
1508.77	68
1510.11	70
1511.44	68
1512.77	66
1514.1	64
1515.43	68
1516.76	64
1518.08	64
1519.41	70
1520.74	56
1522.07	64
1523.4	68
1524.72	62
1526.05	60
1527.38	66
1528.7	60
1530.03	66
1531.36	64
1532.68	72
1534.01	70
1535.33	68
1536.66	62
1537.98	68
1539.3	66
1540.63	66
1541.95	68
1543.27	66
1544.6	68
1545.92	66
1547.24	72
1548.56	64
1549.88	72
1551.2	64
1552.52	74
1553.84	68
1555.17	64
1556.48	72
1557.8	66
1559.12	66
1560.44	64
1561.76	68
1563.08	74
1564.4	72
1565.71	80
1567.03	74
1568.35	68
1569.66	76
1570.98	76
1572.29	82
1573.61	82
1574.93	86
1576.24	94
1577.55	98
1578.87	92
1580.18	116
1581.5	132
1582.81	138
1584.12	152
1585.43	128
1586.75	134
1588.06	132
1589.37	144
1590.68	146
1591.99	164
1593.3	170
1594.61	196
1595.92	206
1597.23	228
1598.54	262
1599.85	284
1601.16	292
1602.47	308
1603.78	292
1605.08	284
1606.39	244
1607.7	232
1609	206
1610.31	176
1611.62	170
1612.92	148
1614.23	148
1615.53	116
1616.84	110
1618.14	106
1619.45	98
1620.75	88
1622.06	88
1623.36	86
1624.66	76
1625.96	72
1627.27	74
1628.57	72
1629.87	64
1631.17	72
1632.47	66
1633.77	66
1635.07	60
1636.37	58
1637.67	58
1638.97	64
1640.27	68
1641.57	56
1642.87	60
1644.17	52
1645.47	64
1646.76	64
1648.06	62
1649.36	58
1650.66	62
1651.95	60
1653.25	60
1654.54	58
1655.84	62
1657.13	58
1658.43	62
1659.72	48
1661.02	56
1662.31	54
1663.6	56
1664.9	56
1666.19	58
1667.48	56
1668.78	50
1670.07	52
1671.36	54
1672.65	52
1673.94	54
1675.23	56
1676.52	50
1677.81	52
1679.1	54
1680.39	54
1681.68	52
1682.97	52
1684.26	54
1685.55	56
1686.83	52
1688.12	52
1689.41	54
1690.7	52
1691.98	52
1693.27	56
1694.55	52
1695.84	44
1697.13	56
1698.41	52
1699.69	50
1700.98	54
1702.26	56
